[1.0, 0.5271094348722112, 0.4728905651277888]
[1.0, 0.5944687413719135, 0.4055312586280865]
[1.0, 0.5639817902360882, 0.43601820976391187]
[1.0, 0.662978932148202, 0.3370210678517979]
[1.0, 0.6104237719641579, 0.3895762280358422]
[1.0, 0.617348549615318, 0.38265145038468196]
[1.0, 0.5032320173930098, 0.49676798260699023]
[1.0, 0.5804199593225403, 0.4195800406774597]
[1.0, 0.579195908460933, 0.4208040915390669]
[1.0, 0.561654944281287, 0.4383450557187129]
[1.0, 0.5590386978609854, 0.44096130213901463]
[1.0, 0.5688665930039736, 0.4311334069960265]
[1.0, 0.48283293310978026, 0.5171670668902197]
[1.0, 0.48491773495129686, 0.5150822650487031]
[1.0, 0.49986598902258705, 0.500134010977413]
[1.0, 0.5388780619222124, 0.46112193807778756]
[1.0, 0.48944865085571054, 0.5105513491442895]
[1.0, 0.5175540024852678, 0.4824459975147321]
[1.0, 0.5046925297483185, 0.49530747025168154]
[1.0, 0.6288358046033369, 0.3711641953966631]
[1.0, 0.592925082952748, 0.40707491704725196]
[0.0, 0.7543543943984754, 0.24564560560152457]
[0.0, 0.8281959038426135, 0.17180409615738648]
[1.0, 0.6905759851531585, 0.30942401484684146]
[1.0, 0.5049444050213235, 0.49505559497867646]
[1.0, 0.32772237287307426, 0.6722776271269257]
[1.0, 0.25141748083714, 0.74858251916286]
[1.0, 0.17584550893482653, 0.8241544910651735]
[1.0, 0.14583198669043174, 0.8541680133095683]
[1.0, 0.11404325051563069, 0.8859567494843693]
[1.0, 0.1292892152555719, 0.8707107847444281]
[1.0, 0.12379971385211719, 0.8762002861478828]
[1.0, 0.13575739331628367, 0.8642426066837163]
[1.0, 0.221045317355551, 0.778954682644449]
[1.0, 0.2472202347505691, 0.7527797652494309]
[1.0, 0.255747043269257, 0.744252956730743]
[1.0, 0.2241428272455842, 0.7758571727544158]
[1.0, 0.2969152717038325, 0.7030847282961675]
[1.0, 0.2699161129951241, 0.7300838870048759]
[1.0, 0.2761813920878248, 0.7238186079121752]
[1.0, 0.25577496805199385, 0.7442250319480062]
[1.0, 0.28855157858134817, 0.7114484214186518]
[1.0, 0.25267418488994575, 0.7473258151100542]
[1.0, 0.3132827303087864, 0.6867172696912136]
[1.0, 0.27650121498531643, 0.7234987850146836]
[1.0, 0.2942484365195738, 0.7057515634804262]
[1.0, 0.28417988324985677, 0.7158201167501432]
[1.0, 0.2709397839475737, 0.7290602160524263]
[1.0, 0.38127232937294075, 0.6187276706270592]
[1.0, 0.4205529175018883, 0.5794470824981117]
[1.0, 0.35797691131030296, 0.642023088689697]
[1.0, 0.34465622680096386, 0.6553437731990361]
[1.0, 0.3306940680778224, 0.6693059319221776]
[1.0, 0.33748862314590566, 0.6625113768540943]
[1.0, 0.39665159307339515, 0.6033484069266049]
[1.0, 0.36259870230646396, 0.637401297693536]
[1.0, 0.3896749905202359, 0.6103250094797641]
[1.0, 0.3355973990762896, 0.6644026009237104]
[1.0, 0.37308294335507863, 0.6269170566449214]
[1.0, 0.36844603932555975, 0.6315539606744403]
[1.0, 0.38056905218737014, 0.6194309478126299]
[1.0, 0.3831310762951772, 0.6168689237048228]
[1.0, 0.38171889143892934, 0.6182811085610707]
[1.0, 0.39532985509946994, 0.6046701449005301]
[1.0, 0.3772379394939278, 0.6227620605060722]
[1.0, 0.40057202288377625, 0.5994279771162238]
[1.0, 0.4940657095518244, 0.5059342904481756]
[1.0, 0.5560973077469609, 0.4439026922530392]
[1.0, 0.594096850474644, 0.405903149525356]
[1.0, 0.5289891569780618, 0.47101084302193824]
[1.0, 0.5983888981618195, 0.40161110183818044]
[1.0, 0.5570758702606191, 0.4429241297393809]
[1.0, 0.5293017556516858, 0.4706982443483142]
[1.0, 0.6024673276525047, 0.39753267234749534]
[1.0, 0.6305175715987152, 0.36948242840128476]
[1.0, 0.599785995485336, 0.4002140045146641]
[1.0, 0.5392776111879465, 0.46072238881205346]
[1.0, 0.6207003876844797, 0.3792996123155203]
[1.0, 0.6389720272077697, 0.3610279727922303]
[1.0, 0.5785731612600591, 0.42142683873994086]
[1.0, 0.5633616591216276, 0.4366383408783724]
[1.0, 0.5474500987562023, 0.4525499012437977]
[1.0, 0.5955283748722275, 0.4044716251277724]
[1.0, 0.6427608439262524, 0.3572391560737475]
[1.0, 0.6155573839844436, 0.3844426160155564]
[1.0, 0.6283495045065235, 0.3716504954934765]
[1.0, 0.618581805802971, 0.38141819419702905]
[1.0, 0.6480019170954803, 0.35199808290451967]
[1.0, 0.6615319219974445, 0.3384680780025556]
[1.0, 0.6923768046397542, 0.30762319536024585]
[1.0, 0.6407994142996971, 0.35920058570030283]
[1.0, 0.6332452786872671, 0.3667547213127329]
[1.0, 0.641427032481624, 0.3585729675183759]
[1.0, 0.6516952170500039, 0.34830478294999606]
[1.0, 0.6457008788216594, 0.35429912117834056]
[1.0, 0.6671589503583177, 0.3328410496416822]
[1.0, 0.6161957468042409, 0.3838042531957591]
[1.0, 0.610135930768265, 0.389864069231735]
[1.0, 0.5586711965325921, 0.4413288034674079]
[1.0, 0.6840401938683709, 0.31595980613162916]
[1.0, 0.6290755873730118, 0.3709244126269881]
[1.0, 0.6485117280099775, 0.35148827199002247]
[1.0, 0.6205999772041153, 0.37940002279588475]
[1.0, 0.6105619232616182, 0.3894380767383819]
[1.0, 0.6096783879987526, 0.39032161200124743]
[1.0, 0.6054405664943019, 0.39455943350569805]
[1.0, 0.6520980765744688, 0.3479019234255311]
[1.0, 0.5737115335504387, 0.4262884664495613]
[1.0, 0.5649778441031801, 0.43502215589681986]
[1.0, 0.6160923039394754, 0.38390769606052455]
[1.0, 0.5780617163304482, 0.4219382836695517]
[1.0, 0.5667314704636426, 0.43326852953635736]
[1.0, 0.5974795283663874, 0.4025204716336126]
[1.0, 0.589501365871421, 0.41049863412857907]
[1.0, 0.5969922929443171, 0.4030077070556829]
[1.0, 0.6163971207105229, 0.3836028792894771]
[1.0, 0.6928639365483595, 0.3071360634516405]
[1.0, 0.6297080936401007, 0.37029190635989934]
[1.0, 0.5638852087291494, 0.4361147912708506]
[1.0, 0.6592026453304444, 0.34079735466955563]
[1.0, 0.6363842654478348, 0.3636157345521652]
[1.0, 0.6477843698090601, 0.35221563019093993]
[1.0, 0.6635726779542322, 0.33642732204576775]
[1.0, 0.6048636207493483, 0.39513637925065176]
[1.0, 0.6006851814070949, 0.3993148185929051]
[1.0, 0.5942123912162243, 0.4057876087837757]
[1.0, 0.6318798756241085, 0.3681201243758915]
[1.0, 0.6041205065692266, 0.3958794934307734]
[1.0, 0.5806213561860813, 0.4193786438139187]
[1.0, 0.5963279038979665, 0.40367209610203353]
[1.0, 0.5898463255642239, 0.41015367443577616]
[1.0, 0.6320837270126622, 0.3679162729873377]
[1.0, 0.6712540701716863, 0.32874592982831374]
[1.0, 0.6378793687201187, 0.36212063127988126]
[1.0, 0.6887802322233814, 0.3112197677766186]
[1.0, 0.6591165545618457, 0.3408834454381543]
[1.0, 0.5568306047015226, 0.4431693952984775]
[0.0, 0.7492819779529198, 0.25071802204708016]
[0.0, 0.7006164427855555, 0.2993835572144446]
[1.0, 0.6858481754685478, 0.3141518245314522]
[1.0, 0.6871891313710292, 0.31281086862897073]
[1.0, 0.6683531103777589, 0.3316468896222411]
[0.0, 0.738689822461555, 0.26131017753844504]
[1.0, 0.6321286328266388, 0.3678713671733612]
[0.0, 0.7268059875142114, 0.27319401248578856]
[1.0, 0.612845120413078, 0.387154879586922]
[1.0, 0.6537055825798552, 0.34629441742014483]
[1.0, 0.6617265522064864, 0.33827344779351365]
[1.0, 0.5983124880925004, 0.4016875119074997]
[1.0, 0.5558780822383717, 0.44412191776162835]
[1.0, 0.573022926888064, 0.42697707311193595]
[1.0, 0.5739166834577702, 0.4260833165422297]
[1.0, 0.6430222152590648, 0.3569777847409353]
[1.0, 0.534644774667086, 0.46535522533291396]
[1.0, 0.5806182162016431, 0.4193817837983569]
[1.0, 0.6097594482889969, 0.39024055171100314]
[1.0, 0.5668423812101475, 0.43315761878985254]
[1.0, 0.5708549628771682, 0.4291450371228318]
[1.0, 0.585597243547243, 0.414402756452757]
[1.0, 0.5302658262399924, 0.46973417376000765]
[1.0, 0.5094121617889178, 0.4905878382110822]
[1.0, 0.43191185035190327, 0.5680881496480967]
[1.0, 0.557421434159999, 0.442578565840001]
[1.0, 0.49539638697812016, 0.5046036130218798]
[1.0, 0.4658152007085111, 0.5341847992914889]
[1.0, 0.5603125317764, 0.4396874682236001]
[1.0, 0.5197580659270007, 0.48024193407299925]
[1.0, 0.5451626354094296, 0.45483736459057045]
[1.0, 0.5563055974569873, 0.44369440254301273]
[1.0, 0.6123045795957068, 0.38769542040429317]
[1.0, 0.5736061736256876, 0.42639382637431245]
[1.0, 0.5980768131000375, 0.40192318689996254]
[1.0, 0.5677850630485707, 0.4322149369514293]
[1.0, 0.6409883427207452, 0.3590116572792548]
[1.0, 0.5731187098693012, 0.42688129013069875]
[1.0, 0.5664807356479664, 0.43351926435203364]
[1.0, 0.5452622875936016, 0.4547377124063984]
[1.0, 0.6030029952627871, 0.39699700473721283]
[1.0, 0.6010791995215564, 0.3989208004784436]
[1.0, 0.6416164946558132, 0.35838350534418684]
[1.0, 0.5417492723952644, 0.4582507276047357]
[1.0, 0.6545705310007828, 0.3454294689992172]
[1.0, 0.6169515053479349, 0.3830484946520651]
[1.0, 0.6092195313830173, 0.3907804686169826]
[1.0, 0.5691642154206122, 0.4308357845793878]
[0.0, 0.7594383824127631, 0.2405616175872369]
[0.0, 0.8074480609899669, 0.19255193901003312]
[1.0, 0.6804242658708612, 0.3195757341291387]
[1.0, 0.5034159457521963, 0.49658405424780366]
[1.0, 0.2657113133463672, 0.7342886866536328]
[1.0, 0.2730700545691458, 0.7269299454308542]
[1.0, 0.3126778681121474, 0.6873221318878526]
[1.0, 0.28748141476180067, 0.7125185852381993]
[1.0, 0.3262491062058336, 0.6737508937941664]
[1.0, 0.3306424165630615, 0.6693575834369385]
[1.0, 0.34873165537146433, 0.6512683446285357]
[1.0, 0.3474163762045608, 0.6525836237954392]
[1.0, 0.29684777420219177, 0.7031522257978082]
[1.0, 0.40301395596141165, 0.5969860440385883]
[1.0, 0.3580205821353738, 0.6419794178646262]
[1.0, 0.3788760016787408, 0.6211239983212592]
[1.0, 0.34875056592627685, 0.6512494340737232]
[1.0, 0.49385372211482104, 0.506146277885179]
[1.0, 0.509504339741147, 0.4904956602588531]
[1.0, 0.538482929342851, 0.46151707065714903]
[1.0, 0.5345744433514946, 0.4654255566485054]
[1.0, 0.5205166474776914, 0.4794833525223086]
[1.0, 0.5613596519912044, 0.4386403480087956]
[1.0, 0.5627860340118265, 0.4372139659881736]
[1.0, 0.5625625678531114, 0.4374374321468886]
[1.0, 0.5366821201880139, 0.46331787981198613]
[1.0, 0.5092377541197239, 0.4907622458802761]
[1.0, 0.5769167758839009, 0.4230832241160991]
[1.0, 0.5599667019272485, 0.44003329807275154]
[1.0, 0.5696804153067668, 0.43031958469323317]
[1.0, 0.49505735710032983, 0.5049426428996702]
[1.0, 0.6035940789969594, 0.3964059210030406]
[1.0, 0.5799572863308332, 0.4200427136691668]
[1.0, 0.6466400486605126, 0.35335995133948744]
[1.0, 0.5789740315081203, 0.4210259684918797]
[1.0, 0.4983882062830344, 0.5016117937169656]
[1.0, 0.5578164967770416, 0.44218350322295846]
[1.0, 0.5411546216006566, 0.4588453783993434]
[1.0, 0.4978599507575924, 0.5021400492424076]
[1.0, 0.5925843930232658, 0.4074156069767342]
[1.0, 0.6551899134864312, 0.34481008651356887]
[0.0, 0.776575838451534, 0.22342416154846598]
[1.0, 0.694502889870909, 0.305497110129091]
[1.0, 0.617262166282602, 0.382737833717398]
[1.0, 0.637958657543205, 0.3620413424567949]
[1.0, 0.6293742974600963, 0.3706257025399037]
[1.0, 0.5655570595075373, 0.4344429404924627]
[1.0, 0.5660023636150167, 0.4339976363849834]
[1.0, 0.5468823364905832, 0.45311766350941685]
[1.0, 0.5009608530435592, 0.4990391469564408]
[1.0, 0.5739532536839301, 0.42604674631606987]
[1.0, 0.5077375195313616, 0.49226248046863846]
[1.0, 0.5280316810288588, 0.4719683189711412]
[1.0, 0.5652775555652806, 0.4347224444347194]
[1.0, 0.5449160778636306, 0.4550839221363694]
[1.0, 0.5051849464624829, 0.49481505353751704]
[1.0, 0.5725887665641984, 0.4274112334358015]
[1.0, 0.4697574876476306, 0.5302425123523694]
[1.0, 0.5458578628706088, 0.4541421371293912]
[1.0, 0.471450219631638, 0.528549780368362]
[1.0, 0.639331269852464, 0.36066873014753603]
[1.0, 0.6403616649578144, 0.35963833504218556]
[1.0, 0.6552830123211655, 0.34471698767883446]
[1.0, 0.6012152009832752, 0.39878479901672476]
[1.0, 0.6668654349770411, 0.3331345650229589]
[1.0, 0.6458703085666493, 0.35412969143335066]
[1.0, 0.6386892904980197, 0.36131070950198035]
[1.0, 0.5833597289688187, 0.4166402710311813]
[1.0, 0.6005454064591824, 0.39945459354081764]
[1.0, 0.6195734527181612, 0.3804265472818388]
[1.0, 0.6134357576420385, 0.3865642423579615]
[1.0, 0.6037944351594016, 0.3962055648405984]
[1.0, 0.5777363744635386, 0.4222636255364614]
[1.0, 0.5739198960343466, 0.4260801039656535]
[1.0, 0.5373150060641665, 0.4626849939358335]
[1.0, 0.5172925624621967, 0.4827074375378034]
[1.0, 0.5249173573320827, 0.4750826426679173]
[1.0, 0.5512074166817573, 0.4487925833182427]
[1.0, 0.578485039185545, 0.42151496081445505]
[1.0, 0.5729590955498691, 0.42704090445013093]
[1.0, 0.5335366537606274, 0.4664633462393725]
[1.0, 0.5432736761408116, 0.45672632385918843]
[1.0, 0.6363910591532967, 0.36360894084670325]
[1.0, 0.5386727832856671, 0.46132721671433286]
[1.0, 0.6173378029301928, 0.3826621970698072]
[1.0, 0.548755827732962, 0.451244172267038]
[1.0, 0.5301829501692559, 0.4698170498307441]
[1.0, 0.514037466468448, 0.48596253353155205]
[1.0, 0.473032575849998, 0.526967424150002]
[1.0, 0.48292162418246487, 0.5170783758175351]
[1.0, 0.42350041204500344, 0.5764995879549966]
[1.0, 0.4112774938455478, 0.5887225061544522]
[1.0, 0.4078902120921525, 0.5921097879078475]
[1.0, 0.36644067676954906, 0.6335593232304509]
[1.0, 0.4373198117391216, 0.5626801882608784]
[1.0, 0.3932491648508448, 0.6067508351491552]
[1.0, 0.41415244241476856, 0.5858475575852314]
[1.0, 0.3843091034857904, 0.6156908965142096]
[1.0, 0.4203282478279021, 0.5796717521720979]
[1.0, 0.43732005979246125, 0.5626799402075388]
[1.0, 0.4387561573567631, 0.5612438426432369]
[1.0, 0.4330924307233527, 0.5669075692766473]
[1.0, 0.4872737611645802, 0.5127262388354198]
[1.0, 0.48036277629340407, 0.5196372237065959]
[1.0, 0.50913135669382, 0.4908686433061799]
[1.0, 0.459495787436246, 0.540504212563754]
[1.0, 0.5270142256893375, 0.4729857743106625]
[1.0, 0.6009766374730305, 0.3990233625269695]
[1.0, 0.5698703076302565, 0.43012969236974347]
[1.0, 0.5905715705188269, 0.4094284294811731]
[1.0, 0.6708167301955894, 0.32918326980441054]
[1.0, 0.5305302235499096, 0.4694697764500903]
[1.0, 0.5756268450591301, 0.4243731549408699]
[1.0, 0.5038197213211474, 0.4961802786788526]
[1.0, 0.5368046266523958, 0.46319537334760424]
[1.0, 0.4522454930981561, 0.5477545069018439]
[1.0, 0.4924217592249065, 0.5075782407750935]
[1.0, 0.5219374431289145, 0.47806255687108545]
[1.0, 0.4536248689278105, 0.5463751310721895]
[1.0, 0.5050357031032751, 0.4949642968967249]
[1.0, 0.5668940308187076, 0.43310596918129246]
[1.0, 0.5413569606857107, 0.45864303931428935]
[1.0, 0.6511264291298303, 0.3488735708701697]
[1.0, 0.41263112947037706, 0.5873688705296229]
[1.0, 0.36754009758761974, 0.6324599024123803]
[1.0, 0.3873092754336963, 0.6126907245663037]
[1.0, 0.26932037256396824, 0.7306796274360318]
[1.0, 0.29887245435696974, 0.7011275456430303]
[1.0, 0.268021840709867, 0.731978159290133]
[1.0, 0.28346672049542687, 0.7165332795045731]
[1.0, 0.3199892144815032, 0.6800107855184968]
[1.0, 0.4280176839139733, 0.5719823160860267]
[1.0, 0.3794836689334229, 0.6205163310665771]
[1.0, 0.37452424502913395, 0.625475754970866]
[1.0, 0.3304106745768013, 0.6695893254231987]
[1.0, 0.3390932082479744, 0.6609067917520256]
[1.0, 0.2665400795643297, 0.7334599204356703]
[1.0, 0.3144454616437248, 0.6855545383562752]
[1.0, 0.3324092076422813, 0.6675907923577187]
[1.0, 0.35817332675412816, 0.6418266732458718]
[1.0, 0.3350950539975849, 0.6649049460024151]
[1.0, 0.3512430577452448, 0.6487569422547552]
[1.0, 0.40524701353539827, 0.5947529864646017]
[1.0, 0.3843392436725218, 0.6156607563274782]
[1.0, 0.42032678155518044, 0.5796732184448196]
[1.0, 0.4126134580891416, 0.5873865419108584]
[1.0, 0.43054208365217617, 0.5694579163478238]
[1.0, 0.4217940215759496, 0.5782059784240504]
[1.0, 0.36604268052566824, 0.6339573194743318]
[1.0, 0.39076873181873095, 0.609231268181269]
[1.0, 0.41372722889627256, 0.5862727711037274]
[1.0, 0.49314969443926493, 0.5068503055607351]
[1.0, 0.4809129565959761, 0.5190870434040239]
[1.0, 0.5256048102744855, 0.4743951897255145]
[1.0, 0.5294563396741228, 0.47054366032587724]
[1.0, 0.49494495972464314, 0.5050550402753569]
[1.0, 0.5249478129463594, 0.47505218705364055]
[1.0, 0.5459131784350234, 0.4540868215649766]
[1.0, 0.5314151751884761, 0.46858482481152386]
[1.0, 0.5433268307204631, 0.456673169279537]
[1.0, 0.5922921470029594, 0.40770785299704054]
[1.0, 0.5264322192938469, 0.4735677807061532]
[1.0, 0.5531089052963079, 0.4468910947036922]
[1.0, 0.6170980316651863, 0.3829019683348137]
[1.0, 0.585737437117287, 0.41426256288271307]
[1.0, 0.46188729890848335, 0.5381127010915167]
[0.0, 0.7120175193422744, 0.2879824806577256]
[1.0, 0.6069994374954921, 0.39300056250450793]
[1.0, 0.563560672273903, 0.436439327726097]
[1.0, 0.6035908102625442, 0.39640918973745576]
[1.0, 0.67420597576003, 0.32579402423996995]
[1.0, 0.664163078773536, 0.335836921226464]
[1.0, 0.5816353779030602, 0.4183646220969398]
[1.0, 0.62608039095578, 0.37391960904421995]
[1.0, 0.6124813109411422, 0.3875186890588577]
[1.0, 0.5546558505761328, 0.44534414942386724]
[1.0, 0.602685238470031, 0.397314761529969]
[1.0, 0.5741745595226827, 0.4258254404773173]
[1.0, 0.6221290499554453, 0.3778709500445548]
[1.0, 0.5822542470277873, 0.4177457529722127]
[1.0, 0.6180780414660628, 0.3819219585339372]
[1.0, 0.65899502672638, 0.34100497327362]
[1.0, 0.6305487394802669, 0.36945126051973315]
[1.0, 0.6476334559832784, 0.3523665440167216]
[1.0, 0.609323717071538, 0.390676282928462]
[1.0, 0.6874871475530743, 0.3125128524469257]
[1.0, 0.670926629605084, 0.329073370394916]
[1.0, 0.6154232459588309, 0.3845767540411691]
[1.0, 0.6539758692622786, 0.3460241307377214]
[1.0, 0.636962218908237, 0.363037781091763]
[1.0, 0.5826137720521227, 0.4173862279478772]
[1.0, 0.597608257959177, 0.4023917420408229]
[1.0, 0.5852143403833018, 0.4147856596166982]
[1.0, 0.6533821847716809, 0.34661781522831914]
[1.0, 0.6306156248272541, 0.3693843751727459]
[1.0, 0.6370625785628096, 0.36293742143719043]
[1.0, 0.5836553917740167, 0.4163446082259833]
[1.0, 0.6024912269620578, 0.3975087730379422]
[1.0, 0.5915283777293034, 0.40847162227069655]
[1.0, 0.6091846236360623, 0.39081537636393776]
[1.0, 0.5415384207817666, 0.45846157921823333]
[1.0, 0.6288517985317265, 0.37114820146827354]
[1.0, 0.6159941685443926, 0.3840058314556074]
[1.0, 0.5792219300188413, 0.42077806998115874]
[1.0, 0.6162033214308379, 0.3837966785691621]
[1.0, 0.5745580360043256, 0.4254419639956744]
[1.0, 0.5836588174168493, 0.4163411825831506]
[1.0, 0.5293350421286155, 0.4706649578713845]
[1.0, 0.49958410677307996, 0.50041589322692]
[1.0, 0.5242128096247312, 0.4757871903752688]
[1.0, 0.5708348779116066, 0.42916512208839347]
[1.0, 0.4677858308869832, 0.5322141691130168]
[1.0, 0.5213708094485048, 0.47862919055149517]
[1.0, 0.4456503194206862, 0.5543496805793138]
[1.0, 0.4229251005670358, 0.5770748994329642]
[1.0, 0.45088010614334484, 0.5491198938566552]
[1.0, 0.5131500213338878, 0.48684997866611224]
[1.0, 0.48753224340772794, 0.5124677565922721]
[1.0, 0.4537095677732548, 0.5462904322267452]
[1.0, 0.40666934167280344, 0.5933306583271966]
[1.0, 0.49322190300995616, 0.5067780969900438]
[1.0, 0.4580538167110527, 0.5419461832889473]
[1.0, 0.5602485825360961, 0.43975141746390384]
[1.0, 0.6966125248010882, 0.3033874751989119]
[0.0, 0.7319291884676076, 0.2680708115323925]
[1.0, 0.6423832362013325, 0.35761676379866747]
[1.0, 0.5555757154523271, 0.44442428454767285]
[1.0, 0.5540683074560169, 0.4459316925439831]
[1.0, 0.4965934141515096, 0.5034065858484904]
[1.0, 0.5418245912258828, 0.4581754087741172]
[1.0, 0.4332101101902376, 0.5667898898097624]
[1.0, 0.4920910571046617, 0.5079089428953383]
[1.0, 0.4771851908147202, 0.5228148091852798]
[1.0, 0.3448089706252625, 0.6551910293747375]
[1.0, 0.42314800435964517, 0.5768519956403548]
[1.0, 0.4548501761782916, 0.5451498238217084]
[1.0, 0.38759917516272635, 0.6124008248372736]
[1.0, 0.43948046016355125, 0.5605195398364488]
[1.0, 0.46162705807397353, 0.5383729419260265]
[1.0, 0.45340348089166693, 0.5465965191083331]
[1.0, 0.48181159454675426, 0.5181884054532457]
[1.0, 0.4366499450570738, 0.5633500549429262]
[1.0, 0.4404765007461866, 0.5595234992538134]
[1.0, 0.4621389704006311, 0.5378610295993689]
[1.0, 0.4384915785931013, 0.5615084214068987]
[1.0, 0.5313373566038913, 0.46866264339610875]
[1.0, 0.487956943486204, 0.512043056513796]
[1.0, 0.4467224496199512, 0.5532775503800488]
[1.0, 0.4729483258716438, 0.5270516741283562]
[1.0, 0.4995176399043417, 0.5004823600956583]
[1.0, 0.4583869313254434, 0.5416130686745566]
[1.0, 0.4814081588159952, 0.5185918411840048]
[1.0, 0.45713550441154005, 0.54286449558846]
[1.0, 0.5192598140397502, 0.48074018596024976]
[1.0, 0.49290023898921587, 0.5070997610107841]
[1.0, 0.45355717061414036, 0.5464428293858596]
[1.0, 0.47806946991509525, 0.5219305300849048]
[1.0, 0.6145733344126922, 0.38542666558730776]
[1.0, 0.5744639130916445, 0.42553608690835554]
[1.0, 0.5579903017345882, 0.44200969826541175]
[1.0, 0.5706903369594378, 0.4293096630405622]
[1.0, 0.5631717638806952, 0.43682823611930477]
[1.0, 0.5671921913762743, 0.43280780862372575]
[1.0, 0.4910213471889031, 0.5089786528110969]
[1.0, 0.5590503725003761, 0.4409496274996238]
[1.0, 0.5476924698817234, 0.4523075301182767]
[1.0, 0.5591341024490895, 0.44086589755091055]
[1.0, 0.5947037620078718, 0.4052962379921282]
[1.0, 0.5321599876207709, 0.4678400123792291]
[1.0, 0.5307246454072552, 0.4692753545927448]
[1.0, 0.5553762690176212, 0.44462373098237884]
[1.0, 0.5662572547792531, 0.43374274522074685]
[1.0, 0.5167538422663379, 0.4832461577336621]
[1.0, 0.5646162967475641, 0.4353837032524359]
[1.0, 0.6091956731547755, 0.3908043268452245]
[1.0, 0.5218646046125943, 0.4781353953874056]
[1.0, 0.5448187586208751, 0.45518124137912486]
[1.0, 0.5420081818125693, 0.4579918181874307]
[1.0, 0.5302295261311822, 0.4697704738688177]
[1.0, 0.46134049311971403, 0.538659506880286]
[1.0, 0.5226425188929962, 0.47735748110700377]
[1.0, 0.5337225387920144, 0.4662774612079857]
[1.0, 0.5192556258805363, 0.48074437411946364]
[1.0, 0.5613077603367715, 0.4386922396632284]
[1.0, 0.48971498749555964, 0.5102850125044404]
[1.0, 0.512304763195899, 0.48769523680410104]
[1.0, 0.49993882373262166, 0.5000611762673783]
[1.0, 0.6654166196000111, 0.33458338039998886]
[0.0, 0.709789914378174, 0.29021008562182604]
[1.0, 0.648835499948195, 0.351164500051805]
[1.0, 0.6036565196941903, 0.3963434803058096]
[1.0, 0.5206858928598641, 0.47931410714013595]
[1.0, 0.5953665511888442, 0.4046334488111558]
[1.0, 0.4972211318470101, 0.5027788681529899]
[1.0, 0.4199947775187697, 0.5800052224812303]
[1.0, 0.3793969198483693, 0.6206030801516307]
[1.0, 0.252017676756364, 0.747982323243636]
[1.0, 0.32461721615592865, 0.6753827838440714]
[1.0, 0.3959325838795824, 0.6040674161204176]
[1.0, 0.3870440748661549, 0.6129559251338451]
[1.0, 0.2936261673388294, 0.7063738326611706]
[1.0, 0.35774879419213645, 0.6422512058078635]
[1.0, 0.3506062721169241, 0.6493937278830759]
[1.0, 0.3128464974528007, 0.6871535025471993]
[1.0, 0.327432985268442, 0.672567014731558]
[1.0, 0.3340640332121928, 0.6659359667878072]
[1.0, 0.2773241192052571, 0.7226758807947429]
[1.0, 0.3078355218397032, 0.6921644781602968]
[1.0, 0.37666961437777713, 0.6233303856222229]
[1.0, 0.4251327156337469, 0.5748672843662531]
[1.0, 0.3794009511557177, 0.6205990488442823]
[1.0, 0.41121344761029144, 0.5887865523897086]
[1.0, 0.3235973888869611, 0.6764026111130389]
[1.0, 0.30197424586270305, 0.698025754137297]
[1.0, 0.39888259294504413, 0.6011174070549559]
[1.0, 0.414368615202526, 0.585631384797474]
[1.0, 0.46989840233116253, 0.5301015976688375]
[1.0, 0.4160978607083907, 0.5839021392916093]
[1.0, 0.36699822116781355, 0.6330017788321864]
[1.0, 0.37395641818441794, 0.6260435818155821]
[1.0, 0.40946677188265923, 0.5905332281173408]
[1.0, 0.4705980664558638, 0.5294019335441362]
[1.0, 0.41722128993452245, 0.5827787100654775]
[1.0, 0.46076864428880393, 0.5392313557111961]
[1.0, 0.4945922702546185, 0.5054077297453815]
[1.0, 0.3811468299630032, 0.6188531700369968]
[1.0, 0.4884769647106675, 0.5115230352893325]
[1.0, 0.4431759494572425, 0.5568240505427575]
[1.0, 0.4328865434466598, 0.5671134565533402]
[1.0, 0.46585000907164453, 0.5341499909283555]
[1.0, 0.48095382836999545, 0.5190461716300045]
[1.0, 0.48200648178449135, 0.5179935182155087]
[1.0, 0.45319637631980436, 0.5468036236801956]
[1.0, 0.44453723448997273, 0.5554627655100273]
[1.0, 0.4803435188922064, 0.5196564811077936]
[1.0, 0.564136265215379, 0.43586373478462104]
[1.0, 0.49843357479903505, 0.501566425200965]
[1.0, 0.48660450515283904, 0.513395494847161]
[1.0, 0.4817937653317581, 0.5182062346682419]
[1.0, 0.4599027221852332, 0.5400972778147668]
[1.0, 0.4800472774827186, 0.5199527225172814]
[1.0, 0.43628522709941575, 0.5637147729005842]
[1.0, 0.42892956648491654, 0.5710704335150835]
[1.0, 0.42931015732958455, 0.5706898426704154]
[1.0, 0.5402644852305449, 0.4597355147694551]
[1.0, 0.56074908344738, 0.43925091655262005]
[1.0, 0.5174935903897764, 0.48250640961022356]
[1.0, 0.5326523065972995, 0.46734769340270055]
[1.0, 0.5630796326770628, 0.4369203673229372]
[1.0, 0.46988137640773653, 0.5301186235922635]
[1.0, 0.57233031750867, 0.42766968249133]
[1.0, 0.5709920475068556, 0.4290079524931444]
[1.0, 0.5626706332809024, 0.4373293667190976]
[1.0, 0.5219173346704232, 0.4780826653295768]
[1.0, 0.5901418197459173, 0.4098581802540827]
[1.0, 0.5307581995196142, 0.4692418004803857]
[1.0, 0.6333602654491577, 0.36663973455084237]
[1.0, 0.623473992032728, 0.376526007967272]
[1.0, 0.6445565982056962, 0.3554434017943037]
[1.0, 0.6125979311637366, 0.38740206883626344]
[0.0, 0.709015582976304, 0.29098441702369604]
[1.0, 0.6962244697047693, 0.3037755302952308]
[1.0, 0.6424245643357434, 0.3575754356642567]
[1.0, 0.6900466120640257, 0.30995338793597427]
[1.0, 0.6645002882525884, 0.33549971174741156]
[0.0, 0.727412417458037, 0.27258758254196297]
[1.0, 0.6802335966731006, 0.3197664033268994]
[0.0, 0.7110526488719114, 0.28894735112808856]
[1.0, 0.5898071993206635, 0.4101928006793365]
[1.0, 0.6830339462857858, 0.31696605371421416]
[1.0, 0.6428523003946729, 0.35714769960532716]
[1.0, 0.6743402583130913, 0.32565974168690875]
[0.0, 0.7080459828883121, 0.29195401711168795]
[0.0, 0.7208559555136402, 0.2791440444863598]
[1.0, 0.6600798364371214, 0.3399201635628786]
[1.0, 0.6904508526031, 0.3095491473969]
[0.0, 0.7089279952107841, 0.29107200478921597]
[1.0, 0.5864300946730423, 0.4135699053269577]
[0.0, 0.7101046467668599, 0.28989535323314014]
[1.0, 0.6658739399119407, 0.33412606008805934]
[1.0, 0.6664071111446754, 0.33359288885532457]
[1.0, 0.6656901432446274, 0.33430985675537256]
[1.0, 0.6014958442515653, 0.3985041557484347]
[1.0, 0.6466573923128188, 0.3533426076871812]
[1.0, 0.6061704771266999, 0.3938295228733001]
[1.0, 0.5575599408028936, 0.4424400591971064]
[1.0, 0.5876226370136526, 0.4123773629863475]
[1.0, 0.6067209849801483, 0.39327901501985174]
[1.0, 0.6205354219947966, 0.3794645780052034]
[1.0, 0.6294994940092353, 0.37050050599076473]
[1.0, 0.5945356222130878, 0.4054643777869123]
[1.0, 0.671831703075594, 0.32816829692440597]
[1.0, 0.5390056984499666, 0.4609943015500334]
[1.0, 0.6293657020322225, 0.3706342979677774]
[1.0, 0.5645554827613793, 0.43544451723862065]
[1.0, 0.571949932175543, 0.42805006782445704]
[1.0, 0.5537515840431964, 0.44624841595680365]
[1.0, 0.5189860807501778, 0.4810139192498222]
[1.0, 0.6327012200015347, 0.3672987799984652]
[1.0, 0.5274618596118814, 0.4725381403881186]
[1.0, 0.5948746104156323, 0.4051253895843677]
[1.0, 0.5903761254862414, 0.40962387451375853]
[1.0, 0.6037997867217599, 0.39620021327824]
[1.0, 0.510703720362043, 0.489296279637957]
[1.0, 0.5364937815524771, 0.463506218447523]
[1.0, 0.5777801592084535, 0.4222198407915465]
[1.0, 0.583460679937553, 0.4165393200624469]
[1.0, 0.6528238865053038, 0.3471761134946963]
[1.0, 0.5227148313070282, 0.4772851686929718]
[1.0, 0.6123294899359389, 0.38767051006406106]
[1.0, 0.5290722981264413, 0.4709277018735587]
[1.0, 0.47577719424397136, 0.5242228057560286]
[1.0, 0.5823242850899593, 0.41767571491004074]
[1.0, 0.4545290014646438, 0.5454709985353562]
[1.0, 0.4235474665681994, 0.5764525334318006]
[1.0, 0.40164607004296293, 0.5983539299570371]
[1.0, 0.4139283741843456, 0.5860716258156544]
[1.0, 0.40833727611007076, 0.5916627238899292]
[1.0, 0.6412899022058964, 0.3587100977941035]
[1.0, 0.4528745898635146, 0.5471254101364854]
[1.0, 0.5416992596966075, 0.4583007403033926]
[1.0, 0.4853482277714044, 0.5146517722285956]
[1.0, 0.527995185938649, 0.472004814061351]
[1.0, 0.530854682300455, 0.4691453176995451]
[1.0, 0.4500273226072041, 0.5499726773927959]
[1.0, 0.5406934462378195, 0.45930655376218055]
[1.0, 0.44298660582248783, 0.5570133941775122]
[1.0, 0.47514880244513114, 0.5248511975548689]
[1.0, 0.5638002163694108, 0.4361997836305892]
[0.0, 0.706573109031813, 0.2934268909681869]
[0.0, 0.7599642595245341, 0.24003574047546594]
[1.0, 0.6355725049996395, 0.3644274950003606]
[1.0, 0.6328291878607426, 0.36717081213925745]
[1.0, 0.5726671499540159, 0.42733285004598404]
[1.0, 0.5068245581517918, 0.4931754418482082]
[1.0, 0.567104610240595, 0.43289538975940506]
[1.0, 0.491682983925143, 0.508317016074857]
[0.0, 0.8308604592986288, 0.16913954070137113]
[0.0, 0.7541095540084447, 0.24589044599155527]
[0.0, 0.7348587186461573, 0.2651412813538428]
[0.0, 0.7260819833677264, 0.27391801663227355]
[0.0, 0.7656892401199474, 0.23431075988005254]
[0.0, 0.7455844262249978, 0.2544155737750022]
[1.0, 0.6940840302413527, 0.3059159697586473]
[1.0, 0.685118602708095, 0.314881397291905]
[0.0, 0.7392815823927499, 0.2607184176072501]
[1.0, 0.41019487637151153, 0.5898051236284885]
[1.0, 0.35299770347853243, 0.6470022965214676]
[1.0, 0.3252532821842319, 0.6747467178157681]
[1.0, 0.3667357886847997, 0.6332642113152003]
[1.0, 0.3752897181936171, 0.6247102818063829]
[1.0, 0.3174773163314266, 0.6825226836685734]
[1.0, 0.31344632030388064, 0.6865536796961194]
[1.0, 0.27329099411078106, 0.7267090058892189]
[1.0, 0.3407153229675064, 0.6592846770324936]
[1.0, 0.4165079458461506, 0.5834920541538494]
[1.0, 0.3761881561250151, 0.6238118438749849]
[1.0, 0.3935055365626373, 0.6064944634373627]
[1.0, 0.3678552013271291, 0.6321447986728709]
[1.0, 0.4074945900052078, 0.5925054099947922]
[1.0, 0.44622337765191444, 0.5537766223480856]
[1.0, 0.4062613693759717, 0.5937386306240283]
[1.0, 0.44573872217335586, 0.5542612778266441]
[1.0, 0.41761111594289246, 0.5823888840571075]
[1.0, 0.3997712883643165, 0.6002287116356835]
[1.0, 0.4347195245767367, 0.5652804754232633]
[1.0, 0.45435647990074746, 0.5456435200992525]
[1.0, 0.5285309445892381, 0.47146905541076184]
[1.0, 0.4887874348674215, 0.5112125651325785]
[1.0, 0.49066685085367034, 0.5093331491463297]
[1.0, 0.5704440802744382, 0.4295559197255618]
[1.0, 0.5064672815453819, 0.49353271845461805]
[1.0, 0.5331105764088666, 0.46688942359113333]
[1.0, 0.4758387989576093, 0.5241612010423907]
[1.0, 0.4810292834089439, 0.5189707165910561]
[1.0, 0.5671000455428592, 0.43289995445714086]
[1.0, 0.5075725104296305, 0.49242748957036947]
[1.0, 0.47852885957236235, 0.5214711404276376]
[1.0, 0.4731652153394389, 0.5268347846605611]
[1.0, 0.4942296353395368, 0.5057703646604632]
[1.0, 0.5493563592940001, 0.45064364070599994]
[1.0, 0.48038957033183793, 0.5196104296681621]
[1.0, 0.5408530279283761, 0.45914697207162386]
[1.0, 0.4448974008405362, 0.5551025991594638]
[1.0, 0.5375859926558337, 0.46241400734416627]
[0.0, 0.7082596540127772, 0.29174034598722276]
[1.0, 0.6349508952184426, 0.36504910478155744]
[1.0, 0.6063239283136197, 0.39367607168638025]
[1.0, 0.6007178227268957, 0.3992821772731043]
[1.0, 0.5080931029635034, 0.49190689703649654]
[1.0, 0.5401332186004418, 0.45986678139955817]
[1.0, 0.5077556308683606, 0.49224436913163944]
[1.0, 0.6089785715046628, 0.39102142849533716]
[1.0, 0.6599408552204525, 0.34005914477954746]
[1.0, 0.6546076634249406, 0.3453923365750594]
[1.0, 0.6603049291141125, 0.3396950708858874]
[1.0, 0.6183143178725181, 0.3816856821274819]
[1.0, 0.6505812749236717, 0.34941872507632826]
[1.0, 0.6478636682802772, 0.3521363317197228]
[1.0, 0.4693943439906073, 0.5306056560093927]
[1.0, 0.5155457344412795, 0.48445426555872045]
[1.0, 0.48554325315423674, 0.5144567468457633]
[1.0, 0.4714801219028242, 0.5285198780971758]
[1.0, 0.42677501711965227, 0.5732249828803477]
[1.0, 0.4253517242943248, 0.5746482757056752]
[1.0, 0.39834145990367387, 0.6016585400963261]
[1.0, 0.40071258530983445, 0.5992874146901656]
[1.0, 0.5245740998135111, 0.47542590018648895]
[1.0, 0.5459300277240666, 0.4540699722759333]
[1.0, 0.5048471572582836, 0.4951528427417165]
[1.0, 0.5050849904002837, 0.4949150095997164]
[1.0, 0.5365954955423666, 0.4634045044576334]
[1.0, 0.5335460105697685, 0.4664539894302315]
[1.0, 0.6277599710067656, 0.37224002899323433]
[1.0, 0.4815166639426466, 0.5184833360573534]
[1.0, 0.5105463164141429, 0.48945368358585706]
[1.0, 0.6552885247700411, 0.34471147522995893]
[1.0, 0.5000067314055134, 0.49999326859448656]
[1.0, 0.47726896442671907, 0.5227310355732809]
[1.0, 0.5722567122916311, 0.42774328770836895]
[1.0, 0.5460051067109333, 0.4539948932890667]
[1.0, 0.44100975435738377, 0.5589902456426162]
[1.0, 0.5281160452152789, 0.47188395478472117]
[1.0, 0.46078046612664003, 0.53921953387336]
[1.0, 0.6140511997498698, 0.38594880025013023]
[1.0, 0.4219993230450201, 0.5780006769549799]
[1.0, 0.5306779476120134, 0.46932205238798663]
[1.0, 0.34980380417805623, 0.6501961958219438]
[1.0, 0.45766923887597144, 0.5423307611240286]
[1.0, 0.46997043267624516, 0.5300295673237548]
[1.0, 0.5663430173264199, 0.43365698267358005]
[1.0, 0.5890108488298413, 0.4109891511701586]
[1.0, 0.6426837076347827, 0.3573162923652174]
[1.0, 0.6022006072244948, 0.3977993927755052]
[1.0, 0.6129024247074395, 0.38709757529256045]
[1.0, 0.5576206417238923, 0.4423793582761078]
[1.0, 0.6402898052798269, 0.3597101947201731]
[1.0, 0.5632776529938239, 0.4367223470061761]
[1.0, 0.5535094046331182, 0.4464905953668818]
[1.0, 0.6187308499370098, 0.3812691500629902]
[1.0, 0.5886939382781962, 0.4113060617218039]
[1.0, 0.5958106631910777, 0.40418933680892233]
[1.0, 0.6082542460752985, 0.39174575392470146]
[1.0, 0.5898603047707608, 0.4101396952292392]
[1.0, 0.5868768494505316, 0.4131231505494683]
[1.0, 0.5965248422809657, 0.40347515771903425]
[0.0, 0.7073327374032415, 0.29266726259675846]
[1.0, 0.6524661519248786, 0.34753384807512144]
[1.0, 0.5938144042462403, 0.4061855957537596]
[1.0, 0.5551074141044791, 0.44489258589552094]
[1.0, 0.5151032959450612, 0.48489670405493884]
[1.0, 0.49019098441995423, 0.5098090155800458]
[1.0, 0.4838132259532617, 0.5161867740467383]
[1.0, 0.5005679420539155, 0.4994320579460844]
[1.0, 0.4793565590669878, 0.5206434409330122]
[1.0, 0.49077904187513743, 0.5092209581248626]
[1.0, 0.5166294996573146, 0.4833705003426853]
[1.0, 0.6900233224197434, 0.30997667758025654]
[1.0, 0.6437290545610614, 0.3562709454389386]
[1.0, 0.6451380110254721, 0.3548619889745279]
[1.0, 0.5721355754907325, 0.42786442450926754]
[1.0, 0.49723616592506203, 0.502763834074938]
[1.0, 0.4784091375495624, 0.5215908624504376]
[1.0, 0.45550102740867926, 0.5444989725913207]
[1.0, 0.3788496651880875, 0.6211503348119125]
[1.0, 0.3780714449607634, 0.6219285550392366]
[1.0, 0.2601322373921705, 0.7398677626078295]
[1.0, 0.3314378973801033, 0.6685621026198967]
[1.0, 0.20519093399534194, 0.7948090660046581]
[1.0, 0.23594849788428263, 0.7640515021157174]
[1.0, 0.25520352897633336, 0.7447964710236666]
[1.0, 0.2694235997849834, 0.7305764002150166]
[1.0, 0.3288317975586583, 0.6711682024413417]
[1.0, 0.34731693691764276, 0.6526830630823572]
[1.0, 0.2956563371377473, 0.7043436628622527]
[1.0, 0.2962171872046194, 0.7037828127953806]
[1.0, 0.37529160864999456, 0.6247083913500054]
[1.0, 0.32054209867349703, 0.679457901326503]
[1.0, 0.3499759741994205, 0.6500240258005795]
[1.0, 0.31447588870542087, 0.6855241112945791]
[1.0, 0.3220426478407349, 0.6779573521592651]
[1.0, 0.33599784849904235, 0.6640021515009576]
[1.0, 0.3300059263545414, 0.6699940736454586]
[1.0, 0.40072612588582346, 0.5992738741141765]
[1.0, 0.3707755003924168, 0.6292244996075832]
[1.0, 0.4585892750091676, 0.5414107249908324]
[1.0, 0.4571324794369387, 0.5428675205630613]
[1.0, 0.4789892707326684, 0.5210107292673316]
[1.0, 0.46069646157159394, 0.5393035384284061]
[1.0, 0.5332300027445649, 0.46676999725543505]
[1.0, 0.49944388911012205, 0.500556110889878]
[1.0, 0.500552857396541, 0.499447142603459]
[1.0, 0.5306393919019833, 0.4693606080980167]
[1.0, 0.5821687511149046, 0.4178312488850954]
[1.0, 0.5842876744547857, 0.4157123255452143]
[1.0, 0.5019036516512385, 0.49809634834876143]
[1.0, 0.6831989559429057, 0.3168010440570943]
[1.0, 0.571135387467185, 0.4288646125328151]
[1.0, 0.6426103824254108, 0.35738961757458915]
[1.0, 0.6977139850617147, 0.3022860149382854]
[1.0, 0.686316107922057, 0.31368389207794295]
[1.0, 0.6387033948995158, 0.36129660510048417]
[1.0, 0.6581483636091647, 0.3418516363908352]
[1.0, 0.582457017789832, 0.41754298221016795]
[1.0, 0.6607150547349531, 0.33928494526504693]
[1.0, 0.593385215168112, 0.4066147848318879]
[1.0, 0.5848924624165319, 0.4151075375834681]
[1.0, 0.4999259358239766, 0.5000740641760234]
[0.0, 0.7204830611642736, 0.2795169388357263]
[1.0, 0.5181158473219443, 0.4818841526780558]
[1.0, 0.46778530551757436, 0.5322146944824256]
[1.0, 0.5270151761353978, 0.4729848238646021]
[1.0, 0.549312160129722, 0.4506878398702781]
[1.0, 0.6063695112067928, 0.39363048879320717]
[1.0, 0.6083360638390113, 0.3916639361609887]
[1.0, 0.6405247403297093, 0.3594752596702907]
[1.0, 0.6453269152353966, 0.3546730847646034]
[1.0, 0.6737471628443097, 0.32625283715569037]
[1.0, 0.6727952001190087, 0.3272047998809912]
[0.0, 0.7334638279133621, 0.26653617208663793]
[0.0, 0.7133538357397521, 0.2866461642602479]
[1.0, 0.6450100469859235, 0.3549899530140765]
[1.0, 0.6339069265452479, 0.3660930734547521]
[1.0, 0.6366997392769811, 0.36330026072301896]
[1.0, 0.6224830873127617, 0.3775169126872383]
[1.0, 0.6185807447018596, 0.38141925529814036]
[1.0, 0.6694007404426758, 0.3305992595573242]
[1.0, 0.5634904119033877, 0.4365095880966124]
[1.0, 0.6507181152967452, 0.3492818847032548]
[1.0, 0.6843597361627916, 0.3156402638372084]
[1.0, 0.5952764247785534, 0.4047235752214466]
[1.0, 0.624853544041052, 0.375146455958948]
[1.0, 0.5240254935514838, 0.47597450644851624]
[1.0, 0.5663218551227981, 0.4336781448772019]
[1.0, 0.6247438668432904, 0.3752561331567096]
[1.0, 0.5584288228215931, 0.4415711771784069]
[1.0, 0.5177910358416362, 0.48220896415836373]
[1.0, 0.5578979515085158, 0.44210204849148416]
[1.0, 0.502975830782227, 0.4970241692177731]
[1.0, 0.5561216157999951, 0.4438783842000049]
[1.0, 0.5343028339827978, 0.4656971660172022]
[1.0, 0.4842285557045749, 0.5157714442954251]
[1.0, 0.5222826368164539, 0.4777173631835461]
[1.0, 0.5563623046574013, 0.44363769534259867]
[1.0, 0.5983898659413629, 0.4016101340586371]
[1.0, 0.6117625071602548, 0.38823749283974524]
[1.0, 0.6426898610093796, 0.3573101389906203]
[1.0, 0.5532234684905766, 0.4467765315094235]
[1.0, 0.635367299885631, 0.36463270011436905]
[1.0, 0.6660373139971683, 0.33396268600283174]
[1.0, 0.657358020597046, 0.342641979402954]
[0.0, 0.7049821396999363, 0.29501786030006366]
[1.0, 0.6587494052449965, 0.3412505947550036]
[1.0, 0.6600398002301506, 0.33996019976984937]
[0.0, 0.7077751232879577, 0.2922248767120424]
[0.0, 0.7667431716008477, 0.23325682839915227]
[0.0, 0.764328345438484, 0.23567165456151595]
[0.0, 0.7468088711015516, 0.2531911288984484]
[0.0, 0.7428046965921951, 0.25719530340780494]
[0.0, 0.7840946073111001, 0.21590539268889988]
[0.0, 0.784523825615242, 0.21547617438475797]
[0.0, 0.8953604507442805, 0.10463954925571951]
[0.0, 0.9470851351372332, 0.05291486486276678]
[0.0, 0.9233634123930501, 0.07663658760694991]
[0.0, 0.8855041261136783, 0.11449587388632165]
[0.0, 0.870629698623149, 0.129370301376851]
[0.0, 0.8711577774513357, 0.12884222254866434]
[0.0, 0.8346075322105388, 0.16539246778946112]
[0.0, 0.9044393353317226, 0.0955606646682774]
[0.0, 0.8882380593930599, 0.11176194060694014]
[0.0, 0.896289047542419, 0.10371095245758104]
[0.0, 0.868724845674086, 0.13127515432591394]
[0.0, 0.8387785056391754, 0.16122149436082456]
[0.0, 0.7965600227922975, 0.20343997720770252]
[1.0, 0.6601334951785947, 0.33986650482140535]
[1.0, 0.6113791601364091, 0.3886208398635909]
[1.0, 0.6332454720714953, 0.3667545279285047]
[1.0, 0.6270020190098389, 0.3729979809901612]
[1.0, 0.6310559149238496, 0.3689440850761504]
[1.0, 0.597040961585698, 0.4029590384143021]
[1.0, 0.6070815812300034, 0.3929184187699966]
[1.0, 0.5888912123203829, 0.41110878767961717]
[1.0, 0.5932067238502599, 0.40679327614974015]
[1.0, 0.6120052126111977, 0.38799478738880233]
[1.0, 0.5847526322572343, 0.41524736774276577]
[1.0, 0.6061709090309398, 0.39382909096906016]
[1.0, 0.5535505872803237, 0.44644941271967625]
[1.0, 0.6094352105051062, 0.39056478949489387]
[1.0, 0.5463396075355238, 0.4536603924644762]
[1.0, 0.45908883575724857, 0.5409111642427514]
[1.0, 0.526944931654963, 0.473055068345037]
[1.0, 0.484380658369882, 0.515619341630118]
[1.0, 0.5000060587694432, 0.49999394123055685]
[1.0, 0.5228905117832658, 0.4771094882167342]
[1.0, 0.452353902074076, 0.547646097925924]
[1.0, 0.5309429197716988, 0.4690570802283012]
[1.0, 0.5256655790213063, 0.47433442097869377]
[1.0, 0.515107566566285, 0.4848924334337151]
[1.0, 0.5725205800900067, 0.4274794199099933]
[1.0, 0.5192318455479965, 0.4807681544520035]
[1.0, 0.5439917818568523, 0.4560082181431478]
[1.0, 0.4939319977441887, 0.5060680022558113]
[1.0, 0.5049610958055175, 0.49503890419448254]
[1.0, 0.5244928418632736, 0.4755071581367264]
[1.0, 0.523499227267326, 0.476500772732674]
[1.0, 0.4905986433447128, 0.5094013566552872]
[1.0, 0.5425927220718598, 0.4574072779281402]
[1.0, 0.5055766229261526, 0.4944233770738474]
[1.0, 0.4701797821365269, 0.5298202178634731]
[1.0, 0.49797634465802265, 0.5020236553419773]
[1.0, 0.47056885103957613, 0.5294311489604239]
[1.0, 0.5244438472325026, 0.47555615276749746]
[1.0, 0.4607020982043696, 0.5392979017956304]
[1.0, 0.5355604059639215, 0.4644395940360785]
[1.0, 0.6010264247745083, 0.3989735752254917]
[1.0, 0.5002961042276424, 0.4997038957723577]
[1.0, 0.511264425639836, 0.48873557436016396]
[1.0, 0.40946166950999696, 0.590538330490003]
[1.0, 0.4251301217302089, 0.5748698782697911]
[1.0, 0.4880040999178742, 0.5119959000821258]
[1.0, 0.5302645307905569, 0.46973546920944304]
[1.0, 0.4732569052827149, 0.5267430947172851]
[1.0, 0.636970942012645, 0.3630290579873549]
[1.0, 0.693970650968345, 0.306029349031655]
[1.0, 0.581033340789821, 0.41896665921017895]
[1.0, 0.543595873161445, 0.45640412683855497]
[1.0, 0.4938683186474202, 0.5061316813525798]
[1.0, 0.5803168750702892, 0.4196831249297109]
[1.0, 0.5428592730630583, 0.45714072693694174]
[1.0, 0.4778108968278608, 0.5221891031721392]
[1.0, 0.5607810159628686, 0.43921898403713144]
[1.0, 0.5320422348839453, 0.46795776511605464]
[1.0, 0.5223957593607387, 0.47760424063926127]
[1.0, 0.5169926891375694, 0.4830073108624306]
[1.0, 0.5696630804317324, 0.43033691956826753]
[1.0, 0.6304420891991666, 0.36955791080083344]
[1.0, 0.586353433394796, 0.413646566605204]
[1.0, 0.5523988618732495, 0.4476011381267505]
[1.0, 0.5011844709588555, 0.4988155290411445]
[1.0, 0.5416862647367955, 0.45831373526320457]
[1.0, 0.5676180231153731, 0.4323819768846269]
[1.0, 0.5118362396439958, 0.4881637603560042]
[1.0, 0.5063304111977369, 0.4936695888022631]
[1.0, 0.477037386113099, 0.522962613886901]
[1.0, 0.49606069522995755, 0.5039393047700425]
[1.0, 0.487711403068704, 0.512288596931296]
[1.0, 0.4817505681618178, 0.5182494318381822]
[1.0, 0.5105055255520845, 0.48949447444791544]
[1.0, 0.5509139541541956, 0.44908604584580436]
[1.0, 0.5536788415385439, 0.4463211584614562]
[1.0, 0.5816569650373026, 0.4183430349626974]
[1.0, 0.5668127340572122, 0.4331872659427877]
[1.0, 0.5551480976358115, 0.4448519023641885]
[1.0, 0.49577069501974047, 0.5042293049802595]
[1.0, 0.5691734689783658, 0.43082653102163415]
[1.0, 0.5031539714667972, 0.49684602853320287]
[1.0, 0.5307499697803186, 0.4692500302196813]
[1.0, 0.5041542901036198, 0.49584570989638027]
[1.0, 0.508433107530315, 0.491566892469685]
[1.0, 0.5522857150283728, 0.44771428497162724]
[1.0, 0.562186065053629, 0.43781393494637105]
[1.0, 0.5976587965166483, 0.4023412034833517]
[1.0, 0.5786467481111435, 0.4213532518888566]
[1.0, 0.5285231909771348, 0.47147680902286515]
[1.0, 0.53209325453655, 0.46790674546345007]
[1.0, 0.5198529352313886, 0.48014706476861135]
[1.0, 0.49043134051436676, 0.5095686594856332]
[1.0, 0.4918430279587829, 0.5081569720412171]
[1.0, 0.4290158125554332, 0.5709841874445668]
[1.0, 0.4678972282252801, 0.5321027717747199]
[1.0, 0.5258358725441608, 0.47416412745583925]
[1.0, 0.5067287056095524, 0.4932712943904476]
[1.0, 0.5841212154247772, 0.4158787845752228]
[1.0, 0.4803612940939791, 0.5196387059060209]
[1.0, 0.46150289649232945, 0.5384971035076705]
[1.0, 0.5344381045614461, 0.4655618954385539]
[1.0, 0.5856166438521266, 0.4143833561478733]
[1.0, 0.5586414930728933, 0.4413585069271066]
[1.0, 0.618757829408973, 0.38124217059102705]
[1.0, 0.5061508482306128, 0.49384915176938715]
[1.0, 0.4590966333028863, 0.5409033666971137]
[1.0, 0.44580518230615485, 0.5541948176938452]
[1.0, 0.4332782679443452, 0.5667217320556548]
[1.0, 0.46382283969936133, 0.5361771603006387]
[1.0, 0.3323627629263508, 0.6676372370736492]
[1.0, 0.3521248825970479, 0.6478751174029521]
[1.0, 0.3330216739530063, 0.6669783260469937]
[1.0, 0.4524096608431445, 0.5475903391568555]
[1.0, 0.4379768830373565, 0.5620231169626435]
[1.0, 0.45064493533235617, 0.5493550646676438]
[1.0, 0.4308659696670911, 0.5691340303329089]
[1.0, 0.41462059069167145, 0.5853794093083285]
[1.0, 0.35728838234550686, 0.6427116176544931]
[1.0, 0.5289451880986986, 0.4710548119013014]
[1.0, 0.6283151443998102, 0.3716848556001898]
[1.0, 0.6146362628354641, 0.38536373716453587]
[1.0, 0.540491114438086, 0.4595088855619141]
[1.0, 0.5108984988923275, 0.4891015011076725]
[1.0, 0.5090720128691677, 0.49092798713083224]
[1.0, 0.5587419300838286, 0.4412580699161714]
[1.0, 0.5598648390828139, 0.4401351609171861]
[1.0, 0.4137252486704014, 0.5862747513295986]
[1.0, 0.5333253301867792, 0.4666746698132208]
[1.0, 0.4637102991822911, 0.5362897008177089]
[1.0, 0.4686826010464177, 0.5313173989535823]
[1.0, 0.465008167089908, 0.534991832910092]
[1.0, 0.5004818706565695, 0.4995181293434306]
[1.0, 0.506183983946163, 0.493816016053837]
[1.0, 0.4979704962809829, 0.5020295037190171]
[1.0, 0.5400187582165901, 0.4599812417834099]
[1.0, 0.6354050480038439, 0.3645949519961561]
[1.0, 0.5971194466403797, 0.4028805533596203]
[1.0, 0.4914864942084397, 0.5085135057915603]
[1.0, 0.6008364872836465, 0.3991635127163535]
[1.0, 0.5918541635659202, 0.40814583643407976]
[1.0, 0.5577123464406712, 0.44228765355932875]
[1.0, 0.5477722117959194, 0.45222778820408066]
[1.0, 0.5858822584367727, 0.41411774156322734]
[1.0, 0.49485885078282443, 0.5051411492171756]
[1.0, 0.5501866112768768, 0.44981338872312315]
[1.0, 0.527907963668836, 0.47209203633116403]
[1.0, 0.525028837595585, 0.47497116240441495]
[1.0, 0.5188219526394346, 0.48117804736056535]
[1.0, 0.5340377883569202, 0.4659622116430798]
[1.0, 0.4067830010668434, 0.5932169989331566]
[1.0, 0.47632326937178415, 0.5236767306282158]
[1.0, 0.5587380666960171, 0.44126193330398295]
[1.0, 0.5954830160211279, 0.40451698397887215]
[1.0, 0.466880384958099, 0.533119615041901]
[1.0, 0.5910100204265105, 0.4089899795734894]
[1.0, 0.5930961737752708, 0.4069038262247292]
[1.0, 0.4966113306013532, 0.5033886693986468]
[1.0, 0.573290646600922, 0.426709353399078]
[1.0, 0.5165286023904742, 0.48347139760952584]
[1.0, 0.5871360370223287, 0.41286396297767125]
[1.0, 0.5084110018932441, 0.49158899810675594]
[1.0, 0.515724636043606, 0.48427536395639403]
[1.0, 0.5423219282988844, 0.45767807170111563]
[1.0, 0.4319328270331202, 0.5680671729668798]
[1.0, 0.5306268899972657, 0.4693731100027343]
[1.0, 0.5055096292332195, 0.49449037076678054]
[1.0, 0.5398923262576073, 0.4601076737423927]
[1.0, 0.44115129761452365, 0.5588487023854763]
[1.0, 0.49212243706612824, 0.5078775629338718]
[1.0, 0.40534442038535756, 0.5946555796146424]
[1.0, 0.50528486642119, 0.49471513357881003]
[1.0, 0.47957833711025544, 0.5204216628897446]
[1.0, 0.5315791620745646, 0.46842083792543543]
[1.0, 0.5425216737286934, 0.4574783262713066]
[1.0, 0.601303376142869, 0.398696623857131]
[1.0, 0.5861209627890964, 0.4138790372109036]
[1.0, 0.6139690638522327, 0.3860309361477673]
[1.0, 0.6705932451245433, 0.3294067548754566]
[1.0, 0.6863546144106409, 0.313645385589359]
[1.0, 0.5986677647485178, 0.4013322352514822]
[1.0, 0.6028429299108473, 0.39715707008915274]
[1.0, 0.5865038698680447, 0.41349613013195524]
[1.0, 0.5836433625534516, 0.4163566374465484]
[1.0, 0.5676327434100206, 0.43236725658997943]
[1.0, 0.5528793017787824, 0.4471206982212176]
[1.0, 0.5719751807305886, 0.42802481926941144]
[1.0, 0.5656349375413465, 0.4343650624586535]
[1.0, 0.5952791159778021, 0.40472088402219786]
[1.0, 0.5561342620955267, 0.44386573790447326]
[1.0, 0.5862693053133605, 0.41373069468663953]
[1.0, 0.5298275031490862, 0.4701724968509137]
[1.0, 0.5789401411281561, 0.42105985887184394]
[1.0, 0.5864932840000343, 0.41350671599996563]
[1.0, 0.5216232450776104, 0.47837675492238957]
[1.0, 0.5532724218643414, 0.4467275781356586]
[1.0, 0.5101490087830901, 0.4898509912169099]
[1.0, 0.5219481027134194, 0.47805189728658065]
[1.0, 0.48755766661879163, 0.5124423333812084]
[1.0, 0.49315259893600005, 0.506847401064]
[1.0, 0.5533647327318503, 0.44663526726814967]
[1.0, 0.4550161854097349, 0.5449838145902651]
[1.0, 0.4923279586863676, 0.5076720413136324]
[1.0, 0.52487905109482, 0.47512094890518]
[1.0, 0.5389583574035853, 0.46104164259641467]
[1.0, 0.5431727001176447, 0.4568272998823552]
[1.0, 0.547113279339562, 0.452886720660438]
[1.0, 0.5529272471622935, 0.4470727528377065]
[1.0, 0.5680322941464403, 0.4319677058535597]
[1.0, 0.5718371984155043, 0.4281628015844957]
[1.0, 0.6642337393244354, 0.3357662606755646]
[1.0, 0.6016763648737539, 0.39832363512624613]
[1.0, 0.4694275637855029, 0.5305724362144971]
[1.0, 0.5013118743793159, 0.4986881256206841]
[1.0, 0.6069274814520361, 0.3930725185479639]
[1.0, 0.5615995765724153, 0.4384004234275846]
[1.0, 0.46252375410495417, 0.5374762458950458]
[1.0, 0.5573926280008397, 0.4426073719991603]
[1.0, 0.5091443253977834, 0.49085567460221663]
[1.0, 0.5185930356245512, 0.4814069643754489]
[1.0, 0.5117967662849494, 0.48820323371505053]
[1.0, 0.489266429470404, 0.510733570529596]
[1.0, 0.5860334829840372, 0.41396651701596276]
[1.0, 0.48722060171111436, 0.5127793982888856]
[1.0, 0.4749613939662122, 0.5250386060337878]
[1.0, 0.5044209227347114, 0.49557907726528866]
[1.0, 0.4894863479518854, 0.5105136520481146]
[1.0, 0.5022797697343134, 0.49772023026568657]
[1.0, 0.5145777466976501, 0.4854222533023499]
[1.0, 0.4448366385581283, 0.5551633614418717]
[1.0, 0.5195732885843691, 0.4804267114156309]
[1.0, 0.4467896180250802, 0.5532103819749198]
[1.0, 0.5528627088982631, 0.44713729110173694]
[1.0, 0.5453000881884831, 0.45469991181151687]
[1.0, 0.5012473525215755, 0.49875264747842457]
[1.0, 0.4949166740185118, 0.5050833259814882]
[1.0, 0.4185221965018229, 0.5814778034981771]
[1.0, 0.4678155877036295, 0.5321844122963705]
[1.0, 0.5076831902772612, 0.49231680972273884]
[1.0, 0.5832306320062084, 0.41676936799379166]
[1.0, 0.5346492486529436, 0.4653507513470564]
[1.0, 0.5450950150350599, 0.45490498496494014]
[1.0, 0.5474473977038138, 0.4525526022961862]
[1.0, 0.565030495465798, 0.434969504534202]
[1.0, 0.5153906121419588, 0.4846093878580412]
[1.0, 0.5246601750311625, 0.47533982496883753]
[1.0, 0.6021750558957675, 0.3978249441042325]
[1.0, 0.5025525256409711, 0.4974474743590289]
[1.0, 0.5981341372969669, 0.40186586270303315]
[1.0, 0.5963204933091266, 0.4036795066908734]
[1.0, 0.6055190323150679, 0.3944809676849322]
[1.0, 0.5347642386312927, 0.4652357613687072]
[1.0, 0.6313325840303434, 0.3686674159696566]
[1.0, 0.5668985404316019, 0.4331014595683981]
[1.0, 0.5380096918401441, 0.46199030815985587]
[1.0, 0.4954089687851675, 0.5045910312148325]
[1.0, 0.5416531714823365, 0.45834682851766345]
[1.0, 0.589127725333104, 0.4108722746668961]
[1.0, 0.4910952096391349, 0.5089047903608651]
[1.0, 0.5853164133532247, 0.41468358664677535]
[1.0, 0.5328390960443388, 0.46716090395566123]
[1.0, 0.4823284008716643, 0.5176715991283357]
[1.0, 0.5963827218372805, 0.40361727816271953]
[1.0, 0.5127067711857222, 0.48729322881427783]
[1.0, 0.569618411089222, 0.430381588910778]
[1.0, 0.5046057639599878, 0.4953942360400122]
[1.0, 0.5323910568361998, 0.4676089431638002]
[1.0, 0.6114917555791539, 0.388508244420846]
[1.0, 0.6152473099660358, 0.3847526900339642]
[1.0, 0.5685268048946135, 0.43147319510538645]
[1.0, 0.60207835540741, 0.39792164459259005]
[1.0, 0.5924111861556809, 0.4075888138443191]
[1.0, 0.6170016074084994, 0.38299839259150054]
[1.0, 0.5497444794357383, 0.45025552056426166]
[1.0, 0.629029818478712, 0.370970181521288]
[1.0, 0.5018527003400735, 0.49814729965992655]
[1.0, 0.5591959327693049, 0.4408040672306951]
[1.0, 0.5302927413140082, 0.4697072586859919]
[1.0, 0.5440844599524967, 0.45591554004750334]
[1.0, 0.5198606376994662, 0.4801393623005338]
[1.0, 0.46247140996075653, 0.5375285900392435]
[1.0, 0.5949276415855327, 0.4050723584144673]
[1.0, 0.4876685942143948, 0.5123314057856052]
[1.0, 0.5574157717219475, 0.44258422827805255]
[1.0, 0.47117267513951966, 0.5288273248604803]
[1.0, 0.4803364777880028, 0.5196635222119972]
[1.0, 0.5837727736499156, 0.4162272263500844]
[1.0, 0.4688972330047463, 0.5311027669952537]
[1.0, 0.6384746976033758, 0.36152530239662417]
[1.0, 0.4813832116958785, 0.5186167883041215]
[1.0, 0.48778541703113276, 0.5122145829688672]
[1.0, 0.569180267258016, 0.4308197327419841]
[1.0, 0.49406973543871147, 0.5059302645612885]
[1.0, 0.6056173716667386, 0.3943826283332614]
[1.0, 0.49608361158079517, 0.5039163884192048]
[1.0, 0.5337505922478804, 0.46624940775211965]
[1.0, 0.47964931821307, 0.52035068178693]
[1.0, 0.5401003717937594, 0.4598996282062406]
[1.0, 0.5947922913105406, 0.4052077086894595]
[1.0, 0.5075902499652062, 0.4924097500347938]
[1.0, 0.5141117642911213, 0.4858882357088788]
[1.0, 0.5006460747756114, 0.49935392522438854]
[1.0, 0.5594818721884298, 0.4405181278115701]
[1.0, 0.47754810950221993, 0.5224518904977801]
[1.0, 0.43681536040244584, 0.5631846395975542]
[1.0, 0.5938617786047622, 0.40613822139523786]
[1.0, 0.5397091692520795, 0.4602908307479205]
[1.0, 0.5719422932924356, 0.42805770670756443]
[1.0, 0.412379089233211, 0.587620910766789]
[1.0, 0.5009210658486312, 0.49907893415136884]
[1.0, 0.5479137790993267, 0.4520862209006733]
[1.0, 0.5602022764245709, 0.4397977235754292]
[1.0, 0.5919028674989479, 0.408097132501052]
[1.0, 0.5452632104795383, 0.45473678952046165]
[1.0, 0.48663726459212164, 0.5133627354078784]
[1.0, 0.5305738715463314, 0.4694261284536686]
[1.0, 0.5583607674056059, 0.4416392325943941]
[1.0, 0.5103968412935297, 0.4896031587064703]
[1.0, 0.5633530503060262, 0.4366469496939738]
[1.0, 0.6099116102100832, 0.3900883897899167]
[1.0, 0.5671529282313665, 0.4328470717686335]
[1.0, 0.5772009021913465, 0.4227990978086535]
[1.0, 0.6221753499511148, 0.3778246500488852]
[1.0, 0.5027046811739417, 0.4972953188260582]
[1.0, 0.5858849832250098, 0.4141150167749902]
[1.0, 0.5545695278762778, 0.4454304721237222]
[1.0, 0.6112846613038497, 0.38871533869615027]
[1.0, 0.5760250200167849, 0.42397497998321504]
[1.0, 0.4805036019831854, 0.5194963980168146]
[1.0, 0.5776022727011874, 0.4223977272988126]
[1.0, 0.5791856495690577, 0.42081435043094234]
[1.0, 0.5197421026613693, 0.4802578973386306]
[1.0, 0.5198199408347655, 0.4801800591652345]
[1.0, 0.5529617545560145, 0.4470382454439855]
[1.0, 0.5753667693517964, 0.4246332306482036]
[1.0, 0.5856858376171088, 0.4143141623828912]
[1.0, 0.588698683295019, 0.4113013167049811]
[1.0, 0.5216858861772818, 0.47831411382271816]
[1.0, 0.5224062571350813, 0.47759374286491874]
[1.0, 0.46639291198725386, 0.5336070880127461]
[1.0, 0.5653517800597931, 0.43464821994020686]
[1.0, 0.5437141846319886, 0.4562858153680113]
[1.0, 0.5612995681192916, 0.43870043188070845]
[1.0, 0.4705670174020691, 0.5294329825979309]
[1.0, 0.49092580943854536, 0.5090741905614546]
[1.0, 0.46906295547930055, 0.5309370445206995]
[1.0, 0.4489866514963683, 0.5510133485036317]
[1.0, 0.46185424776145556, 0.5381457522385444]
[1.0, 0.47072010075109816, 0.5292798992489018]
[1.0, 0.5345067206817916, 0.4654932793182084]
[1.0, 0.5173904381612775, 0.4826095618387225]
[1.0, 0.5914198586838136, 0.40858014131618636]
[1.0, 0.5266421206046197, 0.47335787939538027]
[1.0, 0.5608106046092003, 0.43918939539079965]
[1.0, 0.5323115422122857, 0.4676884577877143]
[1.0, 0.5391299753002297, 0.4608700246997704]
[1.0, 0.5376930900719479, 0.46230690992805207]
[1.0, 0.5149708818561451, 0.4850291181438549]
[1.0, 0.5357496484625979, 0.4642503515374022]
[1.0, 0.4747369494353102, 0.5252630505646898]
[1.0, 0.40862739098787537, 0.5913726090121246]
[1.0, 0.5381358374940088, 0.46186416250599116]
[1.0, 0.5517148027381389, 0.4482851972618611]
[1.0, 0.6206539893140801, 0.37934601068591994]
[1.0, 0.5886686472991702, 0.4113313527008298]
[1.0, 0.5421748422759993, 0.45782515772400073]
[1.0, 0.6004124068487151, 0.3995875931512849]
[1.0, 0.5444060881173947, 0.4555939118826054]
[1.0, 0.5959102339154477, 0.40408976608455227]
[1.0, 0.5456146646673941, 0.454385335332606]
[1.0, 0.5555425674184145, 0.44445743258158554]
[1.0, 0.5281216720854134, 0.4718783279145866]
[1.0, 0.5481126206213032, 0.4518873793786968]
[1.0, 0.5206828056648904, 0.47931719433510955]
[1.0, 0.4842012391851246, 0.5157987608148754]
[1.0, 0.5057654168947727, 0.4942345831052272]
[1.0, 0.46139276568356635, 0.5386072343164336]
[1.0, 0.5357803542041678, 0.4642196457958322]
[1.0, 0.45819880924100553, 0.5418011907589945]
[1.0, 0.523746355372246, 0.476253644627754]
[1.0, 0.5695747585501842, 0.43042524144981575]
[1.0, 0.5276938547231018, 0.4723061452768982]
[1.0, 0.5220946297422013, 0.4779053702577986]
[1.0, 0.4812672153723563, 0.5187327846276437]
[1.0, 0.49066132982073096, 0.509338670179269]
[1.0, 0.5764363785109465, 0.42356362148905347]
[1.0, 0.48888040291936075, 0.5111195970806393]
[1.0, 0.5656468370302988, 0.43435316296970117]
[1.0, 0.5019168594133961, 0.49808314058660386]
[1.0, 0.4424543224606112, 0.5575456775393888]
[1.0, 0.5141872950820102, 0.4858127049179898]
[1.0, 0.5213548412242774, 0.4786451587757225]
[1.0, 0.5239625231059537, 0.47603747689404624]
[1.0, 0.5083835559885705, 0.4916164440114294]
[1.0, 0.5364127567936406, 0.46358724320635936]
[1.0, 0.5909797771221286, 0.40902022287787143]
[1.0, 0.5933287461708334, 0.4066712538291666]
[1.0, 0.5723736580084213, 0.4276263419915786]
[1.0, 0.4831784447336268, 0.5168215552663732]
[1.0, 0.5112073370114756, 0.4887926629885245]
[1.0, 0.5623127060199253, 0.4376872939800746]
[1.0, 0.5422834179126206, 0.45771658208737936]
[1.0, 0.6282301369037575, 0.37176986309624244]
[1.0, 0.5996618962677679, 0.4003381037322321]
[1.0, 0.6702914611598108, 0.3297085388401893]
[1.0, 0.6437685722945122, 0.35623142770548777]
[1.0, 0.6240064956720964, 0.37599350432790357]
[1.0, 0.6517898421634885, 0.3482101578365116]
[1.0, 0.6539556155348398, 0.3460443844651601]
[1.0, 0.648347696287953, 0.35165230371204703]
[1.0, 0.6852443347384952, 0.3147556652615048]
[1.0, 0.559852415838278, 0.44014758416172195]
[1.0, 0.6266679933149955, 0.3733320066850045]
[1.0, 0.5915793795682359, 0.4084206204317641]
[1.0, 0.6017237036750888, 0.39827629632491124]
[1.0, 0.595163547188847, 0.40483645281115294]
[1.0, 0.5740137207962799, 0.42598627920372006]
[1.0, 0.6403326466514601, 0.3596673533485399]
[1.0, 0.5705443629043558, 0.4294556370956441]
[1.0, 0.582101758772685, 0.417898241227315]
[1.0, 0.5853976656449575, 0.4146023343550424]
[1.0, 0.5752549250411061, 0.42474507495889385]
[1.0, 0.6207952987902972, 0.37920470120970284]
[1.0, 0.6069105839894258, 0.39308941601057423]
[1.0, 0.5838720053164848, 0.4161279946835153]
[1.0, 0.591519741141916, 0.4084802588580841]
[1.0, 0.6806372796017657, 0.3193627203982344]
[1.0, 0.5850289266252291, 0.4149710733747709]
[0.0, 0.7443374569137577, 0.25566254308624226]
[0.0, 0.707094525681532, 0.2929054743184681]
[1.0, 0.6925372705652515, 0.30746272943474845]
[1.0, 0.5889378912856699, 0.41106210871433013]
[0.0, 0.6994853275129262, 0.3005146724870738]
[1.0, 0.6701043385691883, 0.3298956614308117]
[1.0, 0.6717268735886758, 0.3282731264113242]
[1.0, 0.6650782906928941, 0.33492170930710585]
[0.0, 0.7431031273671818, 0.2568968726328183]
[0.0, 0.6991220213897054, 0.3008779786102947]
[0.0, 0.7123742399669051, 0.28762576003309487]
[0.0, 0.7315141267241603, 0.2684858732758398]
[1.0, 0.6394476284883649, 0.3605523715116351]
[1.0, 0.6357638243121029, 0.3642361756878972]
[0.0, 0.7279068982072407, 0.27209310179275925]
[0.0, 0.7097357424396983, 0.2902642575603017]
[0.0, 0.7540390236429488, 0.24596097635705116]
[0.0, 0.7395732658168477, 0.2604267341831524]
[0.0, 0.7194942630132541, 0.28050573698674586]
[1.0, 0.6828042636374037, 0.3171957363625964]
[1.0, 0.6608864137406967, 0.3391135862593033]
[0.0, 0.7105815181305639, 0.28941848186943614]
[0.0, 0.7023913693615017, 0.2976086306384983]
[1.0, 0.6689701155506684, 0.3310298844493315]
[0.0, 0.7021127301362597, 0.2978872698637403]
[1.0, 0.6737419488858087, 0.3262580511141912]
[1.0, 0.6591658516956126, 0.3408341483043874]
[1.0, 0.6904036439600598, 0.3095963560399402]
[1.0, 0.687308237982812, 0.31269176201718796]
[0.0, 0.8714111584596161, 0.12858884154038383]
[0.0, 0.7828724044321275, 0.21712759556787256]
[0.0, 0.7654448243942591, 0.23455517560574085]
[1.0, 0.6873666582636522, 0.3126333417363479]
[1.0, 0.6827858472756139, 0.3172141527243862]
[1.0, 0.6858456630012658, 0.3141543369987342]
[1.0, 0.5280029192021694, 0.4719970807978306]
[1.0, 0.5519986470648741, 0.44800135293512583]
[1.0, 0.5655131065716569, 0.4344868934283431]
[1.0, 0.5798597491635282, 0.4201402508364718]
[1.0, 0.5869195309636145, 0.4130804690363855]
[1.0, 0.5621649944174518, 0.43783500558254823]
[1.0, 0.5250963561256741, 0.474903643874326]
[1.0, 0.5167219280379529, 0.4832780719620471]
[1.0, 0.5424940030726798, 0.4575059969273202]
[1.0, 0.49330039909992385, 0.5066996009000762]
[1.0, 0.48437537121753105, 0.515624628782469]
[1.0, 0.5204835214230916, 0.4795164785769084]
[1.0, 0.6010468472399837, 0.39895315276001636]
[1.0, 0.5540039080468675, 0.44599609195313256]
[1.0, 0.6215672706886892, 0.3784327293113108]
[1.0, 0.5350884655539607, 0.4649115344460393]
[1.0, 0.5720517415520694, 0.42794825844793066]
[1.0, 0.5308827523217057, 0.4691172476782943]
[1.0, 0.52047829318848, 0.47952170681151995]
[1.0, 0.48127142742063733, 0.5187285725793627]
[1.0, 0.5498239265908369, 0.4501760734091631]
[1.0, 0.506241248144927, 0.49375875185507295]
[1.0, 0.48624363415271166, 0.5137563658472883]
[1.0, 0.5385054301548582, 0.46149456984514187]
[1.0, 0.44885482296485313, 0.5511451770351469]
[1.0, 0.48908095467036616, 0.5109190453296338]
[1.0, 0.50599921191622, 0.49400078808378]
[1.0, 0.5687831237502894, 0.43121687624971056]
[1.0, 0.5657398957736123, 0.4342601042263877]
[1.0, 0.46931970472092, 0.53068029527908]
[1.0, 0.4847783005825764, 0.5152216994174236]
[1.0, 0.540837815953002, 0.45916218404699805]
[0.0, 0.7050918314218695, 0.29490816857813046]
[1.0, 0.6049823595298615, 0.39501764047013854]
[1.0, 0.5691868356447753, 0.4308131643552247]
[1.0, 0.6200260676719564, 0.37997393232804355]
[1.0, 0.6750101139629078, 0.3249898860370922]
[1.0, 0.5758300846044334, 0.4241699153955666]
[1.0, 0.5603035929390507, 0.4396964070609493]
[1.0, 0.5341592424538674, 0.46584075754613263]
[1.0, 0.5313292648047575, 0.4686707351952425]
[1.0, 0.5798422153388969, 0.42015778466110315]
[1.0, 0.5680639689213685, 0.4319360310786315]
[1.0, 0.5606463390949443, 0.43935366090505573]
[1.0, 0.4834249417714328, 0.5165750582285672]
[1.0, 0.4963780759601979, 0.5036219240398021]
[1.0, 0.5424355809458594, 0.4575644190541406]
[1.0, 0.5398214725770449, 0.4601785274229551]
[1.0, 0.4912310128070916, 0.5087689871929084]
[1.0, 0.47782601511017153, 0.5221739848898285]
[1.0, 0.513167396693255, 0.48683260330674505]
[1.0, 0.5288860766027665, 0.4711139233972335]
[1.0, 0.5415832022492247, 0.45841679775077526]
[1.0, 0.587807330868866, 0.41219266913113395]
[1.0, 0.5301130839278513, 0.4698869160721487]
[1.0, 0.5227761966657002, 0.4772238033342998]
[1.0, 0.5975441930535332, 0.4024558069464667]
[1.0, 0.5558032766201835, 0.4441967233798165]
[1.0, 0.5376935033943152, 0.4623064966056848]
[1.0, 0.4834977128073056, 0.5165022871926944]
[1.0, 0.49566928443499325, 0.5043307155650067]
[1.0, 0.4940623849866712, 0.5059376150133288]
[1.0, 0.4990776933925123, 0.5009223066074877]
[1.0, 0.6086087967358607, 0.3913912032641393]
[1.0, 0.5256592501497497, 0.47434074985025027]
[1.0, 0.5486799620829785, 0.4513200379170215]
[1.0, 0.4931463982621549, 0.5068536017378451]
[1.0, 0.5082920198896936, 0.49170798011030636]
[1.0, 0.6156116210449019, 0.3843883789550982]
[1.0, 0.5156871200257487, 0.48431287997425126]
[1.0, 0.5882465815715399, 0.4117534184284601]
[1.0, 0.49102567053013135, 0.5089743294698686]
[1.0, 0.48414280874611215, 0.5158571912538878]
[1.0, 0.464616878439438, 0.535383121560562]
[1.0, 0.5096744221817644, 0.49032557781823566]
[1.0, 0.507443004929816, 0.4925569950701841]
[1.0, 0.569992553833619, 0.43000744616638104]
[1.0, 0.49907644103610904, 0.500923558963891]
[1.0, 0.5328143557166799, 0.4671856442833201]
[1.0, 0.5329461640203754, 0.4670538359796245]
[1.0, 0.5475023199913884, 0.4524976800086115]
[1.0, 0.5478908081979303, 0.45210919180206965]
[1.0, 0.5411314421619952, 0.45886855783800484]
[1.0, 0.4999804452987596, 0.5000195547012404]
[1.0, 0.542679448073162, 0.4573205519268379]
[1.0, 0.5409106783965507, 0.45908932160344923]
[1.0, 0.6151517304277359, 0.3848482695722642]
[1.0, 0.590793383546294, 0.409206616453706]
[1.0, 0.5929185936200823, 0.4070814063799177]
[1.0, 0.667605292403551, 0.33239470759644896]
[1.0, 0.6422224657112866, 0.3577775342887134]
[1.0, 0.6290453977650843, 0.3709546022349157]
[1.0, 0.6358210367867843, 0.3641789632132157]
[1.0, 0.6744225699007544, 0.3255774300992455]
[1.0, 0.6409888425794832, 0.35901115742051676]
[1.0, 0.5775976458803405, 0.42240235411965954]
[1.0, 0.6367656507399471, 0.3632343492600529]
[1.0, 0.5907463733305647, 0.4092536266694354]
[1.0, 0.5771986892412844, 0.4228013107587156]
[1.0, 0.5682102358482397, 0.4317897641517603]
[1.0, 0.5198251422660126, 0.4801748577339874]
[1.0, 0.5516210805922678, 0.4483789194077322]
[1.0, 0.5535686232447246, 0.44643137675527544]
[1.0, 0.5429570350664885, 0.45704296493351154]
[1.0, 0.5499830345229055, 0.45001696547709447]
[1.0, 0.5209457258159279, 0.4790542741840721]
[1.0, 0.5950437892184572, 0.40495621078154276]
[1.0, 0.5352508374567615, 0.46474916254323845]
[1.0, 0.49844577845110705, 0.501554221548893]
[1.0, 0.5153730954151817, 0.4846269045848183]
[1.0, 0.47485850973096455, 0.5251414902690354]
[1.0, 0.47753976881427873, 0.5224602311857213]
[1.0, 0.5075222016447, 0.49247779835530003]
[1.0, 0.5156806223486691, 0.48431937765133093]
[1.0, 0.4511640679007245, 0.5488359320992755]
[1.0, 0.5102454122867806, 0.4897545877132195]
[1.0, 0.5149452344841319, 0.48505476551586807]
[1.0, 0.5129775474895323, 0.4870224525104677]
[1.0, 0.5426358354198744, 0.4573641645801257]
[1.0, 0.46790410380135383, 0.5320958961986462]
[1.0, 0.5564492812693695, 0.4435507187306304]
[1.0, 0.5306172390860586, 0.4693827609139413]
[1.0, 0.49235293978718575, 0.5076470602128142]
[1.0, 0.5363506745464001, 0.46364932545359994]
[1.0, 0.4963857024378867, 0.5036142975621133]
[1.0, 0.5710898135344572, 0.4289101864655428]
[1.0, 0.5015139560766984, 0.4984860439233016]
[1.0, 0.5626959688690304, 0.4373040311309696]
[1.0, 0.5146490249525005, 0.48535097504749947]
[1.0, 0.5141196862803059, 0.4858803137196941]
[1.0, 0.6383848027228238, 0.36161519727717617]
[1.0, 0.5436481562643138, 0.4563518437356862]
[1.0, 0.6342010358178464, 0.36579896418215363]
[1.0, 0.5398308047968072, 0.4601691952031927]
[1.0, 0.5718907757763676, 0.42810922422363246]
[1.0, 0.6381781753511478, 0.36182182464885215]
[1.0, 0.6339188878654274, 0.3660811121345726]
[1.0, 0.5670768561685382, 0.43292314383146185]
[1.0, 0.5094638936117227, 0.49053610638827727]
[1.0, 0.5801442541691522, 0.4198557458308478]
[1.0, 0.6064064006494587, 0.3935935993505412]
[1.0, 0.6377004668403055, 0.36229953315969454]
[1.0, 0.6182471331031605, 0.3817528668968395]
[1.0, 0.6602190210962211, 0.33978097890377895]
[1.0, 0.6582428905102791, 0.3417571094897209]
[1.0, 0.6223761735780051, 0.3776238264219948]
[1.0, 0.652673923069234, 0.34732607693076606]
[1.0, 0.6260657538741011, 0.3739342461258989]
[1.0, 0.6098445830170187, 0.39015541698298123]
[1.0, 0.6584808903240655, 0.3415191096759344]
[1.0, 0.6120728541619846, 0.3879271458380154]
[1.0, 0.5801280262329689, 0.41987197376703117]
[0.0, 0.7132179614747021, 0.2867820385252979]
[1.0, 0.34428743996809286, 0.6557125600319071]
[1.0, 0.29674767097846844, 0.7032523290215316]
[1.0, 0.3165801032326242, 0.6834198967673758]
[1.0, 0.2980417151033188, 0.7019582848966812]
[1.0, 0.34918675647200026, 0.6508132435279997]
[1.0, 0.32899505476490576, 0.6710049452350942]
[1.0, 0.3482891466292273, 0.6517108533707727]
[1.0, 0.36346772725926113, 0.6365322727407389]
[1.0, 0.39407331578420146, 0.6059266842157985]
[1.0, 0.2923656937056409, 0.7076343062943591]
[1.0, 0.41826951978395077, 0.5817304802160492]
[1.0, 0.48529002761937556, 0.5147099723806244]
[1.0, 0.4857339749288615, 0.5142660250711385]
[1.0, 0.4881953582930253, 0.5118046417069747]
[1.0, 0.50644542579251, 0.49355457420749]
[1.0, 0.48913859281726113, 0.5108614071827389]
[1.0, 0.5654246262039946, 0.43457537379600536]
[1.0, 0.6264374148107197, 0.37356258518928026]
[1.0, 0.5293793020100167, 0.4706206979899833]
[1.0, 0.5773196186210547, 0.42268038137894526]
[1.0, 0.5900268828605173, 0.40997311713948265]
[1.0, 0.5446003344052683, 0.45539966559473166]
[1.0, 0.5621398726601952, 0.4378601273398049]
[1.0, 0.6261352217787863, 0.3738647782212136]
[1.0, 0.541279992718054, 0.458720007281946]
[1.0, 0.666589401982713, 0.33341059801728706]
[1.0, 0.5705500831978177, 0.42944991680218225]
[1.0, 0.665806553079699, 0.33419344692030095]
[1.0, 0.5893820995574385, 0.4106179004425615]
[1.0, 0.6690949353379092, 0.33090506466209085]
[1.0, 0.5954277358891222, 0.40457226411087777]
[1.0, 0.6534985397274179, 0.3465014602725821]
[1.0, 0.5552111175745107, 0.44478888242548925]
[1.0, 0.440738443317474, 0.559261556682526]
[1.0, 0.47248661891048205, 0.527513381089518]
[1.0, 0.5386274974783908, 0.4613725025216092]
[1.0, 0.46686463103482034, 0.5331353689651797]
[1.0, 0.42004497837838684, 0.5799550216216132]
[1.0, 0.4411902745765539, 0.5588097254234461]
[1.0, 0.497559313111976, 0.502440686888024]
[1.0, 0.45694762898475283, 0.5430523710152472]
[1.0, 0.42951762443161356, 0.5704823755683864]
[1.0, 0.4123421330861404, 0.5876578669138596]
[1.0, 0.4081631172432627, 0.5918368827567373]
[1.0, 0.45968154782722725, 0.5403184521727727]
[1.0, 0.482100312473699, 0.517899687526301]
[1.0, 0.4466712324902131, 0.5533287675097869]
[1.0, 0.4856023820910661, 0.5143976179089339]
[1.0, 0.38002354349588197, 0.619976456504118]
[1.0, 0.4124052893713527, 0.5875947106286473]
[1.0, 0.43207767874751224, 0.5679223212524878]
[1.0, 0.46757456193004177, 0.5324254380699582]
[1.0, 0.45979978458091764, 0.5402002154190824]
[1.0, 0.4758163089329458, 0.5241836910670542]
[1.0, 0.4115623287268829, 0.5884376712731171]
[1.0, 0.43103842147208005, 0.56896157852792]
[1.0, 0.40588831073420883, 0.5941116892657912]
[1.0, 0.3867687929713848, 0.6132312070286152]
[1.0, 0.45810960839159276, 0.5418903916084072]
[1.0, 0.4539207083987552, 0.5460792916012448]
[1.0, 0.47034907356583244, 0.5296509264341676]
[1.0, 0.517278967374965, 0.48272103262503496]
[1.0, 0.5038965435879869, 0.49610345641201314]
[1.0, 0.5345674865143292, 0.46543251348567083]
[1.0, 0.5161719465585739, 0.4838280534414261]
[1.0, 0.5006656409688426, 0.49933435903115747]
[1.0, 0.4904147119079131, 0.5095852880920869]
[1.0, 0.5073085866553367, 0.49269141334466326]
[1.0, 0.49556753853622826, 0.5044324614637717]
[1.0, 0.5172078797215894, 0.48279212027841056]
[1.0, 0.49796608908041107, 0.5020339109195889]
[1.0, 0.41078026614241014, 0.5892197338575899]
[1.0, 0.3981034461356274, 0.6018965538643726]
[1.0, 0.39537137655662946, 0.6046286234433705]
[1.0, 0.43014550035292676, 0.5698544996470732]
[1.0, 0.5059841878854507, 0.4940158121145493]
[1.0, 0.5234269511816815, 0.4765730488183185]
[1.0, 0.5230412148784205, 0.47695878512157946]
[1.0, 0.5572401292321096, 0.4427598707678904]
[1.0, 0.5988308635518123, 0.4011691364481877]
[1.0, 0.5257257019541112, 0.47427429804588883]
[1.0, 0.5315025050581884, 0.4684974949418116]
[1.0, 0.6015821983880618, 0.39841780161193824]
[1.0, 0.526824046923984, 0.47317595307601606]
[1.0, 0.5661715324540452, 0.43382846754595483]
[1.0, 0.4395357661447118, 0.5604642338552882]
[1.0, 0.5508591472977411, 0.44914085270225884]
[1.0, 0.5271316261962207, 0.47286837380377933]
[1.0, 0.5319641770230734, 0.46803582297692653]
[1.0, 0.5304223841297322, 0.46957761587026775]
[1.0, 0.5308693264266184, 0.4691306735733815]
[1.0, 0.49494762246320134, 0.5050523775367987]
[1.0, 0.566588781667468, 0.433411218332532]
[1.0, 0.49000236664228036, 0.5099976333577196]
[1.0, 0.5504804143030912, 0.4495195856969087]
[1.0, 0.5685826824417197, 0.4314173175582803]
[1.0, 0.535621074619967, 0.46437892538003306]
[1.0, 0.580074854405813, 0.419925145594187]
[1.0, 0.5275330725960279, 0.4724669274039721]
[1.0, 0.6132466196524644, 0.3867533803475356]
[1.0, 0.542020101952151, 0.457979898047849]
[1.0, 0.5758947273729612, 0.4241052726270388]
[1.0, 0.5538594549033242, 0.4461405450966757]
[1.0, 0.6038496611145108, 0.39615033888548923]
[1.0, 0.649563593314983, 0.350436406685017]
[0.0, 0.7552390930372338, 0.24476090696276617]
[0.0, 0.7948802043681913, 0.2051197956318087]
[0.0, 0.7471407026325165, 0.2528592973674834]
[1.0, 0.5571754966317434, 0.44282450336825663]
[1.0, 0.42482505269641857, 0.5751749473035814]
[1.0, 0.3208310118031079, 0.6791689881968921]
[1.0, 0.3008936489849635, 0.6991063510150365]
[1.0, 0.29602479018340144, 0.7039752098165986]
[1.0, 0.350240160794722, 0.649759839205278]
[1.0, 0.343252644748813, 0.656747355251187]
[1.0, 0.4389247718103837, 0.5610752281896163]
[1.0, 0.39009099782116197, 0.609909002178838]
[1.0, 0.3184474988884052, 0.6815525011115948]
[1.0, 0.4228904956934859, 0.5771095043065141]
[1.0, 0.4061664378560851, 0.5938335621439149]
[1.0, 0.4194926049852076, 0.5805073950147924]
[1.0, 0.40332455908119125, 0.5966754409188088]
[1.0, 0.42184547791856175, 0.5781545220814382]
[1.0, 0.408901077911934, 0.591098922088066]
[1.0, 0.3852826200647752, 0.6147173799352248]
[1.0, 0.3715469167411064, 0.6284530832588936]
[1.0, 0.41412788350581364, 0.5858721164941864]
[1.0, 0.40672315515993596, 0.593276844840064]
[1.0, 0.4948156266389251, 0.5051843733610749]
[1.0, 0.48585680247493157, 0.5141431975250684]
[1.0, 0.44142809946861705, 0.558571900531383]
[1.0, 0.5330236407049243, 0.4669763592950757]
[1.0, 0.44791321004089213, 0.5520867899591079]
[1.0, 0.511357882809419, 0.4886421171905811]
[1.0, 0.5335118821173294, 0.46648811788267064]
[1.0, 0.4936623195046017, 0.5063376804953983]
[1.0, 0.5053990280139014, 0.49460097198609865]
[1.0, 0.5276760973304251, 0.47232390266957486]
[1.0, 0.5090188662146601, 0.4909811337853399]
[1.0, 0.5306426726031579, 0.4693573273968421]
[1.0, 0.5246375816175082, 0.4753624183824919]
[1.0, 0.49243629357908514, 0.5075637064209149]
[1.0, 0.5169819392518995, 0.4830180607481005]
[1.0, 0.5500450562435556, 0.4499549437564444]
[1.0, 0.49703790341576215, 0.5029620965842378]
[1.0, 0.4683514090419656, 0.5316485909580344]
[1.0, 0.5287936881765078, 0.4712063118234921]
[1.0, 0.5293650969928929, 0.4706349030071071]
[1.0, 0.4808444522039007, 0.5191555477960993]
[1.0, 0.40495023846570466, 0.5950497615342953]
[1.0, 0.375008212002227, 0.624991787997773]
[1.0, 0.4109775897222463, 0.5890224102777537]
[1.0, 0.4577789501659232, 0.5422210498340768]
[1.0, 0.43209824768806737, 0.5679017523119326]
[1.0, 0.4721966951321164, 0.5278033048678836]
[1.0, 0.4690744006426715, 0.5309255993573285]
[1.0, 0.450543165974283, 0.549456834025717]
[1.0, 0.4985784105781852, 0.5014215894218148]
[1.0, 0.47286052271060064, 0.5271394772893994]
[1.0, 0.47088291883981026, 0.5291170811601897]
[1.0, 0.5514925877739345, 0.44850741222606555]
[1.0, 0.5426801880140754, 0.45731981198592464]
[1.0, 0.4621069833052598, 0.5378930166947402]
[1.0, 0.4709374997016482, 0.5290625002983518]
[1.0, 0.5133014062951384, 0.48669859370486157]
[1.0, 0.6149024698151179, 0.38509753018488213]
[1.0, 0.5234006904430846, 0.4765993095569155]
[1.0, 0.6370594152933637, 0.3629405847066363]
[1.0, 0.573938587563255, 0.426061412436745]
[1.0, 0.6073834948323933, 0.39261650516760677]
[1.0, 0.6312711409119174, 0.3687288590880826]
[1.0, 0.6552055790861779, 0.3447944209138221]
[1.0, 0.6449325700504605, 0.35506742994953955]
[1.0, 0.6671491757681802, 0.33285082423181983]
[1.0, 0.6783790166449891, 0.3216209833550109]
[1.0, 0.6593850172234048, 0.34061498277659513]
[1.0, 0.6826330899182453, 0.31736691008175466]
[1.0, 0.6425245740212268, 0.35747542597877324]
[1.0, 0.6515067777234917, 0.3484932222765083]
[0.0, 0.7045881063521242, 0.29541189364787585]
[0.0, 0.730413672213056, 0.269586327786944]
[1.0, 0.6941053209517121, 0.3058946790482879]
[1.0, 0.6926742252300027, 0.3073257747699974]
[1.0, 0.6685188359780502, 0.3314811640219498]
[1.0, 0.5496879636817337, 0.45031203631826633]
[1.0, 0.6446327537676192, 0.3553672462323808]
[1.0, 0.6688368381236949, 0.3311631618763051]
[1.0, 0.6383821271124195, 0.3616178728875805]
[1.0, 0.6565955387971433, 0.3434044612028567]
[1.0, 0.6700242590918662, 0.32997574090813375]
[0.0, 0.7079231098680886, 0.2920768901319114]
[1.0, 0.6832286282658151, 0.3167713717341849]
[1.0, 0.5740499858239413, 0.4259500141760587]
[1.0, 0.4949723917752231, 0.5050276082247769]
[1.0, 0.4676069879689224, 0.5323930120310776]
[1.0, 0.4521996142357899, 0.5478003857642101]
[1.0, 0.4722869726799407, 0.5277130273200593]
[1.0, 0.4394976651906304, 0.5605023348093696]
[1.0, 0.41575188802353014, 0.5842481119764699]
[1.0, 0.4441462872377112, 0.5558537127622888]
[1.0, 0.42032095125875113, 0.5796790487412489]
[1.0, 0.4439015138857898, 0.5560984861142102]
[1.0, 0.410155397870159, 0.589844602129841]
[1.0, 0.39102168542938465, 0.6089783145706154]
[1.0, 0.36414394411567275, 0.6358560558843273]
[1.0, 0.37877988225920634, 0.6212201177407937]
[1.0, 0.3743328357447365, 0.6256671642552635]
[1.0, 0.35963618956861565, 0.6403638104313844]
[1.0, 0.4308015466071897, 0.5691984533928103]
[1.0, 0.37313533771174456, 0.6268646622882554]
[1.0, 0.4147706418986419, 0.5852293581013581]
[1.0, 0.4032859812155999, 0.5967140187844001]
[1.0, 0.4725358151149247, 0.5274641848850753]
[1.0, 0.4509129411954583, 0.5490870588045417]
[1.0, 0.4375048566743234, 0.5624951433256766]
[1.0, 0.42422017988379335, 0.5757798201162067]
[1.0, 0.4714901824135139, 0.5285098175864861]
[1.0, 0.5352952515093135, 0.46470474849068655]
[1.0, 0.5017941828308774, 0.49820581716912266]
[1.0, 0.4404253455522943, 0.5595746544477057]
[1.0, 0.44851552351233026, 0.5514844764876697]
[1.0, 0.44299266519881975, 0.5570073348011803]
[1.0, 0.4414174034817848, 0.5585825965182152]
[1.0, 0.336452859187646, 0.663547140812354]
[1.0, 0.35675548094182863, 0.6432445190581714]
[1.0, 0.38619411822887617, 0.6138058817711238]
[1.0, 0.4093955656104463, 0.5906044343895537]
[1.0, 0.38349090624344406, 0.6165090937565559]
[1.0, 0.46076988060114143, 0.5392301193988586]
[1.0, 0.383593471106098, 0.616406528893902]
[1.0, 0.3833083427645875, 0.6166916572354125]
[1.0, 0.4208776136038075, 0.5791223863961925]
[1.0, 0.4549242691989922, 0.5450757308010078]
[1.0, 0.486008955728194, 0.513991044271806]
[1.0, 0.4824009449877419, 0.5175990550122581]
[1.0, 0.4975926924865547, 0.5024073075134453]
[1.0, 0.5498497517645566, 0.4501502482354434]
[1.0, 0.47966828036572506, 0.5203317196342749]
[1.0, 0.54279437740691, 0.4572056225930901]
[1.0, 0.5886008035378274, 0.41139919646217266]
[1.0, 0.5198501235350079, 0.48014987646499213]
[1.0, 0.6502012876162049, 0.3497987123837951]
[1.0, 0.5404109915149865, 0.4595890084850135]
[1.0, 0.632413986039655, 0.36758601396034496]
[0.0, 0.7066903070540953, 0.2933096929459047]
[1.0, 0.6730271914282826, 0.32697280857171745]
[1.0, 0.6763821229554065, 0.32361787704459355]
[1.0, 0.6855462124314574, 0.3144537875685426]
[0.0, 0.7087908903692801, 0.2912091096307199]
[0.0, 0.7537627535438638, 0.24623724645613623]
[0.0, 0.7147814673516115, 0.2852185326483884]
[0.0, 0.7538133760476424, 0.24618662395235758]
[0.0, 0.750368206053586, 0.249631793946414]
[0.0, 0.7110388563115266, 0.2889611436884733]
[0.0, 0.7227776910939441, 0.277222308906056]
[1.0, 0.6561816865878718, 0.3438183134121282]
[1.0, 0.674554899047113, 0.32544510095288703]
[1.0, 0.6433230407601436, 0.35667695923985643]
[1.0, 0.6437461646022697, 0.3562538353977303]
[1.0, 0.5867039527016322, 0.4132960472983678]
[1.0, 0.6694021464341802, 0.3305978535658198]
[1.0, 0.6155144954879475, 0.38448550451205254]
[1.0, 0.6432523708592698, 0.3567476291407302]
[1.0, 0.6517262691190826, 0.34827373088091734]
[0.0, 0.699253818177698, 0.30074618182230195]
[0.0, 0.7212408729704083, 0.27875912702959166]
[0.0, 0.7025408392352057, 0.29745916076479434]
[0.0, 0.7171686653970608, 0.28283133460293913]
[1.0, 0.6703352593997525, 0.3296647406002475]
[1.0, 0.641143130291479, 0.3588568697085211]
[1.0, 0.6862371552661215, 0.31376284473387844]
[0.0, 0.8287842140814097, 0.17121578591859032]
[0.0, 0.8550077404300526, 0.1449922595699474]
[0.0, 0.8547753268870868, 0.14522467311291318]
[0.0, 0.8067901574954917, 0.19320984250450832]
[0.0, 0.7841252962625065, 0.21587470373749357]
[0.0, 0.7886317362614579, 0.21136826373854214]
[0.0, 0.7976806463572337, 0.20231935364276632]
[0.0, 0.7991543416685777, 0.20084565833142234]
[0.0, 0.755706783966227, 0.24429321603377294]
[1.0, 0.4989038135201471, 0.5010961864798529]
[1.0, 0.4370393034735015, 0.5629606965264985]
[1.0, 0.5015236193588183, 0.4984763806411817]
[1.0, 0.5342551959506527, 0.46574480404934726]
[1.0, 0.5294613805196933, 0.4705386194803067]
[1.0, 0.5916431680326728, 0.40835683196732714]
[1.0, 0.4643350640792898, 0.5356649359207102]
[1.0, 0.46988745026769907, 0.5301125497323009]
[1.0, 0.516077510724207, 0.48392248927579296]
[1.0, 0.4785249278211654, 0.5214750721788346]
[1.0, 0.4786891050523602, 0.5213108949476398]
[1.0, 0.4853031319810488, 0.5146968680189512]
[1.0, 0.46953617347599774, 0.5304638265240023]
[1.0, 0.5004619557584884, 0.49953804424151166]
[1.0, 0.4690990426660385, 0.5309009573339615]
[1.0, 0.5078518743357379, 0.4921481256642621]
[1.0, 0.5085729298668928, 0.4914270701331072]
[1.0, 0.5269361454809891, 0.47306385451901095]
[1.0, 0.5751479411489633, 0.42485205885103666]
[1.0, 0.5229138441982146, 0.4770861558017853]
[1.0, 0.5108610589345914, 0.4891389410654085]
[1.0, 0.5064402659694704, 0.49355973403052955]
[1.0, 0.4731116904262824, 0.5268883095737176]
[1.0, 0.4973145554842493, 0.5026854445157507]
[1.0, 0.4688111390903431, 0.5311888609096569]
[1.0, 0.5360570797284744, 0.4639429202715256]
[1.0, 0.47257137292421236, 0.5274286270757876]
[1.0, 0.5412859915315755, 0.4587140084684244]
[1.0, 0.5235239481089498, 0.4764760518910502]
[1.0, 0.4919603791079884, 0.5080396208920116]
[1.0, 0.5445365762445538, 0.45546342375544624]
[1.0, 0.5128367510646341, 0.48716324893536594]
[1.0, 0.5252513497753203, 0.4747486502246797]
[1.0, 0.5127379379897672, 0.48726206201023275]
[1.0, 0.5337062064041351, 0.4662937935958649]
[1.0, 0.4900096626682545, 0.5099903373317455]
[1.0, 0.49777570773683033, 0.5022242922631697]
[1.0, 0.4658562635258475, 0.5341437364741525]
[1.0, 0.5516957825536175, 0.44830421744638255]
[1.0, 0.5425348512483108, 0.45746514875168925]
[1.0, 0.5112575076361752, 0.4887424923638249]
[0.0, 0.7113123285773677, 0.28868767142263235]
[1.0, 0.6567309503607952, 0.34326904963920474]
[1.0, 0.6880433232562367, 0.31195667674376326]
[1.0, 0.6198673718946304, 0.3801326281053696]
[1.0, 0.6131547574960854, 0.3868452425039146]
[1.0, 0.6403414214286705, 0.3596585785713296]
[1.0, 0.6191637035643229, 0.3808362964356771]
[1.0, 0.6065787414520898, 0.39342125854791027]
[1.0, 0.6941884036208614, 0.30581159637913863]
[1.0, 0.5946939143691004, 0.40530608563089965]
[1.0, 0.5824426168942326, 0.4175573831057674]
[1.0, 0.54770900217772, 0.45229099782228]
[1.0, 0.6330841370209749, 0.3669158629790251]
[1.0, 0.6245627954422348, 0.37543720455776514]
[1.0, 0.5507791667244126, 0.4492208332755874]
[1.0, 0.5907318604608749, 0.40926813953912516]
[1.0, 0.6749527169175142, 0.3250472830824857]
[0.0, 0.7239769234398956, 0.27602307656010433]
[1.0, 0.6956881359200862, 0.3043118640799139]
[0.0, 0.7070503745354768, 0.2929496254645232]
[1.0, 0.5924731535892268, 0.4075268464107732]
[1.0, 0.5780900286003109, 0.4219099713996891]
[1.0, 0.5020940916903431, 0.49790590830965686]
[1.0, 0.4612754337272138, 0.5387245662727862]
[1.0, 0.4658784802720456, 0.5341215197279544]
[1.0, 0.49297520114686, 0.50702479885314]
[1.0, 0.46055403945903917, 0.5394459605409608]
[1.0, 0.50826807568909, 0.49173192431090995]
[1.0, 0.44021535635918563, 0.5597846436408144]
[1.0, 0.5483718069289999, 0.4516281930710001]
[1.0, 0.5637012176488114, 0.4362987823511885]
[1.0, 0.5101559345876738, 0.4898440654123262]
[1.0, 0.59931046365768, 0.4006895363423199]
[1.0, 0.5256880292158768, 0.4743119707841233]
[1.0, 0.585955622822139, 0.414044377177861]
[1.0, 0.5334341737707986, 0.4665658262292014]
[1.0, 0.560646101446644, 0.4393538985533561]
[1.0, 0.5183071065391764, 0.4816928934608235]
[1.0, 0.5538048231857486, 0.4461951768142513]
[1.0, 0.5232382252654897, 0.47676177473451037]
[1.0, 0.5043106347398257, 0.49568936526017426]
[1.0, 0.505653612701718, 0.49434638729828195]
[1.0, 0.5695496749385207, 0.43045032506147923]
[1.0, 0.5839379423092319, 0.41606205769076815]
[1.0, 0.5249713936900071, 0.47502860630999283]
[1.0, 0.5141365273018341, 0.4858634726981658]
[1.0, 0.5605648346504244, 0.4394351653495756]
[1.0, 0.5519782982840953, 0.4480217017159047]
[1.0, 0.6096203421700574, 0.3903796578299425]
[1.0, 0.5856520468041642, 0.4143479531958358]
[1.0, 0.5131998838149537, 0.48680011618504626]
[1.0, 0.5773163872082587, 0.4226836127917413]
[1.0, 0.6667094836036978, 0.33329051639630225]
[0.0, 0.6986412626348706, 0.3013587373651294]
[0.0, 0.7103107780421627, 0.28968922195783736]
[1.0, 0.5861599447785393, 0.41384005522146067]
[1.0, 0.633998541220282, 0.36600145877971807]
[1.0, 0.5255396405441854, 0.4744603594558146]
[1.0, 0.48999679792234174, 0.5100032020776583]
[1.0, 0.48878911760041854, 0.5112108823995815]
[1.0, 0.4999022051615789, 0.5000977948384211]
[1.0, 0.4735183091777603, 0.5264816908222397]
[1.0, 0.48256004025968524, 0.5174399597403148]
[1.0, 0.44969341867243573, 0.5503065813275643]
[1.0, 0.4839668958272244, 0.5160331041727756]
[1.0, 0.3574131420237966, 0.6425868579762034]
[1.0, 0.4221009053635524, 0.5778990946364476]
[1.0, 0.4819843210974535, 0.5180156789025465]
[1.0, 0.45798110056481434, 0.5420188994351857]
[1.0, 0.5784323727585035, 0.4215676272414966]
[1.0, 0.47173050600342803, 0.528269493996572]
[1.0, 0.5648078837790436, 0.4351921162209565]
[1.0, 0.5107640332007359, 0.489235966799264]
[1.0, 0.5063116334575835, 0.4936883665424166]
[1.0, 0.5902893311417877, 0.4097106688582123]
[1.0, 0.620747835251376, 0.37925216474862394]
[1.0, 0.5200698129307577, 0.4799301870692423]
[1.0, 0.5777395254702584, 0.4222604745297416]
[1.0, 0.5271202590287339, 0.47287974097126606]
[1.0, 0.5510408191754095, 0.44895918082459046]
[1.0, 0.5334094423441303, 0.46659055765586965]
[1.0, 0.5861283529870103, 0.4138716470129898]
[1.0, 0.5694071140525641, 0.4305928859474359]
[1.0, 0.5707709989652768, 0.42922900103472317]
[1.0, 0.5863129741739125, 0.4136870258260875]
[1.0, 0.6392594308462278, 0.36074056915377223]
[1.0, 0.5993424695658743, 0.40065753043412566]
[1.0, 0.5984636041911049, 0.4015363958088951]
[1.0, 0.6696527648187599, 0.3303472351812401]
[1.0, 0.5329326108281831, 0.46706738917181684]
[1.0, 0.5542051956038796, 0.4457948043961204]
[1.0, 0.5414017521107336, 0.4585982478892664]
[1.0, 0.5861432770943553, 0.41385672290564474]
[1.0, 0.5556444160881707, 0.4443555839118293]
[1.0, 0.5182475645916691, 0.4817524354083309]
[1.0, 0.5704535630016683, 0.4295464369983318]
[1.0, 0.5820467489062732, 0.41795325109372683]
[1.0, 0.6265156797611718, 0.37348432023882816]
[1.0, 0.5323551685782906, 0.4676448314217095]
[1.0, 0.625381667518633, 0.374618332481367]
[1.0, 0.5066282795462927, 0.49337172045370725]
[1.0, 0.5880769088487761, 0.411923091151224]
[1.0, 0.5749653053546684, 0.42503469464533156]
[1.0, 0.592182447157398, 0.40781755284260207]
[1.0, 0.6127978532419175, 0.3872021467580825]
[1.0, 0.5721394394098883, 0.4278605605901117]
[1.0, 0.6114821490608321, 0.3885178509391679]
[1.0, 0.6233387979663745, 0.3766612020336255]
[1.0, 0.622809196930263, 0.37719080306973696]
[1.0, 0.6244370086353157, 0.37556299136468424]
[1.0, 0.6048218507369643, 0.39517814926303574]
[1.0, 0.6034549493964465, 0.39654505060355355]
[1.0, 0.5863073180545793, 0.41369268194542075]
[1.0, 0.6223524197144839, 0.3776475802855161]
[1.0, 0.6463329106111015, 0.3536670893888985]
[1.0, 0.602770179677047, 0.397229820322953]
[1.0, 0.6189315780335102, 0.3810684219664898]
[1.0, 0.5867395031433085, 0.4132604968566915]
[1.0, 0.5705676678714251, 0.42943233212857496]
[1.0, 0.553227648315008, 0.4467723516849919]
[1.0, 0.6756196950109097, 0.32438030498909026]
[1.0, 0.5122827848433864, 0.48771721515661354]
[1.0, 0.4630627330536733, 0.5369372669463267]
[1.0, 0.4390260524887001, 0.5609739475112999]
[1.0, 0.4628325999359516, 0.5371674000640484]
[1.0, 0.46158180835343876, 0.5384181916465612]
[1.0, 0.44217930177874, 0.55782069822126]
[1.0, 0.4869825254401685, 0.5130174745598315]
[1.0, 0.5967083805345372, 0.40329161946546277]
[1.0, 0.625032387074546, 0.37496761292545405]
[1.0, 0.6659788171365073, 0.33402118286349264]
[1.0, 0.6179567781386418, 0.3820432218613582]
[1.0, 0.5161236310787304, 0.4838763689212696]
[1.0, 0.586158746216064, 0.413841253783936]
[1.0, 0.5831666812012761, 0.4168333187987239]
[1.0, 0.5949183363516835, 0.4050816636483165]
[1.0, 0.5516275438364798, 0.44837245616352017]
[1.0, 0.5865304528371078, 0.4134695471628922]
[1.0, 0.47021912527859666, 0.5297808747214033]
[1.0, 0.5073414441412454, 0.4926585558587546]
[1.0, 0.5583245600225644, 0.4416754399774356]
[1.0, 0.45937285489163837, 0.5406271451083616]
[1.0, 0.48789772977011114, 0.5121022702298889]
[1.0, 0.5209831193968508, 0.4790168806031492]
[1.0, 0.43229781575462645, 0.5677021842453736]
[1.0, 0.5055333139850202, 0.49446668601497984]
[1.0, 0.47378980622045597, 0.526210193779544]
[1.0, 0.46243809683760884, 0.5375619031623912]
[1.0, 0.5243828605459524, 0.47561713945404754]
[1.0, 0.49189505383445276, 0.5081049461655472]
[1.0, 0.5043767485019683, 0.4956232514980317]
[1.0, 0.5761948738908621, 0.4238051261091379]
[1.0, 0.533348132811694, 0.46665186718830604]
[1.0, 0.5204664716631633, 0.47953352833683666]
[1.0, 0.5572463223375983, 0.4427536776624017]
[1.0, 0.5940909267988093, 0.4059090732011907]
[1.0, 0.6425187053389713, 0.35748129466102874]
[1.0, 0.5832353123795762, 0.41676468762042385]
[1.0, 0.5790089493882851, 0.420991050611715]
[1.0, 0.6380021452157559, 0.36199785478424407]
[1.0, 0.6033761594266938, 0.39662384057330624]
[1.0, 0.5539003057636378, 0.44609969423636225]
[1.0, 0.5856568870786198, 0.4143431129213802]
[1.0, 0.6700540584998289, 0.3299459415001711]
[1.0, 0.6904534596460481, 0.3095465403539519]
[1.0, 0.6551565718459369, 0.34484342815406305]
[1.0, 0.6788993709465179, 0.3211006290534822]
[0.0, 0.7469085153119208, 0.2530914846880792]
[1.0, 0.6838759843791397, 0.31612401562086034]
[0.0, 0.7012039771477263, 0.29879602285227364]
[1.0, 0.6919403953040597, 0.30805960469594035]
[0.0, 0.7068150359034634, 0.2931849640965366]
[0.0, 0.7254838832768113, 0.2745161167231886]
[0.0, 0.7088886673378398, 0.2911113326621602]
[0.0, 0.7187919450639864, 0.2812080549360136]
[0.0, 0.7496029404647209, 0.25039705953527913]
[0.0, 0.7114438804485446, 0.2885561195514554]
[0.0, 0.7580217284446239, 0.24197827155537607]
[1.0, 0.6824771737887736, 0.31752282621122635]
[0.0, 0.7064694831829093, 0.2935305168170907]
[1.0, 0.661454501930846, 0.33854549806915396]
[0.0, 0.7476417970380642, 0.25235820296193573]
[0.0, 0.7566442118295104, 0.24335578817048967]
[0.0, 0.7552171090203744, 0.2447828909796256]
[0.0, 0.732362238662214, 0.267637761337786]
[0.0, 0.7281842845963463, 0.2718157154036537]
[0.0, 0.7511418702375443, 0.24885812976245572]
[0.0, 0.7679043766242348, 0.23209562337576523]
[1.0, 0.6749301699842987, 0.3250698300157014]
[0.0, 0.7349112842931611, 0.26508871570683884]
[1.0, 0.6740433032779418, 0.3259566967220582]
[1.0, 0.6827049777264578, 0.3172950222735422]
[1.0, 0.6831436694744157, 0.3168563305255842]
[1.0, 0.6744041324565218, 0.3255958675434783]
[1.0, 0.662730903234916, 0.33726909676508404]
[1.0, 0.6721484217485336, 0.32785157825146644]
[1.0, 0.6627659619798678, 0.33723403802013224]
[0.0, 0.7687930315980629, 0.23120696840193714]
[0.0, 0.7127226813490809, 0.2872773186509191]
[1.0, 0.6647177969851498, 0.33528220301485023]
[0.0, 0.7204957680510247, 0.2795042319489754]
[1.0, 0.6532481600390974, 0.34675183996090264]
[0.0, 0.7537218835544109, 0.24627811644558908]
[1.0, 0.6641727152395598, 0.33582728476044016]
[0.0, 0.7078642466066766, 0.2921357533933234]
[0.0, 0.7426939093006386, 0.25730609069936144]
[0.0, 0.7193950592977053, 0.2806049407022947]
[0.0, 0.7100334231699883, 0.2899665768300117]
[0.0, 0.7343527351119365, 0.2656472648880634]
[0.0, 0.7333397118097884, 0.2666602881902116]
[0.0, 0.7370660277756096, 0.2629339722243904]
[0.0, 0.76830333174648, 0.23169666825351995]
[0.0, 0.7617418933697012, 0.23825810663029878]
[0.0, 0.7033088264104275, 0.29669117358957253]
[0.0, 0.7396423588348342, 0.26035764116516574]
[1.0, 0.6985963380673216, 0.3014036619326784]
[0.0, 0.7078282486425164, 0.29217175135748363]
[0.0, 0.7391783358852229, 0.2608216641147771]
[0.0, 0.7291766206408903, 0.2708233793591097]
[0.0, 0.7377746127183773, 0.2622253872816227]
[1.0, 0.6872969573438481, 0.3127030426561519]
[1.0, 0.6786801347035791, 0.32131986529642087]
[1.0, 0.6603132552563358, 0.3396867447436642]
[1.0, 0.6438378847389139, 0.35616211526108604]
[0.0, 0.7325767796842375, 0.26742322031576254]
[0.0, 0.7335634626816252, 0.2664365373183748]
[0.0, 0.7501357740221449, 0.24986422597785504]
[0.0, 0.7414313276776588, 0.25856867232234115]
[0.0, 0.7344978233401394, 0.2655021766598607]
[1.0, 0.6528175180019082, 0.3471824819980917]
[1.0, 0.6807509277025166, 0.3192490722974834]
[1.0, 0.6081193702884251, 0.39188062971157495]
[1.0, 0.6323281838376151, 0.3676718161623849]
[1.0, 0.657750912931651, 0.342249087068349]
[1.0, 0.6658064937306866, 0.33419350626931343]
[1.0, 0.6148980700738302, 0.3851019299261697]
[1.0, 0.45532498259456156, 0.5446750174054384]
[1.0, 0.5739839726775242, 0.42601602732247584]
[0.0, 0.7110556436134883, 0.2889443563865118]
[0.0, 0.8102523295143105, 0.18974767048568955]
[0.0, 0.7566067185252399, 0.2433932814747601]
[0.0, 0.7588013639348359, 0.2411986360651641]
[1.0, 0.6648938391778502, 0.33510616082214983]
[1.0, 0.6813729586245312, 0.3186270413754688]
[1.0, 0.6539749073787677, 0.3460250926212323]
[1.0, 0.549472309678017, 0.4505276903219831]
[1.0, 0.45028606887736966, 0.5497139311226303]
[1.0, 0.46099210795675694, 0.5390078920432431]
[1.0, 0.29610940255539697, 0.703890597444603]
[1.0, 0.3580469139348147, 0.6419530860651853]
[1.0, 0.39540145269704485, 0.6045985473029551]
[1.0, 0.4451371236086962, 0.5548628763913038]
[1.0, 0.4295044380622104, 0.5704955619377896]
[1.0, 0.4690587015626755, 0.5309412984373245]
[1.0, 0.4237747196520175, 0.5762252803479825]
[1.0, 0.4404170123377338, 0.5595829876622662]
[1.0, 0.4019276644943316, 0.5980723355056684]
[1.0, 0.48784055457467934, 0.5121594454253207]
[1.0, 0.4986989299433211, 0.5013010700566789]
[1.0, 0.48351585823857524, 0.5164841417614248]
[1.0, 0.6176921590572138, 0.38230784094278625]
[1.0, 0.5897967933969406, 0.41020320660305937]
[1.0, 0.557618420394645, 0.44238157960535496]
[1.0, 0.5629205352672975, 0.4370794647327025]
[1.0, 0.5718007208349491, 0.42819927916505085]
[1.0, 0.5919635021136094, 0.4080364978863907]
[1.0, 0.6181441927824061, 0.38185580721759393]
[1.0, 0.49240466381810744, 0.5075953361818926]
[1.0, 0.6338898959286798, 0.36611010407132016]
[1.0, 0.6131220368376913, 0.38687796316230866]
[1.0, 0.68360720875498, 0.31639279124502]
[0.0, 0.7971518670661831, 0.20284813293381687]
[0.0, 0.750301687354075, 0.249698312645925]
[0.0, 0.8125620770565386, 0.1874379229434614]
[0.0, 0.8261000996804242, 0.17389990031957575]
[0.0, 0.8182620397708406, 0.18173796022915945]
[0.0, 0.8061729908645621, 0.193827009135438]
[0.0, 0.8350900641744536, 0.16490993582554636]
[0.0, 0.8069358050679193, 0.19306419493208068]
[0.0, 0.7930366112257381, 0.2069633887742619]
[0.0, 0.8485942240305029, 0.15140577596949717]
[0.0, 0.8582434389735769, 0.14175656102642312]
[0.0, 0.8307253471846409, 0.1692746528153591]
[0.0, 0.8509458570374347, 0.14905414296256528]
[0.0, 0.7906323530676787, 0.20936764693232138]
[0.0, 0.8195303754166863, 0.18046962458331367]
[0.0, 0.8643476134753577, 0.13565238652464226]
[0.0, 0.7808595962361676, 0.21914040376383234]
[0.0, 0.8210888052615892, 0.17891119473841074]
[0.0, 0.8135375531759715, 0.1864624468240285]
[0.0, 0.7976815933529906, 0.20231840664700937]
[0.0, 0.788909742587083, 0.211090257412917]
[0.0, 0.7656708540684255, 0.23432914593157447]
[0.0, 0.7384280923305453, 0.26157190766945465]
[0.0, 0.8086716131241245, 0.19132838687587547]
[0.0, 0.7794082275638861, 0.2205917724361139]
[0.0, 0.780407900422738, 0.21959209957726206]
[0.0, 0.7920988392880531, 0.20790116071194686]
[0.0, 0.7568410589951373, 0.24315894100486268]
[0.0, 0.7631574311780311, 0.23684256882196883]
[0.0, 0.7570690117809611, 0.24293098821903888]
[0.0, 0.7494384030276583, 0.2505615969723417]
[0.0, 0.7471975972353877, 0.2528024027646123]
[1.0, 0.6744283961665802, 0.32557160383341976]
[0.0, 0.7380216972601708, 0.2619783027398293]
[0.0, 0.713242711730097, 0.286757288269903]
[0.0, 0.7450348090969529, 0.25496519090304715]
[0.0, 0.7641012627712548, 0.23589873722874521]
[0.0, 0.7239868095737465, 0.27601319042625355]
[0.0, 0.7369890510161191, 0.2630109489838809]
[1.0, 0.6675786430607689, 0.3324213569392311]
[1.0, 0.6924007248322526, 0.3075992751677475]
[1.0, 0.6512910368191436, 0.3487089631808564]
[1.0, 0.6551590621557624, 0.34484093784423764]
[1.0, 0.6728547701182458, 0.3271452298817542]
[1.0, 0.6797513001043703, 0.32024869989562965]
[0.0, 0.7036131698745054, 0.2963868301254946]
[1.0, 0.6950129228015636, 0.3049870771984365]
[1.0, 0.6268728569821219, 0.3731271430178781]
[1.0, 0.6714433954283432, 0.3285566045716568]
[1.0, 0.6911569575598338, 0.3088430424401663]
[1.0, 0.6797957981703449, 0.3202042018296551]
[0.0, 0.7085817656314778, 0.2914182343685222]
[1.0, 0.6706052331226217, 0.32939476687737834]
[0.0, 0.6995254536094755, 0.30047454639052457]
[1.0, 0.6864251955105709, 0.3135748044894291]
[1.0, 0.6669111408000454, 0.3330888591999546]
[1.0, 0.670661759625364, 0.329338240374636]
[1.0, 0.6233036188550662, 0.3766963811449338]
[1.0, 0.6809436332584304, 0.3190563667415695]
[0.0, 0.6991830834772006, 0.30081691652279935]
[1.0, 0.6486708383330149, 0.35132916166698513]
[1.0, 0.6666860806966552, 0.3333139193033447]
[1.0, 0.6950433309413939, 0.3049566690586061]
[0.0, 0.7296367079141053, 0.27036329208589477]
[0.0, 0.8343640433862816, 0.16563595661371844]
[0.0, 0.7948699239504613, 0.20513007604953865]
[0.0, 0.7649365675248521, 0.23506343247514788]
[0.0, 0.7049094210618786, 0.2950905789381214]
[1.0, 0.5792971993258834, 0.4207028006741166]
[1.0, 0.6141583395105904, 0.3858416604894096]
[1.0, 0.5736522788949316, 0.4263477211050683]
[1.0, 0.595535977535404, 0.404464022464596]
[1.0, 0.5675623905756262, 0.43243760942437376]
