[0.0, 0.9994290767347451, 2.699802962337078E-4, 2.9295533244283424E-4, 3.1405873115124235E-6, 2.128210493420118E-6, 1.1355163168840647E-6, 3.844028217462902E-7, 1.1989196348245696E-6]
[1.0, 0.26282625519556546, 0.6801322626723858, 0.056342096618006744, 4.73595614229012E-4, 8.29981712750953E-5, 8.558808499035452E-5, 2.8532948476912066E-5, 2.8670695070590116E-5]
[1.0, 0.27841288447737744, 0.6831627723584035, 0.037734193526267515, 4.8614829144839373E-4, 7.555629401713019E-5, 7.724487807036567E-5, 2.575444769647816E-5, 2.544572671910776E-5]
[1.0, 0.027410005582905506, 0.9024418921563283, 0.07010297321270223, 2.4242858012569992E-5, 7.694971347060248E-6, 7.87003831489757E-6, 2.6522914873751515E-6, 2.6688889023213064E-6]
java.lang.ArrayIndexOutOfBoundsException
java.lang.ArrayIndexOutOfBoundsException
java.lang.ArrayIndexOutOfBoundsException
java.lang.ArrayIndexOutOfBoundsException
java.lang.ArrayIndexOutOfBoundsException
java.lang.ArrayIndexOutOfBoundsException
java.lang.ArrayIndexOutOfBoundsException
java.lang.ArrayIndexOutOfBoundsException
java.lang.ArrayIndexOutOfBoundsException
[2.0, 0.042737276580929344, 0.017746496181176442, 0.9393828634302638, 9.844809943913133E-5, 1.1965949816922772E-5, 1.5456545520579954E-5, 3.73439212465152E-6, 3.758820729156787E-6]
[2.0, 0.042737276580929344, 0.017746496181176442, 0.9393828634302638, 9.844809943913133E-5, 1.1965949816922772E-5, 1.5456545520579954E-5, 3.73439212465152E-6, 3.758820729156787E-6]
[2.0, 0.042737276580929344, 0.017746496181176442, 0.9393828634302638, 9.844809943913133E-5, 1.1965949816922772E-5, 1.5456545520579954E-5, 3.73439212465152E-6, 3.758820729156787E-6]
[2.0, 0.042737276580929344, 0.017746496181176442, 0.9393828634302638, 9.844809943913133E-5, 1.1965949816922772E-5, 1.5456545520579954E-5, 3.73439212465152E-6, 3.758820729156787E-6]
[2.0, 0.042737276580929344, 0.017746496181176442, 0.9393828634302638, 9.844809943913133E-5, 1.1965949816922772E-5, 1.5456545520579954E-5, 3.73439212465152E-6, 3.758820729156787E-6]
[2.0, 0.042737276580929344, 0.017746496181176442, 0.9393828634302638, 9.844809943913133E-5, 1.1965949816922772E-5, 1.5456545520579954E-5, 3.73439212465152E-6, 3.758820729156787E-6]
[2.0, 0.042737276580929344, 0.017746496181176442, 0.9393828634302638, 9.844809943913133E-5, 1.1965949816922772E-5, 1.5456545520579954E-5, 3.73439212465152E-6, 3.758820729156787E-6]
[2.0, 0.042737276580929344, 0.017746496181176442, 0.9393828634302638, 9.844809943913133E-5, 1.1965949816922772E-5, 1.5456545520579954E-5, 3.73439212465152E-6, 3.758820729156787E-6]
[2.0, 0.042737276580929344, 0.017746496181176442, 0.9393828634302638, 9.844809943913133E-5, 1.1965949816922772E-5, 1.5456545520579954E-5, 3.73439212465152E-6, 3.758820729156787E-6]
[2.0, 0.042737276580929344, 0.017746496181176442, 0.9393828634302638, 9.844809943913133E-5, 1.1965949816922772E-5, 1.5456545520579954E-5, 3.73439212465152E-6, 3.758820729156787E-6]
[2.0, 0.042737276580929344, 0.017746496181176442, 0.9393828634302638, 9.844809943913133E-5, 1.1965949816922772E-5, 1.5456545520579954E-5, 3.73439212465152E-6, 3.758820729156787E-6]
[2.0, 0.042737276580929344, 0.017746496181176442, 0.9393828634302638, 9.844809943913133E-5, 1.1965949816922772E-5, 1.5456545520579954E-5, 3.73439212465152E-6, 3.758820729156787E-6]
[2.0, 0.042737276580929344, 0.017746496181176442, 0.9393828634302638, 9.844809943913133E-5, 1.1965949816922772E-5, 1.5456545520579954E-5, 3.73439212465152E-6, 3.758820729156787E-6]
[2.0, 0.042737276580929344, 0.017746496181176442, 0.9393828634302638, 9.844809943913133E-5, 1.1965949816922772E-5, 1.5456545520579954E-5, 3.73439212465152E-6, 3.758820729156787E-6]
[2.0, 0.042737276580929344, 0.017746496181176442, 0.9393828634302638, 9.844809943913133E-5, 1.1965949816922772E-5, 1.5456545520579954E-5, 3.73439212465152E-6, 3.758820729156787E-6]
[2.0, 0.042737276580929344, 0.017746496181176442, 0.9393828634302638, 9.844809943913133E-5, 1.1965949816922772E-5, 1.5456545520579954E-5, 3.73439212465152E-6, 3.758820729156787E-6]
[2.0, 0.042737276580929344, 0.017746496181176442, 0.9393828634302638, 9.844809943913133E-5, 1.1965949816922772E-5, 1.5456545520579954E-5, 3.73439212465152E-6, 3.758820729156787E-6]
[2.0, 0.042737276580929344, 0.017746496181176442, 0.9393828634302638, 9.844809943913133E-5, 1.1965949816922772E-5, 1.5456545520579954E-5, 3.73439212465152E-6, 3.758820729156787E-6]
[2.0, 0.042737276580929344, 0.017746496181176442, 0.9393828634302638, 9.844809943913133E-5, 1.1965949816922772E-5, 1.5456545520579954E-5, 3.73439212465152E-6, 3.758820729156787E-6]
[2.0, 0.042737276580929344, 0.017746496181176442, 0.9393828634302638, 9.844809943913133E-5, 1.1965949816922772E-5, 1.5456545520579954E-5, 3.73439212465152E-6, 3.758820729156787E-6]
java.lang.ArrayIndexOutOfBoundsException
