[1.0, 0.5119628796904252, 0.4880371203095748]
[0.0, 0.9899762003059961, 0.010023799694003936]
[0.0, 0.9899762003059961, 0.010023799694003936]
[0.0, 0.9899762003059961, 0.010023799694003936]
java.lang.ArrayIndexOutOfBoundsException
java.lang.ArrayIndexOutOfBoundsException
java.lang.ArrayIndexOutOfBoundsException
[0.0, 0.6379721854416341, 0.36202781455836586]
[0.0, 0.6379721854416341, 0.36202781455836586]
[0.0, 0.6379721854416341, 0.36202781455836586]
[0.0, 0.6379721854416341, 0.36202781455836586]
[0.0, 0.6379721854416341, 0.36202781455836586]
[0.0, 0.6379721854416341, 0.36202781455836586]
[0.0, 0.6379721854416341, 0.36202781455836586]
[0.0, 0.6379721854416341, 0.36202781455836586]
[0.0, 0.6379721854416341, 0.36202781455836586]
[0.0, 0.6379721854416341, 0.36202781455836586]
[0.0, 0.6379721854416341, 0.36202781455836586]
[0.0, 0.6379721854416341, 0.36202781455836586]
[0.0, 0.6379721854416341, 0.36202781455836586]
[0.0, 0.6379721854416341, 0.36202781455836586]
[0.0, 0.6379721854416341, 0.36202781455836586]
[0.0, 0.6379721854416341, 0.36202781455836586]
[0.0, 0.6379721854416341, 0.36202781455836586]
[0.0, 0.6379721854416341, 0.36202781455836586]
[0.0, 0.6379721854416341, 0.36202781455836586]
[0.0, 0.6379721854416341, 0.36202781455836586]
java.lang.ArrayIndexOutOfBoundsException
