[89.98868916511536, 0.0]
[1.0993333387374877, 0.0]
[1.7424285864830018, 0.0]
[2.61, 0.0]
[8.956095278263092, 0.0]
[0.6666666412353516, 0.0]
[7.834428610801697, 0.0]
[16.905166597366332, 0.0]
[4.356666667461395, 0.0]
[1.1226666688919067, 0.0]
[1.4204761838912965, 0.0]
[0.6666666412353516, 0.0]
[4.057357091903686, 0.0]
[0.26733334064483644, 0.0]
[89.98868916511536, 0.0]
[16.905166597366332, 0.0]
[9.069428610801697, 0.0]
[9.496476197242737, 0.0]
[16.905166597366332, 0.0]
[0.26733334064483644, 0.0]
[9.489809527397156, 0.0]
[95.36999870300293, 0.0]
[1.8204761838912964, 0.0]
[-2.769309575557709, 0.0]
[1.7260000038146972, 0.0]
[1.1157619214057923, 0.0]
[0.2793333387374878, 0.0]
[0.29666666746139525, 0.0]
[0.25666666746139527, 0.0]
[-2.769309575557709, 0.0]
[1.5004761838912963, 0.0]
[4.057357091903686, 0.0]
[1.7424285864830018, 0.0]
[3.2924285912513733, 0.0]
[10.036476197242736, 0.0]
[-2.769309575557709, 0.0]
[4.356666667461395, 0.0]
[0.6666666412353516, 0.0]
[1.51, 0.0]
[4.057357091903686, 0.0]
