[89.98868916511536, 0.0]
[3.997142820358276, 0.0]
[3.997142820358276, 0.0]
[1.4204761838912965, 0.0]
java.lang.ArrayIndexOutOfBoundsException
java.lang.ArrayIndexOutOfBoundsException
[52.93076070785523, 0.0]
[52.93076070785523, 0.0]
[52.93076070785523, 0.0]
[52.93076070785523, 0.0]
[52.93076070785523, 0.0]
[52.93076070785523, 0.0]
[52.93076070785523, 0.0]
[52.93076070785523, 0.0]
[52.93076070785523, 0.0]
[52.93076070785523, 0.0]
[52.93076070785523, 0.0]
[52.93076070785523, 0.0]
[52.93076070785523, 0.0]
[52.93076070785523, 0.0]
[52.93076070785523, 0.0]
[52.93076070785523, 0.0]
[52.93076070785523, 0.0]
[52.93076070785523, 0.0]
[52.93076070785523, 0.0]
[52.93076070785523, 0.0]
[3.997142820358276]
