[23.805411980069298, 0.0]
[-5.3981042130034815, 0.0]
[-8.431127044124509, 0.0]
[-2.3650813818824545, 0.0]
java.lang.ArrayIndexOutOfBoundsException
java.lang.ArrayIndexOutOfBoundsException
java.lang.ArrayIndexOutOfBoundsException
java.lang.ArrayIndexOutOfBoundsException
java.lang.ArrayIndexOutOfBoundsException
java.lang.ArrayIndexOutOfBoundsException
[3.617771045614615E10, 0.0]
[3.6177710461544255E20, 0.0]
[3.617771046154425E30, 0.0]
[3.617771046154425E40, 0.0]
[3.617771046154425E50, 0.0]
[3.6177710461544245E60, 0.0]
[3.617771046154425E70, 0.0]
[3.617771046154425E80, 0.0]
[3.617771046154425E90, 0.0]
[3.617771046154425E100, 0.0]
[3.6177710461544254E110, 0.0]
[3.617771046154426E120, 0.0]
[3.617771046154425E130, 0.0]
[3.6177710461544253E140, 0.0]
[3.617771046154425E150, 0.0]
[3.617771046154425E160, 0.0]
[3.617771046154425E170, 0.0]
[3.6177710461544255E180, 0.0]
[3.6177710461544255E190, 0.0]
[3.617771046154425E200, 0.0]
[-5.3981042130034815]
