[15.392600109448491, 0.0]
[7.349928094716918, 0.0]
[15.419991910204793, 0.0]
[7.660988192547489, 0.0]
[14.890417095582954, 0.0]
[9.945253858510128, 0.0]
[15.155204502893874, 0.0]
[9.653074650442907, 0.0]
[9.911681154690307, 0.0]
[6.555565872784159, 0.0]
[9.812860154854668, 0.0]
[9.945253858510128, 0.0]
[7.587323701271536, 0.0]
[7.747109205683298, 0.0]
[15.392600109448491, 0.0]
[9.653074650442907, 0.0]
[15.022810799238414, 0.0]
[9.283285340232828, 0.0]
[9.653074650442907, 0.0]
[7.747109205683298, 0.0]
[9.41567904388829, 0.0]
[15.684779317515712, 0.0]
[9.548072747543749, 0.0]
[15.392600109448491, 0.0]
[7.217534391061458, 0.0]
[15.552385613860253, 0.0]
[7.482321798372379, 0.0]
[8.455350414480247, 0.0]
[8.190563007169327, 0.0]
[15.392600109448491, 0.0]
[9.680466451199209, 0.0]
[7.587323701271536, 0.0]
[15.419991910204793, 0.0]
[15.287598206549333, 0.0]
[9.018497932921909, 0.0]
[15.392600109448491, 0.0]
[9.911681154690307, 0.0]
[9.945253858510128, 0.0]
[8.058169303513868, 0.0]
[7.587323701271536, 0.0]
