[25.42700008392334, 0.0]
[28.405, 0.0]
[28.405, 0.0]
[28.405, 0.0]
java.lang.ArrayIndexOutOfBoundsException
java.lang.ArrayIndexOutOfBoundsException
java.lang.ArrayIndexOutOfBoundsException
java.lang.ArrayIndexOutOfBoundsException
java.lang.ArrayIndexOutOfBoundsException
java.lang.ArrayIndexOutOfBoundsException
[16.60099994659424, 0.0]
[16.60099994659424, 0.0]
[16.60099994659424, 0.0]
[16.60099994659424, 0.0]
[16.60099994659424, 0.0]
[16.60099994659424, 0.0]
[16.60099994659424, 0.0]
[16.60099994659424, 0.0]
[16.60099994659424, 0.0]
[16.60099994659424, 0.0]
[16.60099994659424, 0.0]
[16.60099994659424, 0.0]
[16.60099994659424, 0.0]
[16.60099994659424, 0.0]
[16.60099994659424, 0.0]
[16.60099994659424, 0.0]
[16.60099994659424, 0.0]
[16.60099994659424, 0.0]
[16.60099994659424, 0.0]
[16.60099994659424, 0.0]
[28.405]
