[23.386628876380787, 0.0]
[-13.996289302920932, 0.0]
[-17.901830024790055, 0.0]
[-10.090748581051809, 0.0]
java.lang.ArrayIndexOutOfBoundsException
java.lang.ArrayIndexOutOfBoundsException
java.lang.ArrayIndexOutOfBoundsException
java.lang.ArrayIndexOutOfBoundsException
java.lang.ArrayIndexOutOfBoundsException
java.lang.ArrayIndexOutOfBoundsException
[4.5143858649588196E10, 0.0]
[4.5143858663584485E20, 0.0]
[4.514385866358448E30, 0.0]
[4.514385866358449E40, 0.0]
[4.514385866358448E50, 0.0]
[4.514385866358448E60, 0.0]
[4.514385866358448E70, 0.0]
[4.514385866358448E80, 0.0]
[4.514385866358448E90, 0.0]
[4.514385866358448E100, 0.0]
[4.5143858663584486E110, 0.0]
[4.514385866358449E120, 0.0]
[4.514385866358449E130, 0.0]
[4.514385866358448E140, 0.0]
[4.5143858663584485E150, 0.0]
[4.514385866358448E160, 0.0]
[4.5143858663584483E170, 0.0]
[4.514385866358449E180, 0.0]
[4.514385866358449E190, 0.0]
[4.514385866358448E200, 0.0]
[-13.996289302920932]
