[15.367033442452353, 0.0]
[12.863126375563912, 0.0]
[15.525638898853458, 0.0]
[23.962901811086926, 0.0]
[22.15290883078117, 0.0]
[28.000340268795878, 0.0]
[23.519847327713162, 0.0]
[26.708608451353708, 0.0]
[22.381642560420527, 0.0]
[21.783844549430324, 0.0]
[23.11879407220763, 0.0]
[21.007211904714215, 0.0]
[19.746905199267044, 0.0]
[20.221935815781077, 0.0]
[21.435018383503017, 0.0]
[22.459503166501644, 0.0]
[22.856691140183894, 0.0]
[13.474173160911597, 0.0]
[14.168972473747722, 0.0]
[16.268219636222682, 0.0]
[18.087417087212362, 0.0]
[16.78380267138319, 0.0]
[17.919859739340062, 0.0]
[17.72585983336011, 0.0]
[22.216581816064707, 0.0]
[21.2751274448693, 0.0]
[12.953490836634405, 0.0]
[15.598155846213615, 0.0]
[27.785038405735936, 0.0]
[23.82158070299978, 0.0]
[24.64119822416794, 0.0]
[22.58278641826413, 0.0]
[31.618284952360714, 0.0]
[25.886188212966854, 0.0]
[26.81964115629187, 0.0]
[26.999726966264095, 0.0]
[23.74219488144973, 0.0]
[26.61308664040585, 0.0]
[13.6681238351857, 0.0]
[28.045899296389717, 0.0]
[10.668075804527344, 0.0]
[22.345470536511638, 0.0]
[17.012960523984408, 0.0]
[24.345804955331904, 0.0]
[8.257913842494684, 0.0]
[17.926205215955946, 0.0]
[16.570897607152556, 0.0]
[10.38905588314255, 0.0]
[29.57177559862522, 0.0]
[21.764180985183035, 0.0]
[22.257035696789426, 0.0]
[13.97504521820699, 0.0]
[27.882828194119494, 0.0]
[21.372718026730514, 0.0]
[29.617172171123716, 0.0]
[19.66920640646541, 0.0]
[14.051196849923208, 0.0]
[16.980530703012004, 0.0]
[13.046785302322093, 0.0]
[28.38534551435733, 0.0]
[11.384430877889532, 0.0]
[19.867845674808127, 0.0]
[17.963633949703915, 0.0]
[31.91279645116791, 0.0]
[30.374815751647116, 0.0]
[30.651911409166377, 0.0]
[11.098342570761417, 0.0]
[12.946220233487686, 0.0]
[16.905036774731425, 0.0]
[15.104331159804513, 0.0]
[17.49393723589119, 0.0]
[15.161055768663662, 0.0]
[29.962439328547905, 0.0]
[30.38958998035751, 0.0]
[30.34292073662427, 0.0]
[32.044873131008785, 0.0]
[28.498322905487587, 0.0]
[28.60058055198584, 0.0]
[27.774183864618347, 0.0]
[20.76693837078805, 0.0]
[8.075255385779531, 0.0]
[11.764218810132277, 0.0]
[11.438087231079237, 0.0]
[9.750846380729325, 0.0]
[21.29055467938313, 0.0]
[14.404693402371741, 0.0]
[23.86722952848994, 0.0]
[16.140597480289728, 0.0]
[21.658356457415277, 0.0]
[13.802443850345274, 0.0]
[13.528611978121209, 0.0]
[20.702157687075147, 0.0]
[19.43798563475792, 0.0]
[19.756111781665236, 0.0]
[19.65462283144694, 0.0]
[20.99705533781594, 0.0]
[23.771953321105183, 0.0]
[24.49816268917012, 0.0]
[24.52956358028108, 0.0]
[25.328390068259868, 0.0]
[25.03356240670043, 0.0]
[29.14781311359408, 0.0]
[16.150318832866017, 0.0]
[9.688468402890795, 0.0]
[29.920307611773804, 0.0]
[15.230557585282973, 0.0]
[30.583155330843244, 0.0]
[24.07331861282287, 0.0]
[19.181632861572478, 0.0]
[9.622504376268289, 0.0]
[10.912039756938984, 0.0]
[18.541389596799366, 0.0]
[28.69828547701754, 0.0]
[28.720821422484153, 0.0]
[29.595927564134374, 0.0]
[32.11949234254618, 0.0]
[33.90353553365023, 0.0]
[32.2854511684007, 0.0]
[26.4845644562113, 0.0]
[34.35783309579686, 0.0]
[32.72219827029302, 0.0]
[25.091507975596013, 0.0]
[30.028633822625867, 0.0]
[29.382976225309715, 0.0]
[25.242164830697238, 0.0]
[25.707104778851512, 0.0]
[28.504050260783647, 0.0]
[27.19585793862535, 0.0]
[25.013890634514052, 0.0]
[29.964513128776428, 0.0]
[31.02168787814568, 0.0]
[28.832981655931714, 0.0]
[30.984834061294737, 0.0]
[24.48903654451654, 0.0]
[25.231617281885757, 0.0]
[31.01602864110401, 0.0]
[29.611047358691952, 0.0]
[23.245053007471068, 0.0]
[19.217371009096862, 0.0]
[20.947668623223915, 0.0]
[23.976745373778034, 0.0]
[14.781891540725159, 0.0]
[31.850538301810932, 0.0]
[25.789564407286104, 0.0]
[26.13788013384782, 0.0]
[32.55123790890319, 0.0]
[30.118351954970482, 0.0]
[28.320196991093777, 0.0]
[27.706991357388784, 0.0]
[27.487662984180066, 0.0]
[15.28038810933398, 0.0]
[12.111008531955921, 0.0]
[15.672272878545364, 0.0]
[18.120247818029693, 0.0]
[9.583212576361369, 0.0]
[18.014804202345143, 0.0]
[19.697596330512777, 0.0]
[17.513639237893738, 0.0]
[6.679002206943398, 0.0]
[16.383477954038614, 0.0]
[29.810894301703673, 0.0]
[32.257061237148676, 0.0]
[19.94039415061965, 0.0]
[25.90514224563506, 0.0]
[26.73043210507816, 0.0]
[25.64028433445625, 0.0]
[27.649434259396383, 0.0]
[28.641200523997174, 0.0]
[26.875822452218305, 0.0]
[31.184610936331406, 0.0]
[28.354074740410706, 0.0]
[26.20475939926177, 0.0]
[8.079856991833932, 0.0]
[18.509640194147675, 0.0]
[8.568239310908108, 0.0]
[31.399662949737593, 0.0]
[33.30813572891195, 0.0]
[17.42162785134961, 0.0]
[8.185438487407868, 0.0]
[24.964025203118478, 0.0]
[26.770657827633126, 0.0]
[26.524486069030853, 0.0]
[28.862299860552294, 0.0]
[27.43748805139195, 0.0]
[32.554316464913626, 0.0]
[22.96084141975491, 0.0]
[12.755381763633086, 0.0]
[11.879055174585996, 0.0]
[9.85819692706114, 0.0]
[11.781296933048125, 0.0]
[11.062481323774811, 0.0]
[14.061037881382209, 0.0]
[15.164772869260645, 0.0]
[14.141008051278927, 0.0]
[19.941773988880474, 0.0]
[26.64992133373976, 0.0]
[28.74669693680313, 0.0]
[20.879921961198416, 0.0]
[20.4944391349045, 0.0]
[11.995579592254643, 0.0]
[11.629868268517914, 0.0]
[21.788986286744123, 0.0]
[21.012879086219474, 0.0]
[22.62103273557778, 0.0]
[21.455762093134748, 0.0]
[23.275408548888723, 0.0]
[15.902207464371774, 0.0]
[27.001585315414555, 0.0]
[29.304334204286146, 0.0]
[25.824343569240607, 0.0]
[21.012362892305067, 0.0]
[18.66599461030135, 0.0]
[24.399637134570586, 0.0]
[25.5088318477133, 0.0]
[22.48868456728783, 0.0]
[25.81957292817999, 0.0]
[25.149607359564254, 0.0]
[25.998532345141665, 0.0]
[25.55623767023631, 0.0]
[26.19356158144141, 0.0]
[30.490289523546192, 0.0]
[15.230275419732827, 0.0]
[11.773169144966428, 0.0]
[17.674522062488258, 0.0]
[15.419278599692717, 0.0]
[7.591902236025454, 0.0]
[30.457476963144455, 0.0]
[30.523013563220463, 0.0]
[31.04909309718533, 0.0]
[32.94480786190981, 0.0]
[34.52361349811443, 0.0]
[35.10293388486919, 0.0]
[33.67482446231074, 0.0]
[30.51872453242071, 0.0]
[32.651860696209994, 0.0]
[25.219312331329736, 0.0]
[31.256019889485795, 0.0]
[34.48661583598552, 0.0]
[32.16490719359676, 0.0]
[32.19809701490364, 0.0]
[26.836217188958496, 0.0]
[29.48129515712898, 0.0]
[29.670949482794608, 0.0]
[33.6681175113369, 0.0]
[34.27070021027937, 0.0]
[34.591367985491345, 0.0]
[31.607993159810118, 0.0]
[32.21845015321236, 0.0]
[24.769380650900185, 0.0]
[25.99244723459839, 0.0]
[30.07865127201224, 0.0]
[25.221971789619044, 0.0]
[17.971676699569617, 0.0]
[22.47124501115916, 0.0]
[24.672558063508436, 0.0]
[24.2237594386698, 0.0]
[15.435986404039706, 0.0]
[19.08831786451594, 0.0]
[33.5931369005819, 0.0]
[8.250597755558733, 0.0]
[9.519062569863198, 0.0]
[20.706885307922494, 0.0]
[20.112773616250227, 0.0]
[25.673282314588317, 0.0]
[24.338868062421835, 0.0]
[33.247103450712444, 0.0]
[27.78338079330084, 0.0]
[22.3728069936974, 0.0]
[22.10959458931117, 0.0]
[22.866579505258198, 0.0]
[17.09919962366746, 0.0]
[10.680607810218401, 0.0]
[27.186024386050637, 0.0]
[16.35266310607597, 0.0]
[26.042701106756706, 0.0]
[11.082173853807088, 0.0]
[28.531650145391563, 0.0]
[25.281242022278956, 0.0]
[26.63094016352974, 0.0]
[26.376516649862292, 0.0]
[25.835309926194352, 0.0]
[20.838938885204936, 0.0]
[22.071066926988205, 0.0]
[23.07486542476212, 0.0]
[21.197901926008097, 0.0]
[25.011289674175845, 0.0]
[26.00191932055785, 0.0]
[22.01932681929534, 0.0]
[28.68843850443155, 0.0]
[14.314314009465171, 0.0]
[34.38800725384765, 0.0]
[26.67109317964511, 0.0]
[10.13895085076945, 0.0]
[21.14320349309298, 0.0]
[19.843485564990953, 0.0]
[21.64276405953545, 0.0]
[12.830801825775076, 0.0]
[12.169733974514358, 0.0]
[9.972750640676441, 0.0]
[12.68887211841453, 0.0]
[17.688140197346684, 0.0]
[12.643759757120868, 0.0]
[32.163479940089616, 0.0]
[33.47211182836527, 0.0]
[31.090335309334147, 0.0]
[30.680138337766845, 0.0]
[30.481833617300335, 0.0]
[31.006568532218463, 0.0]
[26.69577368668215, 0.0]
[10.94178569628787, 0.0]
[13.08689980735577, 0.0]
[16.743287963873964, 0.0]
[17.909081616761178, 0.0]
[15.550006315503666, 0.0]
[20.867578964880078, 0.0]
[20.31870066233901, 0.0]
[21.773895695581235, 0.0]
[20.09449685915285, 0.0]
[16.89268640192753, 0.0]
[22.09203272058964, 0.0]
[25.533178778948905, 0.0]
[9.857012807583239, 0.0]
[11.132166346580465, 0.0]
[9.347352554642754, 0.0]
[11.523492029769557, 0.0]
[17.76863511038377, 0.0]
[15.851475842990219, 0.0]
[12.393326633132276, 0.0]
[30.6663153459498, 0.0]
[23.925510742317496, 0.0]
[21.53210239702123, 0.0]
[29.7998288539936, 0.0]
[28.465225300189093, 0.0]
[5.552368462615686, 0.0]
[25.950449385948954, 0.0]
[19.21292310681792, 0.0]
[25.791500271061548, 0.0]
[28.535508135824056, 0.0]
[31.503132031576488, 0.0]
[31.846144802672473, 0.0]
[33.92154947934014, 0.0]
[28.439447452201915, 0.0]
[23.085435159319292, 0.0]
[26.256429992836924, 0.0]
[23.3217736469021, 0.0]
[24.706866269903085, 0.0]
[30.72982284343067, 0.0]
[32.01702551993385, 0.0]
[25.85564203125173, 0.0]
[33.26158830693009, 0.0]
[25.999991261246894, 0.0]
[28.037676235110833, 0.0]
[30.015850342551158, 0.0]
[27.72685748187045, 0.0]
[29.65667196200045, 0.0]
[26.272112929175844, 0.0]
[29.025959350986422, 0.0]
[33.18409253922273, 0.0]
[28.893001882216364, 0.0]
[28.02676906158356, 0.0]
[31.113938370389196, 0.0]
[31.396497831749524, 0.0]
[32.82025545166613, 0.0]
[25.101739669273716, 0.0]
[28.307246925711166, 0.0]
[22.98790174098816, 0.0]
[24.542498697362586, 0.0]
[24.60022373373958, 0.0]
[27.717652997528692, 0.0]
[30.633698126970916, 0.0]
[27.364769862699706, 0.0]
[23.597493257745864, 0.0]
[22.04322875662591, 0.0]
[35.175099995934985, 0.0]
[33.32075956601503, 0.0]
[23.598806482895636, 0.0]
[29.61872267182954, 0.0]
[33.78588779879111, 0.0]
[26.722791736506363, 0.0]
[23.766766114665554, 0.0]
[31.101047339078807, 0.0]
[27.710606886141232, 0.0]
[28.564703513623872, 0.0]
[29.287877454826944, 0.0]
[32.27968996577846, 0.0]
[27.383634050775118, 0.0]
[33.95662356309241, 0.0]
[32.59706726498146, 0.0]
[31.742026042428872, 0.0]
[30.910746508028762, 0.0]
[32.4563456173759, 0.0]
[34.42586101336077, 0.0]
[29.411481862890998, 0.0]
[30.164633360868475, 0.0]
[30.78782900271096, 0.0]
[31.845025118933822, 0.0]
[31.34488414442769, 0.0]
[26.521491048535562, 0.0]
[28.240166185421447, 0.0]
[25.676953774666305, 0.0]
[22.067150669328537, 0.0]
[20.85526697060183, 0.0]
[23.014990889840615, 0.0]
[22.520427222472268, 0.0]
[23.63797968924366, 0.0]
[26.054971999596216, 0.0]
