[1.0, 0.03904447341615779, 0.9222382883358349, 0.03871723824800729]
[0.0, 0.9456644364136635, 0.02728209733506944, 0.02705346625126713]
[0.0, 0.9456644364136635, 0.02728209733506944, 0.02705346625126713]
[2.0, 0.19103070900327668, 0.05996517145375167, 0.7490041195429716]
java.lang.ArrayIndexOutOfBoundsException
java.lang.ArrayIndexOutOfBoundsException
java.lang.ArrayIndexOutOfBoundsException
java.lang.ArrayIndexOutOfBoundsException
[2.0, 0.029352233474616785, 0.03664006400158989, 0.9340077025237933]
[2.0, 0.029352233474616785, 0.03664006400158989, 0.9340077025237933]
[2.0, 0.029352233474616785, 0.03664006400158989, 0.9340077025237933]
[2.0, 0.029352233474616785, 0.03664006400158989, 0.9340077025237933]
[2.0, 0.029352233474616785, 0.03664006400158989, 0.9340077025237933]
[2.0, 0.029352233474616785, 0.03664006400158989, 0.9340077025237933]
[2.0, 0.029352233474616785, 0.03664006400158989, 0.9340077025237933]
[2.0, 0.029352233474616785, 0.03664006400158989, 0.9340077025237933]
[2.0, 0.029352233474616785, 0.03664006400158989, 0.9340077025237933]
[2.0, 0.029352233474616785, 0.03664006400158989, 0.9340077025237933]
[2.0, 0.029352233474616785, 0.03664006400158989, 0.9340077025237933]
[2.0, 0.029352233474616785, 0.03664006400158989, 0.9340077025237933]
[2.0, 0.029352233474616785, 0.03664006400158989, 0.9340077025237933]
[2.0, 0.029352233474616785, 0.03664006400158989, 0.9340077025237933]
[2.0, 0.029352233474616785, 0.03664006400158989, 0.9340077025237933]
[2.0, 0.029352233474616785, 0.03664006400158989, 0.9340077025237933]
[2.0, 0.029352233474616785, 0.03664006400158989, 0.9340077025237933]
[2.0, 0.029352233474616785, 0.03664006400158989, 0.9340077025237933]
[2.0, 0.029352233474616785, 0.03664006400158989, 0.9340077025237933]
[2.0, 0.029352233474616785, 0.03664006400158989, 0.9340077025237933]
java.lang.ArrayIndexOutOfBoundsException
