[0.0, 0.9903305768966675, 0.004790008068084717, 0.004879377316683531]
[0.0, 0.9903305768966675, 0.004790008068084717, 0.004879377316683531]
[0.0, 0.9903305768966675, 0.004790008068084717, 0.004879377316683531]
[0.0, 0.8800486326217651, 0.004285996779799461, 0.11566531658172607]
java.lang.ArrayIndexOutOfBoundsException
java.lang.ArrayIndexOutOfBoundsException
java.lang.ArrayIndexOutOfBoundsException
java.lang.ArrayIndexOutOfBoundsException
[2.0, 0.0029910507146269083, 0.0049968077801167965, 0.992012083530426]
[2.0, 0.0029910507146269083, 0.0049968077801167965, 0.992012083530426]
[2.0, 0.0029910507146269083, 0.0049968077801167965, 0.992012083530426]
[2.0, 0.0029910507146269083, 0.0049968077801167965, 0.992012083530426]
[2.0, 0.0029910507146269083, 0.0049968077801167965, 0.992012083530426]
[2.0, 0.0029910507146269083, 0.0049968077801167965, 0.992012083530426]
[2.0, 0.0029910507146269083, 0.0049968077801167965, 0.992012083530426]
[2.0, 0.0029910507146269083, 0.0049968077801167965, 0.992012083530426]
[2.0, 0.0029910507146269083, 0.0049968077801167965, 0.992012083530426]
[2.0, 0.0029910507146269083, 0.0049968077801167965, 0.992012083530426]
[2.0, 0.0029910507146269083, 0.0049968077801167965, 0.992012083530426]
[2.0, 0.0029910507146269083, 0.0049968077801167965, 0.992012083530426]
[2.0, 0.0029910507146269083, 0.0049968077801167965, 0.992012083530426]
[2.0, 0.0029910507146269083, 0.0049968077801167965, 0.992012083530426]
[2.0, 0.0029910507146269083, 0.0049968077801167965, 0.992012083530426]
[2.0, 0.0029910507146269083, 0.0049968077801167965, 0.992012083530426]
[2.0, 0.0029910507146269083, 0.0049968077801167965, 0.992012083530426]
[2.0, 0.0029910507146269083, 0.0049968077801167965, 0.992012083530426]
[2.0, 0.0029910507146269083, 0.0049968077801167965, 0.992012083530426]
[2.0, 0.0029910507146269083, 0.0049968077801167965, 0.992012083530426]
java.lang.ArrayIndexOutOfBoundsException
