[22.657071571350098, 0.0]
[27.433999938964845, 0.0]
[27.433999938964845, 0.0]
[27.433999938964845, 0.0]
java.lang.ArrayIndexOutOfBoundsException
java.lang.ArrayIndexOutOfBoundsException
java.lang.ArrayIndexOutOfBoundsException
java.lang.ArrayIndexOutOfBoundsException
java.lang.ArrayIndexOutOfBoundsException
java.lang.ArrayIndexOutOfBoundsException
[20.45300003051758, 0.0]
[20.45300003051758, 0.0]
[20.45300003051758, 0.0]
[20.45300003051758, 0.0]
[20.45300003051758, 0.0]
[20.45300003051758, 0.0]
[20.45300003051758, 0.0]
[20.45300003051758, 0.0]
[20.45300003051758, 0.0]
[20.45300003051758, 0.0]
[20.45300003051758, 0.0]
[20.45300003051758, 0.0]
[20.45300003051758, 0.0]
[20.45300003051758, 0.0]
[20.45300003051758, 0.0]
[20.45300003051758, 0.0]
[20.45300003051758, 0.0]
[20.45300003051758, 0.0]
[20.45300003051758, 0.0]
[20.45300003051758, 0.0]
[27.433999938964845]
