[46.42273910522461, 0.0]
[404.02389785766604, 0.0]
[32.20355880737305, 0.0]
[57.92048240661621, 0.0]
[56.10769617080688, 0.0]
[67.74013458251953, 0.0]
[727.14, 0.0]
[39.75371520996094, 0.0]
[179.20359176635742, 0.0]
[484.43, 0.0]
[563.943897857666, 0.0]
[41.98682512283325, 0.0]
[321.81273910522464, 0.0]
[106.31, 0.0]
[585.68, 0.0]
[286.0592948913574, 0.0]
[60.49013458251953, 0.0]
[42.65349178314209, 0.0]
[2370.60714263916, 0.0]
[370.9930451965332, 0.0]
[89.59537071228027, 0.0]
[433.053897857666, 0.0]
[73.76833457946778, 0.0]
[673.1830451965332, 0.0]
[100.95322288513184, 0.0]
[241.6977391052246, 0.0]
[154.73549423217773, 0.0]
[125.84889785766602, 0.0]
[1320.3058135986328, 0.0]
[115.41504676818847, 0.0]
[748.6230451965332, 0.0]
[92.59999008178711, 0.0]
[549.9130451965332, 0.0]
[131.27026969909667, 0.0]
[720.463897857666, 0.0]
[1754.0523803710937, 0.0]
[154.4346745300293, 0.0]
[115.4699900817871, 0.0]
[263.2327391052246, 0.0]
[591.1796122741699, 0.0]
[95.78064224243164, 0.0]
[398.0080451965332, 0.0]
[110.86333457946778, 0.0]
[187.8494058227539, 0.0]
[93.82760261535644, 0.0]
[518.2730451965332, 0.0]
[190.4221984863281, 0.0]
[432.79, 0.0]
[132.48275405883788, 0.0]
[80.41780555725097, 0.0]
[100.82015846252442, 0.0]
[221.00578346252442, 0.0]
[89.94048042297364, 0.0]
[108.59246612548829, 0.0]
[206.4977188873291, 0.0]
[677.6930451965331, 0.0]
[131.0602696990967, 0.0]
[185.5925, 0.0]
[65.56333457946778, 0.0]
[102.28, 0.0]
[339.7036701965332, 0.0]
[56.755263061523436, 0.0]
[566.0066668701172, 0.0]
[133.32285064697265, 0.0]
[1418.8623803710936, 0.0]
[657.5766668701172, 0.0]
[88.54, 0.0]
[545.573897857666, 0.0]
[91.7349900817871, 0.0]
[1566.9404751586915, 0.0]
[238.85243965148925, 0.0]
[148.92526969909667, 0.0]
[847.95, 0.0]
[70.59462310791015, 0.0]
[402.11021911621094, 0.0]
[371.37145095825196, 0.0]
[79.99589706420899, 0.0]
[518.041450958252, 0.0]
[312.14416656494143, 0.0]
[91.39263717651367, 0.0]
[199.10024284362794, 0.0]
[598.120464553833, 0.0]
[436.3680451965332, 0.0]
[91.58038619995118, 0.0]
[96.05763717651367, 0.0]
[94.79333457946777, 0.0]
[204.0625, 0.0]
[2296.445714111328, 0.0]
[67.8209218597412, 0.0]
[526.6696122741699, 0.0]
[84.07774574279784, 0.0]
[146.02771888732912, 0.0]
[214.0552188873291, 0.0]
[404.68263847351074, 0.0]
[375.976450958252, 0.0]
[73.51526306152344, 0.0]
[489.79145095825197, 0.0]
[1163.2558135986328, 0.0]
[402.475, 0.0]
[165.60175399780275, 0.0]
[98.22280555725098, 0.0]
[161.6967636871338, 0.0]
[85.54268241882325, 0.0]
[71.04246612548827, 0.0]
[93.30149490356445, 0.0]
[257.00023910522464, 0.0]
[165.75145057678222, 0.0]
[143.43219848632813, 0.0]
[108.34468292236328, 0.0]
[56.736682434082034, 0.0]
[486.5914509582519, 0.0]
[488.4130451965332, 0.0]
[119.66805442810059, 0.0]
[297.0596122741699, 0.0]
[509.1230451965332, 0.0]
[992.9666662597656, 0.0]
[290.89578346252443, 0.0]
[449.10304519653323, 0.0]
[163.13524284362794, 0.0]
[104.54522445678711, 0.0]
[427.73961227416993, 0.0]
[59.44926307678222, 0.0]
[1234.0058135986328, 0.0]
[79.77488956451415, 0.0]
[92.79833457946778, 0.0]
[101.88504676818847, 0.0]
[144.36424278259278, 0.0]
[381.1930451965332, 0.0]
[335.6818481445313, 0.0]
[114.645, 0.0]
[497.1843424987793, 0.0]
[163.1755078125, 0.0]
[55.486682434082034, 0.0]
[49.41787218093872, 0.0]
[408.31645095825195, 0.0]
[89.77890846252441, 0.0]
[335.2827391052246, 0.0]
[76.36466522216797, 0.0]
[56.43148910522461, 0.0]
[819.2786701965332, 0.0]
[533.7230451965332, 0.0]
[228.9246745300293, 0.0]
[344.8036701965332, 0.0]
[110.40291015625, 0.0]
[48.79, 0.0]
[83.85620552062989, 0.0]
[163.7709218597412, 0.0]
[235.1725, 0.0]
[181.17389785766602, 0.0]
[192.85331405639647, 0.0]
[161.69012268066408, 0.0]
[398.21093673706054, 0.0]
[164.9024089050293, 0.0]
[442.0543424987793, 0.0]
[479.71593673706053, 0.0]
[660.0166668701172, 0.0]
[357.6403918457031, 0.0]
[556.4459367370605, 0.0]
[234.9194947052002, 0.0]
[1485.6790466308594, 0.0]
[202.7436660003662, 0.0]
[182.24095611572267, 0.0]
[100.74712898254394, 0.0]
[638.7959367370605, 0.0]
[210.893955078125, 0.0]
[387.87656173706057, 0.0]
[225.46675674438475, 0.0]
[111.1638697052002, 0.0]
[137.26913513183592, 0.0]
[1601.2058135986329, 0.0]
[122.6976197052002, 0.0]
[128.867632522583, 0.0]
[147.68519889831543, 0.0]
[418.4947396850586, 0.0]
[697.4259367370605, 0.0]
[203.26366600036621, 0.0]
[480.7859367370605, 0.0]
[306.3064833068848, 0.0]
[2075.5266662597655, 0.0]
[268.67400146484374, 0.0]
[1710.1666662597656, 0.0]
[283.8722972106934, 0.0]
[98.72788162231446, 0.0]
[313.52398109436035, 0.0]
[718.9355300140381, 0.0]
[242.3, 0.0]
[110.60612106323242, 0.0]
[155.48256607055663, 0.0]
[149.99675674438475, 0.0]
[140.92107055664061, 0.0]
[373.7225038146973, 0.0]
[117.69563064575195, 0.0]
[96.29879096984864, 0.0]
[67.03557395935059, 0.0]
[534.6659367370605, 0.0]
[90.00557395935058, 0.0]
[508.6043424987793, 0.0]
[205.38868995666505, 0.0]
[227.9326091003418, 0.0]
[362.8547396850586, 0.0]
[403.1125038146973, 0.0]
[63.34557395935059, 0.0]
[319.2821590423584, 0.0]
[225.75616600036622, 0.0]
[214.57698570251466, 0.0]
[71.4777197265625, 0.0]
[48.92138338088989, 0.0]
[223.0920196533203, 0.0]
[97.58057395935059, 0.0]
[135.3852131652832, 0.0]
[153.68819885253907, 0.0]
[66.61612106323243, 0.0]
[478.7443424987793, 0.0]
[117.83843109130859, 0.0]
[79.47997611999511, 0.0]
[571.6, 0.0]
[107.52563064575196, 0.0]
[258.71061042785647, 0.0]
[177.80678939819336, 0.0]
[114.18169410705566, 0.0]
[273.39550216674803, 0.0]
[530.2778112030029, 0.0]
[212.64262283325195, 0.0]
[109.90321479797363, 0.0]
[517.4531106567383, 0.0]
[153.05061042785644, 0.0]
[184.655, 0.0]
[368.02250381469725, 0.0]
[112.0654689025879, 0.0]
[174.61928939819336, 0.0]
[468.69250381469726, 0.0]
[491.775, 0.0]
[341.0875, 0.0]
[362.0375, 0.0]
[1056.6058135986327, 0.0]
[186.94563064575195, 0.0]
[306.2175, 0.0]
[91.48788162231445, 0.0]
[85.49750801086425, 0.0]
[155.09643363952637, 0.0]
[125.44069709777833, 0.0]
[170.88678939819337, 0.0]
[166.8990899658203, 0.0]
[1267.2058135986329, 0.0]
[433.1282179260254, 0.0]
[792.8526029968261, 0.0]
[75.03061710357666, 0.0]
[178.53, 0.0]
[65.74680000305176, 0.0]
[466.5293424987793, 0.0]
[86.88771980285645, 0.0]
[133.7769174194336, 0.0]
[1071.5953713989259, 0.0]
[669.2825038146973, 0.0]
[201.75009002685547, 0.0]
[604.5756372833252, 0.0]
[151.82325752258302, 0.0]
[223.867852935791, 0.0]
[335.27, 0.0]
[444.6243424987793, 0.0]
[131.59545532226562, 0.0]
[69.01112106323242, 0.0]
[195.65311042785643, 0.0]
[74.84138332366943, 0.0]
[441.6293424987793, 0.0]
[53.64122611999512, 0.0]
[146.2432777404785, 0.0]
[409.5425038146973, 0.0]
[224.03064559936524, 0.0]
[127.28763252258301, 0.0]
[134.63250938415527, 0.0]
[790.95, 0.0]
[42.349716663360596, 0.0]
[120.24638336181641, 0.0]
[378.5325038146973, 0.0]
[123.44676445007325, 0.0]
[86.89305000305175, 0.0]
[1739.071321258545, 0.0]
[132.41601837158203, 0.0]
[43.27202432632446, 0.0]
[1134.9666662597656, 0.0]
[408.28245849609374, 0.0]
[198.37185508728027, 0.0]
[248.78563064575195, 0.0]
[135.69563064575195, 0.0]
[695.8025038146973, 0.0]
[79.6095594406128, 0.0]
[119.4821467590332, 0.0]
[264.2042305755615, 0.0]
[125.93257385253906, 0.0]
[56.9647166633606, 0.0]
[137.70273712158203, 0.0]
[1635.2623803710937, 0.0]
[327.69529151916504, 0.0]
[102.17821479797364, 0.0]
[157.2165908050537, 0.0]
[263.7699224853516, 0.0]
[132.74773712158202, 0.0]
[152.50078147888183, 0.0]
[113.73908325195312, 0.0]
