[0.0, 0.9999449253082275, 4.456614988157526E-6, 1.2111495379940607E-5, 4.503433046920691E-6, 1.2826370038965251E-5, 4.518537025433034E-6, 4.700717909145169E-6, 1.1997362889815122E-5]
[0.0, 0.9994643330574036, 6.498157017631456E-5, 2.582054876256734E-4, 1.9410044842516072E-5, 9.288325964007527E-5, 2.531281643314287E-5, 2.1151545297470875E-5, 5.368964048102498E-5]
[1.0, 0.0241171233355999, 0.9692594408988953, 0.0044821323826909065, 0.0010009401012212038, 3.5705516347661614E-4, 2.0067972945980728E-4, 2.569497737567872E-4, 3.257128410041332E-4]
[1.0, 0.08227833360433578, 0.7282098531723022, 0.18520699441432953, 0.00156833091750741, 9.177300962619483E-4, 5.158024723641574E-4, 6.604314548894763E-4, 6.425402243621647E-4]
java.lang.ArrayIndexOutOfBoundsException
java.lang.ArrayIndexOutOfBoundsException
java.lang.ArrayIndexOutOfBoundsException
java.lang.ArrayIndexOutOfBoundsException
java.lang.ArrayIndexOutOfBoundsException
java.lang.ArrayIndexOutOfBoundsException
java.lang.ArrayIndexOutOfBoundsException
java.lang.ArrayIndexOutOfBoundsException
java.lang.ArrayIndexOutOfBoundsException
[2.0, 0.02105468511581421, 0.03590650483965874, 0.9176181554794312, 0.003190978430211544, 0.0028318630065768957, 0.015392283909022808, 8.899437380023301E-4, 0.003115576459094882]
[2.0, 0.02105468511581421, 0.03590650483965874, 0.9176181554794312, 0.003190978430211544, 0.0028318630065768957, 0.015392283909022808, 8.899437380023301E-4, 0.003115576459094882]
[2.0, 0.02105468511581421, 0.03590650483965874, 0.9176181554794312, 0.003190978430211544, 0.0028318630065768957, 0.015392283909022808, 8.899437380023301E-4, 0.003115576459094882]
[2.0, 0.02105468511581421, 0.03590650483965874, 0.9176181554794312, 0.003190978430211544, 0.0028318630065768957, 0.015392283909022808, 8.899437380023301E-4, 0.003115576459094882]
[2.0, 0.02105468511581421, 0.03590650483965874, 0.9176181554794312, 0.003190978430211544, 0.0028318630065768957, 0.015392283909022808, 8.899437380023301E-4, 0.003115576459094882]
[2.0, 0.02105468511581421, 0.03590650483965874, 0.9176181554794312, 0.003190978430211544, 0.0028318630065768957, 0.015392283909022808, 8.899437380023301E-4, 0.003115576459094882]
[2.0, 0.02105468511581421, 0.03590650483965874, 0.9176181554794312, 0.003190978430211544, 0.0028318630065768957, 0.015392283909022808, 8.899437380023301E-4, 0.003115576459094882]
[2.0, 0.02105468511581421, 0.03590650483965874, 0.9176181554794312, 0.003190978430211544, 0.0028318630065768957, 0.015392283909022808, 8.899437380023301E-4, 0.003115576459094882]
[2.0, 0.02105468511581421, 0.03590650483965874, 0.9176181554794312, 0.003190978430211544, 0.0028318630065768957, 0.015392283909022808, 8.899437380023301E-4, 0.003115576459094882]
[2.0, 0.02105468511581421, 0.03590650483965874, 0.9176181554794312, 0.003190978430211544, 0.0028318630065768957, 0.015392283909022808, 8.899437380023301E-4, 0.003115576459094882]
[2.0, 0.02105468511581421, 0.03590650483965874, 0.9176181554794312, 0.003190978430211544, 0.0028318630065768957, 0.015392283909022808, 8.899437380023301E-4, 0.003115576459094882]
[2.0, 0.02105468511581421, 0.03590650483965874, 0.9176181554794312, 0.003190978430211544, 0.0028318630065768957, 0.015392283909022808, 8.899437380023301E-4, 0.003115576459094882]
[2.0, 0.02105468511581421, 0.03590650483965874, 0.9176181554794312, 0.003190978430211544, 0.0028318630065768957, 0.015392283909022808, 8.899437380023301E-4, 0.003115576459094882]
[2.0, 0.02105468511581421, 0.03590650483965874, 0.9176181554794312, 0.003190978430211544, 0.0028318630065768957, 0.015392283909022808, 8.899437380023301E-4, 0.003115576459094882]
[2.0, 0.02105468511581421, 0.03590650483965874, 0.9176181554794312, 0.003190978430211544, 0.0028318630065768957, 0.015392283909022808, 8.899437380023301E-4, 0.003115576459094882]
[2.0, 0.02105468511581421, 0.03590650483965874, 0.9176181554794312, 0.003190978430211544, 0.0028318630065768957, 0.015392283909022808, 8.899437380023301E-4, 0.003115576459094882]
[2.0, 0.02105468511581421, 0.03590650483965874, 0.9176181554794312, 0.003190978430211544, 0.0028318630065768957, 0.015392283909022808, 8.899437380023301E-4, 0.003115576459094882]
[2.0, 0.02105468511581421, 0.03590650483965874, 0.9176181554794312, 0.003190978430211544, 0.0028318630065768957, 0.015392283909022808, 8.899437380023301E-4, 0.003115576459094882]
[2.0, 0.02105468511581421, 0.03590650483965874, 0.9176181554794312, 0.003190978430211544, 0.0028318630065768957, 0.015392283909022808, 8.899437380023301E-4, 0.003115576459094882]
[2.0, 0.02105468511581421, 0.03590650483965874, 0.9176181554794312, 0.003190978430211544, 0.0028318630065768957, 0.015392283909022808, 8.899437380023301E-4, 0.003115576459094882]
java.lang.ArrayIndexOutOfBoundsException
