[12.89, 0.0]
[14.792000007629394, 0.0]
[15.87230770111084, 0.0]
[20.066667098999023, 0.0]
[18.759000244140626, 0.0]
[24.37099994659424, 0.0]
[19.799666557312012, 0.0]
[25.332999610900877, 0.0]
[18.443333320617675, 0.0]
[19.973333320617677, 0.0]
[19.764000015258787, 0.0]
[20.976666679382323, 0.0]
[18.58, 0.0]
[19.1, 0.0]
[18.25, 0.0]
[19.283333320617675, 0.0]
[21.253999938964842, 0.0]
[14.190307693481445, 0.0]
[15.17230770111084, 0.0]
[14.76230770111084, 0.0]
[15.952000007629394, 0.0]
[15.73400001525879, 0.0]
[16.04, 0.0]
[18.112000007629394, 0.0]
[17.91, 0.0]
[19.108666648864745, 0.0]
[13.8, 0.0]
[16.320974388122558, 0.0]
[28.715999794006347, 0.0]
[21.33, 0.0]
[23.516000022888182, 0.0]
[24.68, 0.0]
[33.71799945831299, 0.0]
[20.8199995803833, 0.0]
[33.58600093841553, 0.0]
[27.77, 0.0]
[24.96599998474121, 0.0]
[22.768999977111818, 0.0]
[13.26, 0.0]
[25.16300006866455, 0.0]
[13.2, 0.0]
[20.4140002822876, 0.0]
[17.00400001525879, 0.0]
[22.35499984741211, 0.0]
[12.38, 0.0]
[14.492000007629395, 0.0]
[16.55899974822998, 0.0]
[12.89, 0.0]
[29.346000022888184, 0.0]
[17.717000617980958, 0.0]
[20.12, 0.0]
[14.572000007629395, 0.0]
[28.479999809265138, 0.0]
[20.154000015258788, 0.0]
[27.192000274658202, 0.0]
[21.19900005340576, 0.0]
[15.19, 0.0]
[16.18400001525879, 0.0]
[14.58, 0.0]
[26.740999908447264, 0.0]
[13.13, 0.0]
[17.198000087738038, 0.0]
[17.346000022888184, 0.0]
[32.54400001525879, 0.0]
[28.029333305358886, 0.0]
[28.60133331298828, 0.0]
[14.08, 0.0]
[13.57, 0.0]
[16.053333320617675, 0.0]
[16.832000007629393, 0.0]
[17.643333320617675, 0.0]
[16.82866668701172, 0.0]
[29.77, 0.0]
[30.64266658782959, 0.0]
[30.63, 0.0]
[32.99599891662598, 0.0]
[24.677999839782714, 0.0]
[28.06599998474121, 0.0]
[27.581999473571777, 0.0]
[18.083500022888185, 0.0]
[12.0, 0.0]
[13.27, 0.0]
[13.74, 0.0]
[13.992000007629395, 0.0]
[19.168333854675293, 0.0]
[13.6075, 0.0]
[20.078999977111817, 0.0]
[15.4, 0.0]
[19.00233383178711, 0.0]
[14.2275, 0.0]
[15.056666679382325, 0.0]
[19.162999992370604, 0.0]
[16.203333320617677, 0.0]
[15.91533332824707, 0.0]
[18.055, 0.0]
[20.746000022888182, 0.0]
[22.135, 0.0]
[26.084000015258788, 0.0]
[20.66, 0.0]
[21.577000007629394, 0.0]
[24.802000007629395, 0.0]
[25.88, 0.0]
[13.855499992370605, 0.0]
[10.572307701110839, 0.0]
[30.407999954223634, 0.0]
[15.545, 0.0]
[26.8039998626709, 0.0]
[19.225000267028808, 0.0]
[17.15699996948242, 0.0]
[12.66, 0.0]
[13.17, 0.0]
[20.51199996948242, 0.0]
[33.24, 0.0]
[24.847333335876463, 0.0]
[29.964334144592286, 0.0]
[34.84899963378906, 0.0]
[36.405000076293945, 0.0]
[40.76799903869629, 0.0]
[28.978000564575197, 0.0]
[36.655999908447264, 0.0]
[37.27600028991699, 0.0]
[26.28, 0.0]
[34.507999954223635, 0.0]
[26.288333702087403, 0.0]
[23.02, 0.0]
[23.96533336639404, 0.0]
[31.47, 0.0]
[24.542000465393066, 0.0]
[21.31200004577637, 0.0]
[31.675, 0.0]
[37.342000808715824, 0.0]
[30.916666679382324, 0.0]
[33.74100006103516, 0.0]
[27.04, 0.0]
[27.1, 0.0]
[28.828000144958494, 0.0]
[26.3399995803833, 0.0]
[20.549000244140625, 0.0]
[19.514000015258787, 0.0]
[18.648000411987304, 0.0]
[19.996000366210936, 0.0]
[15.202000007629394, 0.0]
[34.38933334350586, 0.0]
[27.87, 0.0]
[26.06, 0.0]
[34.92000049591064, 0.0]
[31.73900001525879, 0.0]
[26.14, 0.0]
[27.03599983215332, 0.0]
[27.685999984741212, 0.0]
[15.206879138946533, 0.0]
[14.090879135131836, 0.0]
[14.916879138946534, 0.0]
[14.060879154205322, 0.0]
[11.58230770111084, 0.0]
[15.428307704925537, 0.0]
[18.71433322906494, 0.0]
[17.147000007629394, 0.0]
[12.44, 0.0]
[15.912000007629395, 0.0]
[30.761999893188477, 0.0]
[32.50933334350586, 0.0]
[17.484000339508057, 0.0]
[25.82, 0.0]
[26.102000007629396, 0.0]
[29.23, 0.0]
[25.56, 0.0]
[29.02, 0.0]
[27.132000007629394, 0.0]
[36.07999927520752, 0.0]
[29.966666679382325, 0.0]
[25.03400001525879, 0.0]
[13.13, 0.0]
[16.025, 0.0]
[12.18, 0.0]
[31.725999908447264, 0.0]
[34.72200096130371, 0.0]
[14.188999996185302, 0.0]
[10.72, 0.0]
[20.567666931152345, 0.0]
[25.48600025177002, 0.0]
[23.929999504089356, 0.0]
[25.49099998474121, 0.0]
[26.284999656677247, 0.0]
[35.21099880218506, 0.0]
[18.042333793640136, 0.0]
[14.01, 0.0]
[13.91, 0.0]
[14.572000007629395, 0.0]
[13.701000003814697, 0.0]
[13.581000003814697, 0.0]
[14.21, 0.0]
[14.68, 0.0]
[15.6, 0.0]
[18.184500007629396, 0.0]
[21.14900058746338, 0.0]
[23.424000091552735, 0.0]
[18.169833374023437, 0.0]
[17.72233367919922, 0.0]
[13.11, 0.0]
[14.03, 0.0]
[16.24, 0.0]
[18.603333358764647, 0.0]
[20.773666648864747, 0.0]
[20.857666664123535, 0.0]
[22.67066661834717, 0.0]
[16.360666694641115, 0.0]
[25.728000297546387, 0.0]
[26.828999977111817, 0.0]
[25.14800003051758, 0.0]
[14.210000038146973, 0.0]
[18.166666679382324, 0.0]
[22.232000007629395, 0.0]
[22.072000007629395, 0.0]
[18.81, 0.0]
[19.94, 0.0]
[23.39400001525879, 0.0]
[26.94, 0.0]
[25.102000007629396, 0.0]
[25.865, 0.0]
[28.58200004577637, 0.0]
[15.697999992370605, 0.0]
[13.976666679382324, 0.0]
[18.656666679382326, 0.0]
[16.780666694641113, 0.0]
[10.93630771636963, 0.0]
[31.21266674041748, 0.0]
[30.512666664123536, 0.0]
[32.28700122833252, 0.0]
[35.420000076293945, 0.0]
[34.31799995422363, 0.0]
[35.73199882507324, 0.0]
[40.38099884033203, 0.0]
[32.58, 0.0]
[35.48399864196777, 0.0]
[23.81233337402344, 0.0]
[32.68, 0.0]
[36.13199996948242, 0.0]
[33.972000427246094, 0.0]
[34.2039990234375, 0.0]
[21.36599998474121, 0.0]
[30.982999687194823, 0.0]
[30.81700019836426, 0.0]
[34.353999099731446, 0.0]
[35.723999938964845, 0.0]
[32.941999969482424, 0.0]
[35.01499923706055, 0.0]
[42.99999885559082, 0.0]
[20.322000007629395, 0.0]
[22.822000007629395, 0.0]
[26.3060005569458, 0.0]
[29.991000061035155, 0.0]
[16.942000045776368, 0.0]
[25.07399990081787, 0.0]
[23.64, 0.0]
[21.375, 0.0]
[15.217999992370606, 0.0]
[16.92849998474121, 0.0]
[35.40799987792969, 0.0]
[12.14, 0.0]
[11.48, 0.0]
[19.42433395385742, 0.0]
[16.44199996948242, 0.0]
[20.54666618347168, 0.0]
[20.787999572753908, 0.0]
[35.87000003814697, 0.0]
[31.61000003814697, 0.0]
[24.465000228881834, 0.0]
[19.84299976348877, 0.0]
[23.605999755859376, 0.0]
[17.049000015258787, 0.0]
[12.31, 0.0]
[26.345999450683593, 0.0]
[12.2, 0.0]
[23.52999946594238, 0.0]
[12.45, 0.0]
[24.96, 0.0]
[26.9, 0.0]
[24.827999992370607, 0.0]
[26.947999992370605, 0.0]
[29.96, 0.0]
[21.30599998474121, 0.0]
[20.802999992370605, 0.0]
[22.35199996948242, 0.0]
[24.66, 0.0]
[27.55300048828125, 0.0]
[27.049000205993654, 0.0]
[17.1460005569458, 0.0]
[24.741000022888183, 0.0]
[14.722000007629395, 0.0]
[38.07899993896484, 0.0]
[27.2, 0.0]
[12.82, 0.0]
[20.44400001525879, 0.0]
[21.316666679382323, 0.0]
[22.056666679382325, 0.0]
[14.296879138946533, 0.0]
[14.276879138946533, 0.0]
[14.172000007629395, 0.0]
[14.606879138946534, 0.0]
[17.70599998474121, 0.0]
[15.150879135131836, 0.0]
[34.724000473022464, 0.0]
[37.503000030517576, 0.0]
[34.67099979400635, 0.0]
[33.93600032806396, 0.0]
[28.284000434875487, 0.0]
[31.339333381652832, 0.0]
[23.349333839416502, 0.0]
[14.372000007629394, 0.0]
[14.076879138946532, 0.0]
[17.07800003051758, 0.0]
[17.939000015258788, 0.0]
[16.95497438430786, 0.0]
[19.21400001525879, 0.0]
[18.425, 0.0]
[20.916000022888184, 0.0]
[19.192000045776368, 0.0]
[13.644879131317138, 0.0]
[20.205, 0.0]
[22.755999984741212, 0.0]
[13.64, 0.0]
[13.5, 0.0]
[13.732000007629395, 0.0]
[15.18, 0.0]
[18.313333320617676, 0.0]
[15.755, 0.0]
[14.872000007629394, 0.0]
[30.17933334350586, 0.0]
[21.176000022888182, 0.0]
[18.855000534057616, 0.0]
[26.967999992370604, 0.0]
[32.261999969482424, 0.0]
[12.92, 0.0]
[24.71800003051758, 0.0]
[18.423500022888184, 0.0]
[26.599000015258788, 0.0]
[27.757999992370607, 0.0]
[34.30900024414063, 0.0]
[34.89899993896484, 0.0]
[39.60500114440918, 0.0]
[26.61000011444092, 0.0]
[25.187999992370607, 0.0]
[21.2160001373291, 0.0]
[23.225, 0.0]
[23.70400001525879, 0.0]
[30.31599998474121, 0.0]
[34.46399929046631, 0.0]
[25.547999992370606, 0.0]
[33.3119994354248, 0.0]
[22.42, 0.0]
[23.31800022125244, 0.0]
[30.03799991607666, 0.0]
[31.34, 0.0]
[31.16, 0.0]
[26.82, 0.0]
[26.62366668701172, 0.0]
[36.964998970031736, 0.0]
[27.79, 0.0]
[28.12, 0.0]
[32.75400058746338, 0.0]
[32.68100116729736, 0.0]
[33.63000011444092, 0.0]
[24.57, 0.0]
[29.449999504089355, 0.0]
[24.517999992370605, 0.0]
[24.132000007629394, 0.0]
[25.12, 0.0]
[26.89599998474121, 0.0]
[31.34, 0.0]
[25.29399990081787, 0.0]
[19.762000007629396, 0.0]
[20.362000007629394, 0.0]
[37.68199890136719, 0.0]
[37.301000366210936, 0.0]
[23.174000015258787, 0.0]
[33.84599998474121, 0.0]
[33.00799945831299, 0.0]
[26.39, 0.0]
[22.512000007629396, 0.0]
[40.37200080871582, 0.0]
[25.86, 0.0]
[27.838666648864745, 0.0]
[29.85, 0.0]
[33.517999992370605, 0.0]
[27.42, 0.0]
[40.70999984741211, 0.0]
[42.067999267578124, 0.0]
[39.04499885559082, 0.0]
[29.512000007629396, 0.0]
[33.469999618530274, 0.0]
[35.393999938964846, 0.0]
[29.11, 0.0]
[29.29, 0.0]
[29.021999969482422, 0.0]
[39.6689998626709, 0.0]
[31.271999855041503, 0.0]
[26.65, 0.0]
[26.34, 0.0]
[25.41800003051758, 0.0]
[19.75, 0.0]
[19.526000022888184, 0.0]
[21.25, 0.0]
[20.43000003814697, 0.0]
[18.161000061035157, 0.0]
[27.958000564575194, 0.0]
