[25.33600009918213, 0.0]
[28.55599998474121, 0.0]
[28.55599998474121, 0.0]
[28.55599998474121, 0.0]
java.lang.ArrayIndexOutOfBoundsException
java.lang.ArrayIndexOutOfBoundsException
java.lang.ArrayIndexOutOfBoundsException
java.lang.ArrayIndexOutOfBoundsException
java.lang.ArrayIndexOutOfBoundsException
java.lang.ArrayIndexOutOfBoundsException
[17.73900005340576, 0.0]
[17.73900005340576, 0.0]
[17.73900005340576, 0.0]
[17.73900005340576, 0.0]
[17.73900005340576, 0.0]
[17.73900005340576, 0.0]
[17.73900005340576, 0.0]
[17.73900005340576, 0.0]
[17.73900005340576, 0.0]
[17.73900005340576, 0.0]
[17.73900005340576, 0.0]
[17.73900005340576, 0.0]
[17.73900005340576, 0.0]
[17.73900005340576, 0.0]
[17.73900005340576, 0.0]
[17.73900005340576, 0.0]
[17.73900005340576, 0.0]
[17.73900005340576, 0.0]
[17.73900005340576, 0.0]
[17.73900005340576, 0.0]
[28.55599998474121]
