[0.0, 0.9768165710101507, 0.0029525645551094636, 0.010391534230850553, 3.965583466943233E-4, 3.6635525507668586E-4, 0.0, 6.809685490940553E-4, 0.00839544805302401]
[0.0, 0.8631392639354909, 0.08764172510049523, 0.04915059005426262, 6.842090975118331E-5, 0.0, 0.0, 0.0, 0.0]
[0.0, 0.7410297957380597, 0.14511886841118588, 0.11378800397853164, 0.0, 6.33318722226595E-5, 0.0, 0.0, 0.0]
[0.0, 0.8630318961029831, 0.06411553794348837, 0.07285256595352847, 0.0, 0.0, 0.0, 0.0, 0.0]
java.lang.ArrayIndexOutOfBoundsException
java.lang.ArrayIndexOutOfBoundsException
java.lang.ArrayIndexOutOfBoundsException
java.lang.ArrayIndexOutOfBoundsException
java.lang.ArrayIndexOutOfBoundsException
java.lang.ArrayIndexOutOfBoundsException
java.lang.ArrayIndexOutOfBoundsException
java.lang.ArrayIndexOutOfBoundsException
java.lang.ArrayIndexOutOfBoundsException
[0.0, 0.722278004697625, 0.05410196530652446, 0.21658279257198568, 0.0010607057700330906, 0.002377845902052203, 0.0023759339481584218, 0.0010581123573924229, 1.6463944622858087E-4]
[0.0, 0.722278004697625, 0.05410196530652446, 0.21658279257198568, 0.0010607057700330906, 0.002377845902052203, 0.0023759339481584218, 0.0010581123573924229, 1.6463944622858087E-4]
[0.0, 0.722278004697625, 0.05410196530652446, 0.21658279257198568, 0.0010607057700330906, 0.002377845902052203, 0.0023759339481584218, 0.0010581123573924229, 1.6463944622858087E-4]
[0.0, 0.722278004697625, 0.05410196530652446, 0.21658279257198568, 0.0010607057700330906, 0.002377845902052203, 0.0023759339481584218, 0.0010581123573924229, 1.6463944622858087E-4]
[0.0, 0.722278004697625, 0.05410196530652446, 0.21658279257198568, 0.0010607057700330906, 0.002377845902052203, 0.0023759339481584218, 0.0010581123573924229, 1.6463944622858087E-4]
[0.0, 0.722278004697625, 0.05410196530652446, 0.21658279257198568, 0.0010607057700330906, 0.002377845902052203, 0.0023759339481584218, 0.0010581123573924229, 1.6463944622858087E-4]
[0.0, 0.722278004697625, 0.05410196530652446, 0.21658279257198568, 0.0010607057700330906, 0.002377845902052203, 0.0023759339481584218, 0.0010581123573924229, 1.6463944622858087E-4]
[0.0, 0.722278004697625, 0.05410196530652446, 0.21658279257198568, 0.0010607057700330906, 0.002377845902052203, 0.0023759339481584218, 0.0010581123573924229, 1.6463944622858087E-4]
[0.0, 0.722278004697625, 0.05410196530652446, 0.21658279257198568, 0.0010607057700330906, 0.002377845902052203, 0.0023759339481584218, 0.0010581123573924229, 1.6463944622858087E-4]
[0.0, 0.722278004697625, 0.05410196530652446, 0.21658279257198568, 0.0010607057700330906, 0.002377845902052203, 0.0023759339481584218, 0.0010581123573924229, 1.6463944622858087E-4]
[0.0, 0.722278004697625, 0.05410196530652446, 0.21658279257198568, 0.0010607057700330906, 0.002377845902052203, 0.0023759339481584218, 0.0010581123573924229, 1.6463944622858087E-4]
[0.0, 0.722278004697625, 0.05410196530652446, 0.21658279257198568, 0.0010607057700330906, 0.002377845902052203, 0.0023759339481584218, 0.0010581123573924229, 1.6463944622858087E-4]
[0.0, 0.722278004697625, 0.05410196530652446, 0.21658279257198568, 0.0010607057700330906, 0.002377845902052203, 0.0023759339481584218, 0.0010581123573924229, 1.6463944622858087E-4]
[0.0, 0.722278004697625, 0.05410196530652446, 0.21658279257198568, 0.0010607057700330906, 0.002377845902052203, 0.0023759339481584218, 0.0010581123573924229, 1.6463944622858087E-4]
[0.0, 0.722278004697625, 0.05410196530652446, 0.21658279257198568, 0.0010607057700330906, 0.002377845902052203, 0.0023759339481584218, 0.0010581123573924229, 1.6463944622858087E-4]
[0.0, 0.722278004697625, 0.05410196530652446, 0.21658279257198568, 0.0010607057700330906, 0.002377845902052203, 0.0023759339481584218, 0.0010581123573924229, 1.6463944622858087E-4]
[0.0, 0.722278004697625, 0.05410196530652446, 0.21658279257198568, 0.0010607057700330906, 0.002377845902052203, 0.0023759339481584218, 0.0010581123573924229, 1.6463944622858087E-4]
[0.0, 0.722278004697625, 0.05410196530652446, 0.21658279257198568, 0.0010607057700330906, 0.002377845902052203, 0.0023759339481584218, 0.0010581123573924229, 1.6463944622858087E-4]
[0.0, 0.722278004697625, 0.05410196530652446, 0.21658279257198568, 0.0010607057700330906, 0.002377845902052203, 0.0023759339481584218, 0.0010581123573924229, 1.6463944622858087E-4]
[0.0, 0.722278004697625, 0.05410196530652446, 0.21658279257198568, 0.0010607057700330906, 0.002377845902052203, 0.0023759339481584218, 0.0010581123573924229, 1.6463944622858087E-4]
java.lang.ArrayIndexOutOfBoundsException
