[65.21944014170226, 0.0]
[-1.8630684181829213, 0.0]
[-2.069296563957314, 0.0]
java.lang.ArrayIndexOutOfBoundsException
[-1.5651363626832602, 0.0]
[65.21944014170226, 0.0]
[-1.7396659682803712E9, 0.0]
[-1.7396659886877645E19, 0.0]
[-1.739665988687767E29, 0.0]
[-1.7396659886877656E39, 0.0]
[-1.7396659886877674E49, 0.0]
[-1.7396659886877655E59, 0.0]
[-1.739665988687766E69, 0.0]
[-1.7396659886877663E79, 0.0]
[-1.739665988687766E89, 0.0]
[-1.7396659886877668E99, 0.0]
[-1.7396659886877653E109, 0.0]
[-1.739665988687765E119, 0.0]
[-1.739665988687766E129, 0.0]
[-1.7396659886877673E139, 0.0]
[-1.739665988687765E149, 0.0]
[-1.7396659886877656E159, 0.0]
[-1.7396659886877662E169, 0.0]
[-1.739665988687767E179, 0.0]
[-1.7396659886877633E189, 0.0]
[-1.7396659886877654E199, 0.0]
[-1.8630684181829213]
