[86.95782618985842, 0.0]
[1.0250683977202328, 0.0]
[-2.45203191752916, 0.0]
[-4.733298002765567, 0.0]
[-3.539284137651663, 0.0]
[9.771124227294575, 0.0]
[-2.9956580275904123, 0.0]
[4.873609923373751, 0.0]
[1.7753896010168635, 0.0]
[-0.889864032289335, 0.0]
[5.205968634144102, 0.0]
[13.430420424620845, 0.0]
[1.5973470549644677, 0.0]
[1.982534612725006, 0.0]
[86.95782618985842, 0.0]
[4.873609923373751, 0.0]
[-3.2674710826210323, 0.0]
[4.104436907019498, 0.0]
[4.873609923373751, 0.0]
[1.982534612725006, 0.0]
[4.379819838800649, 0.0]
[87.58258422571973, 0.0]
[4.6552027705817975, 0.0]
[-2.50826910132861, 0.0]
[0.7059129927186234, 0.0]
[-2.180220137601765, 0.0]
[1.3442238027218174, 0.0]
[-2.9134739031899457, 0.0]
[-3.520081936381805, 0.0]
[-2.50826910132861, 0.0]
[4.930585702362964, 0.0]
[1.5973470549644677, 0.0]
[-2.45203191752916, 0.0]
[-2.723844972559787, 0.0]
[3.5747753126262447, 0.0]
[-2.50826910132861, 0.0]
[1.7753896010168635, 0.0]
[13.367251603049791, 0.0]
[-3.8233859529777536, 0.0]
[1.5973470549644677, 0.0]
