[0.0, 0.999486435191636, 2.3259481758987582E-4, 2.7340331283063E-4, 2.5188898755961375E-6, 2.139466469733418E-6, 1.105532100757982E-6, 3.7503938053484014E-7, 1.4277501168773635E-6]
[0.0, 0.6251608522882178, 0.33809551127044923, 0.03634609931043688, 2.49029451362816E-4, 5.4949270000784194E-5, 5.579514549425141E-5, 1.8768244111287435E-5, 1.8995019926848417E-5]
[1.0, 0.15697825124421355, 0.8046467319245213, 0.03781731480204904, 3.903199443704944E-4, 6.236104442149061E-5, 6.301131586150105E-5, 2.103250192067271E-5, 2.0977222641903546E-5]
[1.0, 0.02551346723388385, 0.8852331702664319, 0.08916495760275979, 5.1666530176518406E-5, 1.3589009581878818E-5, 1.3802065957657856E-5, 4.647609584573671E-6, 4.6996816238900826E-6]
java.lang.ArrayIndexOutOfBoundsException
java.lang.ArrayIndexOutOfBoundsException
java.lang.ArrayIndexOutOfBoundsException
java.lang.ArrayIndexOutOfBoundsException
java.lang.ArrayIndexOutOfBoundsException
java.lang.ArrayIndexOutOfBoundsException
java.lang.ArrayIndexOutOfBoundsException
java.lang.ArrayIndexOutOfBoundsException
java.lang.ArrayIndexOutOfBoundsException
[2.0, 0.08354408979594159, 0.02112630565994851, 0.8952186017266028, 5.8879902628524885E-5, 1.9902732920077314E-5, 1.989509127536618E-5, 6.310245340636587E-6, 6.014845342596893E-6]
[2.0, 0.08354408979594159, 0.02112630565994851, 0.8952186017266028, 5.8879902628524885E-5, 1.9902732920077314E-5, 1.989509127536618E-5, 6.310245340636587E-6, 6.014845342596893E-6]
[2.0, 0.08354408979594159, 0.02112630565994851, 0.8952186017266028, 5.8879902628524885E-5, 1.9902732920077314E-5, 1.989509127536618E-5, 6.310245340636587E-6, 6.014845342596893E-6]
[2.0, 0.08354408979594159, 0.02112630565994851, 0.8952186017266028, 5.8879902628524885E-5, 1.9902732920077314E-5, 1.989509127536618E-5, 6.310245340636587E-6, 6.014845342596893E-6]
[2.0, 0.08354408979594159, 0.02112630565994851, 0.8952186017266028, 5.8879902628524885E-5, 1.9902732920077314E-5, 1.989509127536618E-5, 6.310245340636587E-6, 6.014845342596893E-6]
[2.0, 0.08354408979594159, 0.02112630565994851, 0.8952186017266028, 5.8879902628524885E-5, 1.9902732920077314E-5, 1.989509127536618E-5, 6.310245340636587E-6, 6.014845342596893E-6]
[2.0, 0.08354408979594159, 0.02112630565994851, 0.8952186017266028, 5.8879902628524885E-5, 1.9902732920077314E-5, 1.989509127536618E-5, 6.310245340636587E-6, 6.014845342596893E-6]
[2.0, 0.08354408979594159, 0.02112630565994851, 0.8952186017266028, 5.8879902628524885E-5, 1.9902732920077314E-5, 1.989509127536618E-5, 6.310245340636587E-6, 6.014845342596893E-6]
[2.0, 0.08354408979594159, 0.02112630565994851, 0.8952186017266028, 5.8879902628524885E-5, 1.9902732920077314E-5, 1.989509127536618E-5, 6.310245340636587E-6, 6.014845342596893E-6]
[2.0, 0.08354408979594159, 0.02112630565994851, 0.8952186017266028, 5.8879902628524885E-5, 1.9902732920077314E-5, 1.989509127536618E-5, 6.310245340636587E-6, 6.014845342596893E-6]
[2.0, 0.08354408979594159, 0.02112630565994851, 0.8952186017266028, 5.8879902628524885E-5, 1.9902732920077314E-5, 1.989509127536618E-5, 6.310245340636587E-6, 6.014845342596893E-6]
[2.0, 0.08354408979594159, 0.02112630565994851, 0.8952186017266028, 5.8879902628524885E-5, 1.9902732920077314E-5, 1.989509127536618E-5, 6.310245340636587E-6, 6.014845342596893E-6]
[2.0, 0.08354408979594159, 0.02112630565994851, 0.8952186017266028, 5.8879902628524885E-5, 1.9902732920077314E-5, 1.989509127536618E-5, 6.310245340636587E-6, 6.014845342596893E-6]
[2.0, 0.08354408979594159, 0.02112630565994851, 0.8952186017266028, 5.8879902628524885E-5, 1.9902732920077314E-5, 1.989509127536618E-5, 6.310245340636587E-6, 6.014845342596893E-6]
[2.0, 0.08354408979594159, 0.02112630565994851, 0.8952186017266028, 5.8879902628524885E-5, 1.9902732920077314E-5, 1.989509127536618E-5, 6.310245340636587E-6, 6.014845342596893E-6]
[2.0, 0.08354408979594159, 0.02112630565994851, 0.8952186017266028, 5.8879902628524885E-5, 1.9902732920077314E-5, 1.989509127536618E-5, 6.310245340636587E-6, 6.014845342596893E-6]
[2.0, 0.08354408979594159, 0.02112630565994851, 0.8952186017266028, 5.8879902628524885E-5, 1.9902732920077314E-5, 1.989509127536618E-5, 6.310245340636587E-6, 6.014845342596893E-6]
[2.0, 0.08354408979594159, 0.02112630565994851, 0.8952186017266028, 5.8879902628524885E-5, 1.9902732920077314E-5, 1.989509127536618E-5, 6.310245340636587E-6, 6.014845342596893E-6]
[2.0, 0.08354408979594159, 0.02112630565994851, 0.8952186017266028, 5.8879902628524885E-5, 1.9902732920077314E-5, 1.989509127536618E-5, 6.310245340636587E-6, 6.014845342596893E-6]
[2.0, 0.08354408979594159, 0.02112630565994851, 0.8952186017266028, 5.8879902628524885E-5, 1.9902732920077314E-5, 1.989509127536618E-5, 6.310245340636587E-6, 6.014845342596893E-6]
java.lang.ArrayIndexOutOfBoundsException
