[0.0, 0.9978991595740528, 0.0, 0.0021008404259471357]
[0.0, 0.9978991595740528, 0.0, 0.0021008404259471357]
[0.0, 0.9978991595740528, 0.0, 0.0021008404259471357]
[0.0, 0.9978991595740528, 0.0, 0.0021008404259471357]
[0.0, 0.9978991595740528, 0.0, 0.0021008404259471357]
[0.0, 0.9978991595740528, 0.0, 0.0021008404259471357]
[0.0, 0.9978991595740528, 0.0, 0.0021008404259471357]
[0.0, 0.9978991595740528, 0.0, 0.0021008404259471357]
[0.0, 0.9978991595740528, 0.0, 0.0021008404259471357]
[0.0, 0.9978991595740528, 0.0, 0.0021008404259471357]
[0.0, 0.9978991595740528, 0.0, 0.0021008404259471357]
[0.0, 0.9978991595740528, 0.0, 0.0021008404259471357]
[0.0, 0.9978991595740528, 0.0, 0.0021008404259471357]
[0.0, 0.9978991595740528, 0.0, 0.0021008404259471357]
[0.0, 0.9978991595740528, 0.0, 0.0021008404259471357]
[0.0, 0.9978991595740528, 0.0, 0.0021008404259471357]
[0.0, 0.9978991595740528, 0.0, 0.0021008404259471357]
[0.0, 0.9978991595740528, 0.0, 0.0021008404259471357]
[0.0, 0.9977888335152104, 0.0, 0.00221116648478963]
[0.0, 0.9978991595740528, 0.0, 0.0021008404259471357]
[0.0, 0.9978991595740528, 0.0, 0.0021008404259471357]
[0.0, 0.9978991595740528, 0.0, 0.0021008404259471357]
[0.0, 0.9978991595740528, 0.0, 0.0021008404259471357]
[0.0, 0.9978991595740528, 0.0, 0.0021008404259471357]
[0.0, 0.9978991595740528, 0.0, 0.0021008404259471357]
[0.0, 0.9978991595740528, 0.0, 0.0021008404259471357]
[0.0, 0.9978991595740528, 0.0, 0.0021008404259471357]
[0.0, 0.9978991595740528, 0.0, 0.0021008404259471357]
[0.0, 0.9978991595740528, 0.0, 0.0021008404259471357]
[0.0, 0.9978991595740528, 0.0, 0.0021008404259471357]
[0.0, 0.9978991595740528, 0.0, 0.0021008404259471357]
[0.0, 0.9978991595740528, 0.0, 0.0021008404259471357]
[0.0, 0.9978991595740528, 0.0, 0.0021008404259471357]
[0.0, 0.9978991595740528, 0.0, 0.0021008404259471357]
[0.0, 0.9978991595740528, 0.0, 0.0021008404259471357]
[0.0, 0.9978991595740528, 0.0, 0.0021008404259471357]
[0.0, 0.9977888335152104, 0.0, 0.00221116648478963]
[0.0, 0.9978991595740528, 0.0, 0.0021008404259471357]
[0.0, 0.9978991595740528, 0.0, 0.0021008404259471357]
[0.0, 0.9978991595740528, 0.0, 0.0021008404259471357]
[0.0, 0.9978991595740528, 0.0, 0.0021008404259471357]
[0.0, 0.9978991595740528, 0.0, 0.0021008404259471357]
[0.0, 0.9978991595740528, 0.0, 0.0021008404259471357]
[0.0, 0.9978991595740528, 0.0, 0.0021008404259471357]
[0.0, 0.9978991595740528, 0.0, 0.0021008404259471357]
[0.0, 0.9978991595740528, 0.0, 0.0021008404259471357]
[0.0, 0.9978991595740528, 0.0, 0.0021008404259471357]
[0.0, 0.9978991595740528, 0.0, 0.0021008404259471357]
[0.0, 0.9978991595740528, 0.0, 0.0021008404259471357]
[0.0, 0.9978991595740528, 0.0, 0.0021008404259471357]
[1.0, 0.0, 0.9480042015953503, 0.05199579840464978]
[1.0, 0.0, 0.9978991595740528, 0.0021008404259471357]
[1.0, 0.0, 1.0, 0.0]
[1.0, 0.0, 0.9978991595740528, 0.0021008404259471357]
[1.0, 0.0, 0.9029514756604639, 0.09704852433953616]
[1.0, 0.0, 0.9978991595740528, 0.0021008404259471357]
[1.0, 0.0, 0.9977888335152104, 0.00221116648478963]
[1.0, 0.047523761876866515, 0.9504752375373303, 0.0020010005858031293]
[1.0, 0.0, 0.9977888335152104, 0.00221116648478963]
[1.0, 0.0, 0.9978991595740528, 0.0021008404259471357]
[1.0, 0.047523761876866515, 0.9029514756604639, 0.049524762462669646]
[1.0, 0.0, 0.9978991595740528, 0.0021008404259471357]
[1.0, 0.0, 0.9480042015953503, 0.05199579840464978]
[1.0, 0.0, 0.9978991595740528, 0.0021008404259471357]
[1.0, 0.0, 0.9978991595740528, 0.0021008404259471357]
[1.0, 0.0, 0.9978991595740528, 0.0021008404259471357]
[1.0, 0.0, 0.9978991595740528, 0.0021008404259471357]
[1.0, 0.0, 0.9978991595740528, 0.0021008404259471357]
[1.0, 0.0, 0.8079039519067308, 0.1920960480932692]
[1.0, 0.0, 0.9978991595740528, 0.0021008404259471357]
[1.0, 0.0, 0.5824832912954857, 0.4175167087045143]
[1.0, 0.0, 0.9978991595740528, 0.0021008404259471357]
[1.0, 0.0, 0.8571428571428571, 0.14285714285714285]
[1.0, 0.0, 0.9978991595740528, 0.0021008404259471357]
[1.0, 0.0, 0.9977888335152104, 0.00221116648478963]
[1.0, 0.0, 0.9978991595740528, 0.0021008404259471357]
[1.0, 0.0, 0.9473684210526315, 0.05263157894736842]
[1.0, 0.0, 0.9473684210526315, 0.05263157894736842]
[1.0, 0.0, 0.9978991595740528, 0.0021008404259471357]
[1.0, 0.0, 0.9978991595740528, 0.0021008404259471357]
[1.0, 0.0, 0.9978991595740528, 0.0021008404259471357]
[1.0, 0.0, 0.9978991595740528, 0.0021008404259471357]
[1.0, 0.0, 0.9978991595740528, 0.0021008404259471357]
[1.0, 0.0, 0.75, 0.25]
[1.0, 0.0, 0.9978991595740528, 0.0021008404259471357]
[1.0, 0.0, 0.9977888335152104, 0.00221116648478963]
[1.0, 0.0, 0.9978991595740528, 0.0021008404259471357]
[1.0, 0.0, 0.9978991595740528, 0.0021008404259471357]
[1.0, 0.0, 0.9978991595740528, 0.0021008404259471357]
[1.0, 0.0, 0.9978991595740528, 0.0021008404259471357]
[1.0, 0.0, 0.9978991595740528, 0.0021008404259471357]
[1.0, 0.0, 0.9978991595740528, 0.0021008404259471357]
[1.0, 0.0, 0.9977888335152104, 0.00221116648478963]
[1.0, 0.047523761876866515, 0.9504752375373303, 0.0020010005858031293]
[1.0, 0.0, 0.9978991595740528, 0.0021008404259471357]
[1.0, 0.0, 0.9978991595740528, 0.0021008404259471357]
[1.0, 0.0, 0.9978991595740528, 0.0021008404259471357]
[1.0, 0.0, 0.9978991595740528, 0.0021008404259471357]
[1.0, 0.0, 0.9978991595740528, 0.0021008404259471357]
[1.0, 0.0, 0.9978991595740528, 0.0021008404259471357]
[2.0, 0.0, 0.0, 1.0]
[2.0, 0.0, 0.0, 1.0]
[2.0, 0.0, 0.0, 1.0]
[2.0, 0.0, 0.0, 1.0]
[2.0, 0.0, 0.0, 1.0]
[2.0, 0.0, 0.0, 1.0]
[2.0, 0.0, 0.3676064123477091, 0.6323935876522909]
[2.0, 0.0, 0.0, 1.0]
[2.0, 0.0, 0.0, 1.0]
[2.0, 0.0, 0.0, 1.0]
[2.0, 0.0, 0.0, 1.0]
[2.0, 0.0, 0.0, 1.0]
[2.0, 0.0, 0.0, 1.0]
[2.0, 0.0, 0.05016357684200678, 0.9498364231579932]
[2.0, 0.0, 0.0, 1.0]
[2.0, 0.0, 0.0, 1.0]
[2.0, 0.0, 0.0, 1.0]
[2.0, 0.0, 0.0, 1.0]
[2.0, 0.0, 0.0, 1.0]
[2.0, 0.0, 0.45, 0.55]
[2.0, 0.0, 0.0, 1.0]
[2.0, 0.0, 0.05281285873963869, 0.9471871412603613]
[2.0, 0.0, 0.0, 1.0]
[2.0, 0.0, 0.0, 1.0]
[2.0, 0.0, 0.0, 1.0]
[2.0, 0.0, 0.0, 1.0]
[2.0, 0.0, 0.14562082282387143, 0.8543791771761285]
[2.0, 0.0, 0.05281285873963869, 0.9471871412603613]
[2.0, 0.0, 0.0, 1.0]
[2.0, 0.0, 0.1111111111111111, 0.8888888888888888]
[2.0, 0.0, 0.0, 1.0]
[2.0, 0.0, 0.0, 1.0]
[2.0, 0.0, 0.0, 1.0]
[2.0, 0.0, 0.47368421052631576, 0.5263157894736842]
[2.0, 0.0, 0.15789473684210525, 0.8421052631578947]
[2.0, 0.0, 0.0, 1.0]
[2.0, 0.0, 0.0, 1.0]
[2.0, 0.0, 0.0, 1.0]
[2.0, 0.0, 0.2550831788366951, 0.7449168211633048]
[2.0, 0.0, 0.0, 1.0]
[2.0, 0.0, 0.0, 1.0]
[2.0, 0.0, 0.0, 1.0]
[2.0, 0.0, 0.0, 1.0]
[2.0, 0.0, 0.0, 1.0]
[2.0, 0.0, 0.0, 1.0]
[2.0, 0.0, 0.0, 1.0]
[2.0, 0.0, 0.0, 1.0]
[2.0, 0.0, 0.0, 1.0]
[2.0, 0.0, 0.0, 1.0]
[2.0, 0.0, 0.0, 1.0]
