[1.0, 0.0, 0.9953434223858377, 0.0046565776141622665]
[0.0, 0.9504752375373303, 0.0, 0.049524762462669646]
[0.0, 0.9504752375373303, 0.0, 0.049524762462669646]
[0.0, 0.4869427404686417, 0.12173568511716043, 0.39132157441419785]
java.lang.ArrayIndexOutOfBoundsException
java.lang.ArrayIndexOutOfBoundsException
java.lang.ArrayIndexOutOfBoundsException
java.lang.ArrayIndexOutOfBoundsException
[2.0, 0.047767393526307475, 0.0, 0.9522326064736926]
[2.0, 0.047767393526307475, 0.0, 0.9522326064736926]
[2.0, 0.047767393526307475, 0.0, 0.9522326064736926]
[2.0, 0.047767393526307475, 0.0, 0.9522326064736926]
[2.0, 0.047767393526307475, 0.0, 0.9522326064736926]
[2.0, 0.047767393526307475, 0.0, 0.9522326064736926]
[2.0, 0.047767393526307475, 0.0, 0.9522326064736926]
[2.0, 0.047767393526307475, 0.0, 0.9522326064736926]
[2.0, 0.047767393526307475, 0.0, 0.9522326064736926]
[2.0, 0.047767393526307475, 0.0, 0.9522326064736926]
[2.0, 0.047767393526307475, 0.0, 0.9522326064736926]
[2.0, 0.047767393526307475, 0.0, 0.9522326064736926]
[2.0, 0.047767393526307475, 0.0, 0.9522326064736926]
[2.0, 0.047767393526307475, 0.0, 0.9522326064736926]
[2.0, 0.047767393526307475, 0.0, 0.9522326064736926]
[2.0, 0.047767393526307475, 0.0, 0.9522326064736926]
[2.0, 0.047767393526307475, 0.0, 0.9522326064736926]
[2.0, 0.047767393526307475, 0.0, 0.9522326064736926]
[2.0, 0.047767393526307475, 0.0, 0.9522326064736926]
[2.0, 0.047767393526307475, 0.0, 0.9522326064736926]
java.lang.ArrayIndexOutOfBoundsException
