[96.05285549163818, 0.0]
[0.5450000071525574, 0.0]
[1.023571435213089, 0.0]
[0.7333333396911621, 0.0]
[8.086904776096343, 0.0]
[0.02333333492279053, 0.0]
[7.336904776096344, 0.0]
[15.075190466046333, 0.0]
[4.31, 0.0]
[0.13166666746139527, 0.0]
[2.3509523677825928, 0.0]
[-0.3, 0.0]
[4.48423810839653, 0.0]
[0.09666666746139527, 0.0]
[96.05285549163818, 0.0]
[15.075190466046333, 0.0]
[8.346904776096345, 0.0]
[9.904285717010499, 0.0]
[15.075190466046333, 0.0]
[0.09666666746139527, 0.0]
[9.284285717010498, 0.0]
[94.9599983215332, 0.0]
[2.550952367782593, 0.0]
[-0.6802856934070587, 0.0]
[1.1650000071525575, 0.0]
[0.7769047701358796, 0.0]
[0.09666666746139527, 0.0]
[0.15, 0.0]
[0.05, 0.0]
[-0.6802856934070587, 0.0]
[2.410952367782593, 0.0]
[4.48423810839653, 0.0]
[1.023571435213089, 0.0]
[3.423571435213089, 0.0]
[9.650952396392823, 0.0]
[-0.6802856934070587, 0.0]
[4.31, 0.0]
[1.5733333337306976, 0.0]
[0.4133333396911621, 0.0]
[4.48423810839653, 0.0]
