[19.042449951171875, 0.0]
[8.101292610168457, 0.0]
[9.236488342285156, 0.0]
[6.179265022277832, 0.0]
[6.379215717315674, 0.0]
[12.385951042175293, 0.0]
[7.807851791381836, 0.0]
[12.562067985534668, 0.0]
[18.32267189025879, 0.0]
[3.8153843879699707, 0.0]
[11.847749710083008, 0.0]
[12.385951042175293, 0.0]
[10.958564758300781, 0.0]
[10.244246482849121, 0.0]
[19.042449951171875, 0.0]
[12.562067985534668, 0.0]
[7.093533515930176, 0.0]
[8.990477561950684, 0.0]
[12.562067985534668, 0.0]
[10.244246482849121, 0.0]
[9.704795837402344, 0.0]
[19.042449951171875, 0.0]
[10.419114112854004, 0.0]
[10.66512393951416, 0.0]
[7.386974334716797, 0.0]
[9.9508056640625, 0.0]
[8.815610885620117, 0.0]
[10.46517276763916, 0.0]
[9.036537170410156, 0.0]
[10.66512393951416, 0.0]
[11.133432388305664, 0.0]
[10.958564758300781, 0.0]
[9.236488342285156, 0.0]
[8.522170066833496, 0.0]
[7.56184196472168, 0.0]
[10.66512393951416, 0.0]
[18.32267189025879, 0.0]
[12.385951042175293, 0.0]
[8.322218894958496, 0.0]
[10.958564758300781, 0.0]
