[1.0, 0.5506942272186279, 0.44930577278137207]
[1.0, 0.5506365299224854, 0.44936349987983704]
[1.0, 0.5506604909896851, 0.44933950901031494]
[1.0, 0.5507072806358337, 0.44929271936416626]
[1.0, 0.550611674785614, 0.449388325214386]
[1.0, 0.5506971478462219, 0.4493028521537781]
[1.0, 0.5505944490432739, 0.44940558075904846]
[1.0, 0.5508559942245483, 0.4491439759731293]
[1.0, 0.5506688952445984, 0.4493311047554016]
[1.0, 0.5507681369781494, 0.4492318630218506]
[1.0, 0.5507793426513672, 0.4492206573486328]
[1.0, 0.5508296489715576, 0.44917032122612]
[1.0, 0.5506914854049683, 0.44930851459503174]
[1.0, 0.5508668422698975, 0.4491331875324249]
[1.0, 0.5506755113601685, 0.44932445883750916]
[1.0, 0.5508085489273071, 0.44919148087501526]
[1.0, 0.550702691078186, 0.44929733872413635]
[1.0, 0.5507602095603943, 0.4492397904396057]
[1.0, 0.5506994724273682, 0.44930052757263184]
[1.0, 0.5504764318466187, 0.44952356815338135]
[1.0, 0.5506869554519653, 0.44931304454803467]
[0.0, 0.5513702630996704, 0.4486297369003296]
[0.0, 0.551665186882019, 0.44833481311798096]
[0.0, 0.5516258478164673, 0.4483741223812103]
[1.0, 0.5510454177856445, 0.4489545524120331]
[1.0, 0.5502715706825256, 0.44972842931747437]
[1.0, 0.5498650074005127, 0.4501349627971649]
[1.0, 0.5495697259902954, 0.4504302740097046]
[1.0, 0.5493477582931519, 0.45065221190452576]
[1.0, 0.5491496324539185, 0.45085033774375916]
[1.0, 0.5491968989372253, 0.45080310106277466]
[1.0, 0.5491148233413696, 0.45088517665863037]
[1.0, 0.5493031740188599, 0.4506968557834625]
[1.0, 0.5497037172317505, 0.4502963125705719]
[1.0, 0.5497211813926697, 0.4502788186073303]
[1.0, 0.5498166680335999, 0.45018333196640015]
[1.0, 0.5498342514038086, 0.4501657485961914]
[1.0, 0.5498900413513184, 0.45010992884635925]
[1.0, 0.5498642921447754, 0.4501356780529022]
[1.0, 0.5499655604362488, 0.4500344395637512]
[1.0, 0.550166666507721, 0.44983333349227905]
[1.0, 0.5503683090209961, 0.4496317207813263]
[1.0, 0.550326943397522, 0.4496730864048004]
[1.0, 0.5501360893249512, 0.44986388087272644]
[1.0, 0.5501697063446045, 0.4498302936553955]
[1.0, 0.5501614809036255, 0.4498385488986969]
[1.0, 0.5501604080200195, 0.4498395621776581]
[1.0, 0.5503227710723877, 0.4496772289276123]
[1.0, 0.5503271222114563, 0.4496728777885437]
[1.0, 0.5505517721176147, 0.44944822788238525]
[1.0, 0.5505238175392151, 0.4494761824607849]
[1.0, 0.5505589842796326, 0.44944101572036743]
[1.0, 0.5504484176635742, 0.44955161213874817]
[1.0, 0.5505145788192749, 0.4494854211807251]
[1.0, 0.5504683256149292, 0.4495316743850708]
[1.0, 0.5505014657974243, 0.4494985342025757]
[1.0, 0.5503922700881958, 0.4496077001094818]
[1.0, 0.5503976345062256, 0.4496023952960968]
[1.0, 0.5503759980201721, 0.4496240019798279]
[1.0, 0.5503848195075989, 0.4496151804924011]
[1.0, 0.5503661632537842, 0.4496338367462158]
[1.0, 0.550405740737915, 0.4495942294597626]
[1.0, 0.5504505634307861, 0.4495494067668915]
[1.0, 0.550487756729126, 0.449512243270874]
[1.0, 0.5506023168563843, 0.4493976831436157]
[1.0, 0.5505700707435608, 0.4494299292564392]
[1.0, 0.5506069660186768, 0.44939306378364563]
[1.0, 0.5506681203842163, 0.4493319094181061]
[1.0, 0.55071622133255, 0.44928377866744995]
[1.0, 0.5505567789077759, 0.44944319128990173]
[1.0, 0.5505850911140442, 0.4494149088859558]
[1.0, 0.550635814666748, 0.44936415553092957]
[1.0, 0.5506672859191895, 0.44933274388313293]
[1.0, 0.5506134033203125, 0.4493865668773651]
[1.0, 0.5505200624465942, 0.44947993755340576]
[1.0, 0.5508573651313782, 0.4491426348686218]
[1.0, 0.5508183240890503, 0.4491816759109497]
[1.0, 0.5507848262786865, 0.44921520352363586]
[1.0, 0.5509012937545776, 0.4490986764431]
[1.0, 0.5508589744567871, 0.4491409957408905]
[1.0, 0.5509476661682129, 0.4490523040294647]
[1.0, 0.550951361656189, 0.4490486681461334]
[1.0, 0.5508924722671509, 0.4491075277328491]
[1.0, 0.5508842468261719, 0.44911572337150574]
[1.0, 0.5507402420043945, 0.44925975799560547]
[1.0, 0.5509733557701111, 0.4490266442298889]
[1.0, 0.550951361656189, 0.4490486681461334]
[1.0, 0.5509775280952454, 0.44902247190475464]
[1.0, 0.5510076880455017, 0.4489923119544983]
[1.0, 0.5511020421981812, 0.44889795780181885]
[1.0, 0.5510091185569763, 0.4489908814430237]
[1.0, 0.5510420799255371, 0.4489579200744629]
[1.0, 0.5510290861129761, 0.44897088408470154]
[1.0, 0.5510104894638062, 0.44898954033851624]
[1.0, 0.5510568618774414, 0.4489431083202362]
[1.0, 0.5509934425354004, 0.449006587266922]
[1.0, 0.5511361360549927, 0.44886383414268494]
[1.0, 0.5511304140090942, 0.44886961579322815]
[1.0, 0.5508966445922852, 0.44910338521003723]
[1.0, 0.5508899688720703, 0.4491100609302521]
[1.0, 0.5509655475616455, 0.4490344226360321]
[1.0, 0.5509956479072571, 0.4490043520927429]
[1.0, 0.5510060787200928, 0.4489939510822296]
[1.0, 0.5509641170501709, 0.4490358829498291]
[1.0, 0.5509589314460754, 0.44904106855392456]
[1.0, 0.5509068965911865, 0.44909313321113586]
[1.0, 0.5509514808654785, 0.4490485191345215]
[1.0, 0.5509956479072571, 0.4490043520927429]
[1.0, 0.5509538650512695, 0.4490461051464081]
[1.0, 0.5510488748550415, 0.4489510953426361]
[1.0, 0.5508882403373718, 0.4491117596626282]
[1.0, 0.5508943200111389, 0.4491056799888611]
[1.0, 0.5508275032043457, 0.4491725265979767]
[1.0, 0.5508520603179932, 0.44914790987968445]
[1.0, 0.550845205783844, 0.449154794216156]
[1.0, 0.550750732421875, 0.449249267578125]
[0.0, 0.5513359904289246, 0.44866400957107544]
[0.0, 0.5513805150985718, 0.44861945509910583]
[1.0, 0.5510615110397339, 0.4489384889602661]
[0.0, 0.5513303279876709, 0.4486696720123291]
[0.0, 0.5511552691459656, 0.4488447308540344]
[0.0, 0.5513092279434204, 0.4486907422542572]
[0.0, 0.5512396097183228, 0.44876039028167725]
[1.0, 0.5511252880096436, 0.44887474179267883]
[0.0, 0.5512709021568298, 0.44872909784317017]
[1.0, 0.5510568022727966, 0.44894319772720337]
[0.0, 0.5512222051620483, 0.4487777650356293]
[1.0, 0.5511009097099304, 0.4488990902900696]
[0.0, 0.5511860847473145, 0.44881388545036316]
[0.0, 0.5511940717697144, 0.44880595803260803]
[1.0, 0.5510598421096802, 0.44894012808799744]
[1.0, 0.5510381460189819, 0.44896185398101807]
[1.0, 0.5509626269340515, 0.4490373730659485]
[1.0, 0.5509185791015625, 0.4490814507007599]
[1.0, 0.5508846044540405, 0.4491153955459595]
[1.0, 0.5508933067321777, 0.4491066634654999]
[1.0, 0.5508357286453247, 0.4491642713546753]
[1.0, 0.5510928630828857, 0.44890716671943665]
[1.0, 0.5510654449462891, 0.44893455505371094]
[1.0, 0.551132321357727, 0.44886767864227295]
[1.0, 0.5510998964309692, 0.4489000737667084]
[0.0, 0.5511652827262878, 0.44883471727371216]
[0.0, 0.5511655807495117, 0.4488343894481659]
[0.0, 0.5511738061904907, 0.4488261938095093]
[0.0, 0.5512019395828247, 0.4487980306148529]
[0.0, 0.5512130260467529, 0.4487869441509247]
[1.0, 0.5510502457618713, 0.44894975423812866]
[1.0, 0.5510343909263611, 0.4489656090736389]
[1.0, 0.5510508418083191, 0.4489491581916809]
[1.0, 0.5510945320129395, 0.44890543818473816]
[1.0, 0.5508638620376587, 0.4491361677646637]
[1.0, 0.550877571105957, 0.44912242889404297]
[1.0, 0.5508342981338501, 0.4491657018661499]
[1.0, 0.5507846474647522, 0.4492153525352478]
[1.0, 0.5509148836135864, 0.4490851163864136]
[1.0, 0.5507915019989014, 0.449208527803421]
[1.0, 0.5508719086647034, 0.44912809133529663]
[1.0, 0.5508161783218384, 0.44918379187583923]
[1.0, 0.5509127378463745, 0.4490872323513031]
[1.0, 0.550835132598877, 0.44916489720344543]
[1.0, 0.5508129596710205, 0.4491870701313019]
[1.0, 0.5507642030715942, 0.4492357671260834]
[1.0, 0.5508589148521423, 0.44914108514785767]
[1.0, 0.5507445335388184, 0.44925543665885925]
[1.0, 0.5507959127426147, 0.44920408725738525]
[1.0, 0.5507687330245972, 0.44923123717308044]
[1.0, 0.5508688688278198, 0.4491311311721802]
[1.0, 0.5508500337600708, 0.4491499364376068]
[1.0, 0.550925612449646, 0.4490744173526764]
[1.0, 0.5510254502296448, 0.4489745497703552]
[1.0, 0.5511209964752197, 0.4488790035247803]
[1.0, 0.5511308312416077, 0.44886916875839233]
[1.0, 0.551142692565918, 0.44885730743408203]
[0.0, 0.5512052178382874, 0.44879478216171265]
[1.0, 0.5511156320571899, 0.44888439774513245]
[1.0, 0.5509490966796875, 0.4490509331226349]
[1.0, 0.5508922338485718, 0.4491077959537506]
[1.0, 0.5509282350540161, 0.4490717947483063]
[1.0, 0.5510047078132629, 0.44899529218673706]
[1.0, 0.550929605960846, 0.44907039403915405]
[1.0, 0.5509412288665771, 0.44905877113342285]
[1.0, 0.5509222745895386, 0.44907769560813904]
[1.0, 0.550811767578125, 0.449188232421875]
[1.0, 0.5508239269256592, 0.44917604327201843]
[1.0, 0.5508875250816345, 0.4491124749183655]
[0.0, 0.5514886379241943, 0.4485113322734833]
[0.0, 0.5517184734344482, 0.44828152656555176]
[0.0, 0.5513399243354797, 0.44866007566452026]
[1.0, 0.550931453704834, 0.4490685760974884]
[1.0, 0.550532877445221, 0.44946712255477905]
[1.0, 0.5499570369720459, 0.4500429928302765]
[1.0, 0.5500348806381226, 0.44996511936187744]
[1.0, 0.5498937368392944, 0.4501062333583832]
[1.0, 0.5499666929244995, 0.4500333070755005]
[1.0, 0.550129234790802, 0.449870765209198]
[1.0, 0.550126314163208, 0.4498736560344696]
[1.0, 0.5500381588935852, 0.4499618411064148]
[1.0, 0.5501079559326172, 0.4498920440673828]
[1.0, 0.5501226186752319, 0.44987738132476807]
[1.0, 0.5500909090042114, 0.44990912079811096]
[1.0, 0.5500380992889404, 0.44996190071105957]
[1.0, 0.5501970648765564, 0.4498029351234436]
[1.0, 0.5505319237709045, 0.44946807622909546]
[1.0, 0.5507041215896606, 0.44929584860801697]
[1.0, 0.5507017374038696, 0.44929826259613037]
[1.0, 0.5507155656814575, 0.4492844045162201]
[1.0, 0.5508019924163818, 0.44919803738594055]
[1.0, 0.5507432222366333, 0.4492567479610443]
[1.0, 0.5508139133453369, 0.4491860568523407]
[1.0, 0.5507716536521912, 0.44922834634780884]
[1.0, 0.550733745098114, 0.449266254901886]
[1.0, 0.5508219003677368, 0.44917812943458557]
[1.0, 0.5508010387420654, 0.44919899106025696]
[1.0, 0.5508116483688354, 0.44918835163116455]
[1.0, 0.5508649349212646, 0.44913503527641296]
[1.0, 0.5508286952972412, 0.4491712749004364]
[1.0, 0.5509490370750427, 0.4490509629249573]
[1.0, 0.5508123636245728, 0.44918763637542725]
[1.0, 0.5507768392562866, 0.4492231607437134]
[1.0, 0.5508159399032593, 0.4491840898990631]
[1.0, 0.55085289478302, 0.44914713501930237]
[1.0, 0.5508667230606079, 0.4491332769393921]
[1.0, 0.5508816242218018, 0.44911837577819824]
[1.0, 0.5507672429084778, 0.4492327570915222]
[0.0, 0.5512028932571411, 0.4487970769405365]
[0.0, 0.5513640642166138, 0.4486359655857086]
[0.0, 0.5519403219223022, 0.44805970788002014]
[0.0, 0.5516300201416016, 0.44836995005607605]
[0.0, 0.5514433979988098, 0.4485566020011902]
[0.0, 0.5514009594917297, 0.44859904050827026]
[0.0, 0.5512763261795044, 0.448723703622818]
[1.0, 0.5510419607162476, 0.44895800948143005]
[1.0, 0.5509740114212036, 0.449025958776474]
[1.0, 0.5507500171661377, 0.4492499828338623]
[1.0, 0.5506262183189392, 0.4493737816810608]
[1.0, 0.5504834651947021, 0.44951653480529785]
[1.0, 0.5506227016448975, 0.44937726855278015]
[1.0, 0.5506138801574707, 0.4493861198425293]
[1.0, 0.550667405128479, 0.449332594871521]
[1.0, 0.5507232546806335, 0.44927674531936646]
[1.0, 0.5507234334945679, 0.44927656650543213]
[1.0, 0.5507411360740662, 0.44925886392593384]
[1.0, 0.550635576248169, 0.44936445355415344]
[1.0, 0.5507669448852539, 0.4492330551147461]
[1.0, 0.5507547855377197, 0.4492451846599579]
[0.0, 0.551228404045105, 0.4487716257572174]
[1.0, 0.5509997606277466, 0.44900020956993103]
[1.0, 0.5509181022644043, 0.4490819275379181]
[1.0, 0.5509909391403198, 0.4490090608596802]
[1.0, 0.5509594678878784, 0.4490405023097992]
[1.0, 0.5509127378463745, 0.4490872323513031]
[1.0, 0.5510227680206299, 0.4489772319793701]
[1.0, 0.5509955286979675, 0.44900447130203247]
[1.0, 0.5510412454605103, 0.44895878434181213]
[1.0, 0.5509674549102783, 0.4490325152873993]
[1.0, 0.5509494543075562, 0.44905057549476624]
[1.0, 0.5509197115898132, 0.44908028841018677]
[1.0, 0.5509934425354004, 0.4490065574645996]
[1.0, 0.5510531663894653, 0.44894686341285706]
[1.0, 0.5510741472244263, 0.44892582297325134]
[1.0, 0.5511432886123657, 0.44885674118995667]
[1.0, 0.5511206984519958, 0.44887930154800415]
[1.0, 0.5509943962097168, 0.4490056037902832]
[1.0, 0.55100417137146, 0.44899579882621765]
[1.0, 0.5510676503181458, 0.44893234968185425]
[1.0, 0.5510409474372864, 0.4489590525627136]
[1.0, 0.5508196353912354, 0.44918039441108704]
[1.0, 0.5510220527648926, 0.44897791743278503]
[1.0, 0.5508713126182556, 0.4491286873817444]
[1.0, 0.550926923751831, 0.44907307624816895]
[1.0, 0.5508837699890137, 0.4491162598133087]
[1.0, 0.550797700881958, 0.4492023289203644]
[1.0, 0.5508970022201538, 0.4491029977798462]
[1.0, 0.5508782863616943, 0.44912171363830566]
[1.0, 0.5507056713104248, 0.4492943584918976]
[1.0, 0.5506949424743652, 0.44930505752563477]
[1.0, 0.5506779551506042, 0.44932204484939575]
[1.0, 0.5507261753082275, 0.44927385449409485]
[1.0, 0.5506188869476318, 0.44938111305236816]
[1.0, 0.550654947757721, 0.44934505224227905]
[1.0, 0.5505721569061279, 0.4494278132915497]
[1.0, 0.5505928993225098, 0.44940710067749023]
[1.0, 0.550754725933075, 0.44924527406692505]
[1.0, 0.5506753921508789, 0.4493246078491211]
[1.0, 0.5506918430328369, 0.4493081867694855]
[1.0, 0.5507317781448364, 0.4492681920528412]
[1.0, 0.5507531762123108, 0.4492468237876892]
[1.0, 0.5508609414100647, 0.4491390585899353]
[1.0, 0.5507113933563232, 0.44928860664367676]
[1.0, 0.5506957173347473, 0.4493042826652527]
[1.0, 0.550665020942688, 0.449334979057312]
[1.0, 0.5507514476776123, 0.4492485523223877]
[1.0, 0.5506793260574341, 0.44932064414024353]
[1.0, 0.5507791042327881, 0.4492209255695343]
[1.0, 0.551069438457489, 0.448930561542511]
[1.0, 0.5511201024055481, 0.4488798975944519]
[1.0, 0.5509559512138367, 0.44904404878616333]
[1.0, 0.5508971214294434, 0.44910290837287903]
[1.0, 0.5509263873100281, 0.4490736126899719]
[1.0, 0.5509445071220398, 0.4490554928779602]
[1.0, 0.5509365200996399, 0.4490634799003601]
[1.0, 0.5509947538375854, 0.44900521636009216]
[1.0, 0.5509039759635925, 0.44909602403640747]
[1.0, 0.5508849620819092, 0.44911500811576843]
[0.0, 0.5512708425521851, 0.44872912764549255]
[0.0, 0.55145663022995, 0.44854336977005005]
[0.0, 0.5514893531799316, 0.44851067662239075]
[0.0, 0.5511640310287476, 0.44883596897125244]
[1.0, 0.5507205128669739, 0.4492794871330261]
[1.0, 0.5505198240280151, 0.44948017597198486]
[1.0, 0.5504022240638733, 0.4495977759361267]
[1.0, 0.5500937700271606, 0.44990622997283936]
[1.0, 0.5500730276107788, 0.4499270021915436]
[1.0, 0.5499624013900757, 0.4500376284122467]
[1.0, 0.5501431822776794, 0.44985681772232056]
[1.0, 0.5502588748931885, 0.4497411549091339]
[1.0, 0.5504988431930542, 0.4495011270046234]
[1.0, 0.5505074858665466, 0.44949251413345337]
[1.0, 0.5505713224411011, 0.44942864775657654]
[1.0, 0.5506551861763, 0.44934481382369995]
[1.0, 0.5506519079208374, 0.4493480920791626]
[1.0, 0.5505161285400391, 0.44948387145996094]
[1.0, 0.5505210757255554, 0.4494789242744446]
[1.0, 0.5505270957946777, 0.44947290420532227]
[1.0, 0.5505167245864868, 0.44948330521583557]
[1.0, 0.5506359338760376, 0.4493640661239624]
[1.0, 0.5505585670471191, 0.44944140315055847]
[1.0, 0.5505769848823547, 0.44942301511764526]
[1.0, 0.5503498315811157, 0.4496501386165619]
[1.0, 0.5504097938537598, 0.44959020614624023]
[1.0, 0.5503664016723633, 0.4496335983276367]
[1.0, 0.5504845380783081, 0.4495154917240143]
[1.0, 0.5504347085952759, 0.4495652914047241]
[1.0, 0.5504151582717896, 0.44958487153053284]
[1.0, 0.550473690032959, 0.44952628016471863]
[1.0, 0.5504242181777954, 0.4495757520198822]
[1.0, 0.5505573749542236, 0.44944265484809875]
[1.0, 0.5505274534225464, 0.449472576379776]
[1.0, 0.5506218671798706, 0.4493781328201294]
[1.0, 0.5505388975143433, 0.44946110248565674]
[1.0, 0.5505028963088989, 0.4494970738887787]
[1.0, 0.5507472157478333, 0.44925278425216675]
[1.0, 0.5509341359138489, 0.4490658640861511]
[1.0, 0.5510098934173584, 0.4489900767803192]
[1.0, 0.5508134365081787, 0.4491865932941437]
[1.0, 0.550861656665802, 0.449138343334198]
[1.0, 0.5509676933288574, 0.4490323066711426]
[1.0, 0.5507755875587463, 0.44922441244125366]
[1.0, 0.5508716106414795, 0.4491284191608429]
[1.0, 0.5506595373153687, 0.44934049248695374]
[1.0, 0.5506061911582947, 0.4493938088417053]
[0.0, 0.5512306690216064, 0.44876936078071594]
[1.0, 0.5510913133621216, 0.44890865683555603]
[1.0, 0.5510019659996033, 0.44899803400039673]
[1.0, 0.5509884357452393, 0.44901159405708313]
[1.0, 0.5508771538734436, 0.4491228461265564]
[1.0, 0.5509630441665649, 0.44903692603111267]
[1.0, 0.5509529113769531, 0.4490470886230469]
[1.0, 0.5510131120681763, 0.44898685812950134]
[1.0, 0.5508493185043335, 0.4491507112979889]
[1.0, 0.5509698390960693, 0.44903019070625305]
[1.0, 0.5509709119796753, 0.4490290582180023]
[1.0, 0.5509356260299683, 0.44906434416770935]
[1.0, 0.551007866859436, 0.44899213314056396]
[1.0, 0.5508840680122375, 0.44911593198776245]
[1.0, 0.5509679317474365, 0.4490320384502411]
[1.0, 0.5511214733123779, 0.44887852668762207]
[0.0, 0.5514497756958008, 0.44855019450187683]
[0.0, 0.5512701869010925, 0.44872981309890747]
[1.0, 0.5510729551315308, 0.44892701506614685]
[0.0, 0.5513611435890198, 0.4486388564109802]
[0.0, 0.5513763427734375, 0.4486236870288849]
[1.0, 0.5510168671607971, 0.4489831328392029]
[1.0, 0.5508813261985779, 0.4491186738014221]
[1.0, 0.5508197546005249, 0.4491802453994751]
[1.0, 0.5506806969642639, 0.4493193030357361]
[1.0, 0.5507261753082275, 0.44927385449409485]
[1.0, 0.5508347749710083, 0.4491652250289917]
[1.0, 0.5506866574287415, 0.44931334257125854]
[1.0, 0.550835132598877, 0.44916483759880066]
[1.0, 0.5507372617721558, 0.44926273822784424]
[1.0, 0.5508401393890381, 0.4491598308086395]
[1.0, 0.5508115291595459, 0.4491885006427765]
[1.0, 0.550850510597229, 0.4491494596004486]
[1.0, 0.5508413314819336, 0.4491586983203888]
[1.0, 0.5507947206497192, 0.4492052495479584]
[1.0, 0.5508204698562622, 0.4491795599460602]
[1.0, 0.5508219003677368, 0.4491780698299408]
[1.0, 0.5506912469863892, 0.44930872321128845]
[1.0, 0.5508432388305664, 0.4491567611694336]
[1.0, 0.5507037043571472, 0.4492962956428528]
[1.0, 0.55084228515625, 0.44915771484375]
[1.0, 0.5508515238761902, 0.4491484761238098]
[1.0, 0.5507563352584839, 0.4492436349391937]
[1.0, 0.5507156848907471, 0.4492843449115753]
[1.0, 0.5507692098617554, 0.44923079013824463]
[1.0, 0.5506641864776611, 0.44933584332466125]
[1.0, 0.5507287979125977, 0.44927117228507996]
[1.0, 0.5506286025047302, 0.4493713974952698]
[1.0, 0.5506287813186646, 0.44937118887901306]
[1.0, 0.5505833029747009, 0.4494166970252991]
[1.0, 0.5505417585372925, 0.4494582712650299]
[1.0, 0.550574004650116, 0.44942599534988403]
[1.0, 0.5506094694137573, 0.44939056038856506]
[1.0, 0.5505874156951904, 0.44941261410713196]
[1.0, 0.5505297183990479, 0.44947031140327454]
[1.0, 0.5506131649017334, 0.4493868052959442]
[1.0, 0.5506172180175781, 0.44938281178474426]
[0.0, 0.551184892654419, 0.44881513714790344]
[0.0, 0.5515744686126709, 0.4484255611896515]
[0.0, 0.5512211322784424, 0.44877883791923523]
[1.0, 0.5510172843933105, 0.44898271560668945]
[1.0, 0.5509147047996521, 0.4490852952003479]
[1.0, 0.5507669448852539, 0.4492330253124237]
[1.0, 0.5506962537765503, 0.4493037164211273]
[1.0, 0.5506405830383301, 0.4493594467639923]
[1.0, 0.5507144927978516, 0.44928550720214844]
[1.0, 0.5507954359054565, 0.44920456409454346]
[1.0, 0.5504690408706665, 0.4495309889316559]
[1.0, 0.5504366159439087, 0.4495634138584137]
[1.0, 0.5505809783935547, 0.4494190216064453]
[1.0, 0.5505099892616272, 0.4494900107383728]
[1.0, 0.5505469441413879, 0.44945305585861206]
[1.0, 0.5505353212356567, 0.4494646489620209]
[1.0, 0.5506130456924438, 0.44938692450523376]
[1.0, 0.5505064725875854, 0.44949352741241455]
[1.0, 0.5506728887557983, 0.44932714104652405]
[1.0, 0.5506644248962402, 0.44933560490608215]
[1.0, 0.550666093826294, 0.44933393597602844]
[1.0, 0.5506301522254944, 0.4493698477745056]
[1.0, 0.550702691078186, 0.44929730892181396]
[1.0, 0.5507545471191406, 0.44924548268318176]
[1.0, 0.5506985187530518, 0.44930148124694824]
[1.0, 0.5507351756095886, 0.4492648243904114]
[1.0, 0.5507739782333374, 0.4492260217666626]
[1.0, 0.5507235527038574, 0.44927647709846497]
[1.0, 0.5507534742355347, 0.44924652576446533]
[1.0, 0.5507543087005615, 0.44924572110176086]
[1.0, 0.5508149862289429, 0.4491850435733795]
[1.0, 0.5508096218109131, 0.4491903483867645]
[1.0, 0.5507422089576721, 0.4492577910423279]
[1.0, 0.5508303642272949, 0.44916966557502747]
[1.0, 0.5509631633758545, 0.4490368366241455]
[1.0, 0.5510350465774536, 0.4489649832248688]
[1.0, 0.550868034362793, 0.4491319954395294]
[1.0, 0.5508899688720703, 0.4491100013256073]
[1.0, 0.5508618354797363, 0.4491381347179413]
[1.0, 0.550917387008667, 0.4490826427936554]
[1.0, 0.5509475469589233, 0.44905245304107666]
[1.0, 0.5510006546974182, 0.4489993453025818]
[1.0, 0.5508694052696228, 0.4491305947303772]
[1.0, 0.5510329604148865, 0.4489670395851135]
[1.0, 0.5510111451148987, 0.4489888548851013]
[1.0, 0.5510905981063843, 0.4489094316959381]
[1.0, 0.550948441028595, 0.44905155897140503]
[1.0, 0.5509191155433655, 0.4490808844566345]
[1.0, 0.551003098487854, 0.448996901512146]
[1.0, 0.5509570240974426, 0.4490429759025574]
[1.0, 0.5509034395217896, 0.44909656047821045]
[1.0, 0.5509902238845825, 0.44900980591773987]
[1.0, 0.5508818626403809, 0.44911810755729675]
[1.0, 0.5509146451950073, 0.44908538460731506]
[1.0, 0.5509234666824341, 0.4490765333175659]
[1.0, 0.5509218573570251, 0.44907814264297485]
[1.0, 0.5508702993392944, 0.44912973046302795]
[1.0, 0.5509116649627686, 0.44908836483955383]
[1.0, 0.5508773922920227, 0.4491226077079773]
[1.0, 0.5508624911308289, 0.44913750886917114]
[1.0, 0.5509103536605835, 0.4490896761417389]
[1.0, 0.5509348511695862, 0.4490651488304138]
[1.0, 0.5509864091873169, 0.4490136206150055]
[0.0, 0.5511530637741089, 0.4488469362258911]
[0.0, 0.5515857934951782, 0.4484141767024994]
[0.0, 0.551587700843811, 0.4484122693538666]
[0.0, 0.5512770414352417, 0.4487229883670807]
[0.0, 0.5514316558837891, 0.4485683739185333]
[0.0, 0.5511850714683533, 0.44881492853164673]
[1.0, 0.551062822341919, 0.44893714785575867]
[1.0, 0.5509788393974304, 0.4490211606025696]
[1.0, 0.5505911111831665, 0.4494088590145111]
[1.0, 0.5505771636962891, 0.44942280650138855]
[1.0, 0.5504564046859741, 0.4495435655117035]
[1.0, 0.5504570007324219, 0.4495430290699005]
[1.0, 0.5506317019462585, 0.44936829805374146]
[1.0, 0.5506235957145691, 0.4493764042854309]
[1.0, 0.5505267977714539, 0.44947320222854614]
[1.0, 0.5504812002182007, 0.44951876997947693]
[1.0, 0.5505156517028809, 0.44948434829711914]
[1.0, 0.5505841970443726, 0.44941577315330505]
[1.0, 0.550533652305603, 0.449466347694397]
[1.0, 0.5504967570304871, 0.44950324296951294]
[1.0, 0.5503718852996826, 0.44962814450263977]
[1.0, 0.5505374670028687, 0.44946253299713135]
[1.0, 0.5505995750427246, 0.4494004547595978]
[1.0, 0.5507478713989258, 0.4492521286010742]
[1.0, 0.5506511330604553, 0.4493488669395447]
[1.0, 0.5506546497344971, 0.4493453800678253]
[1.0, 0.5504617691040039, 0.4495382606983185]
[1.0, 0.5503483414649963, 0.44965165853500366]
[1.0, 0.5504014492034912, 0.4495985507965088]
[1.0, 0.5503312349319458, 0.4496687352657318]
[1.0, 0.5504146814346313, 0.44958534836769104]
[1.0, 0.5504053831100464, 0.449594646692276]
[1.0, 0.5504469871520996, 0.4495530128479004]
[1.0, 0.5503449440002441, 0.44965508580207825]
[1.0, 0.5505963563919067, 0.44940364360809326]
[1.0, 0.5504889488220215, 0.4495110511779785]
[1.0, 0.5506526231765747, 0.4493474066257477]
[1.0, 0.5505682229995728, 0.44943177700042725]
[1.0, 0.5506089925765991, 0.4493909776210785]
[1.0, 0.5505236387252808, 0.44947636127471924]
[1.0, 0.5504899024963379, 0.4495101273059845]
[1.0, 0.5504856109619141, 0.4495144188404083]
[1.0, 0.5504305362701416, 0.449569433927536]
[1.0, 0.5505115389823914, 0.44948846101760864]
[1.0, 0.5505821704864502, 0.4494177997112274]
[1.0, 0.5504482984542847, 0.44955170154571533]
[1.0, 0.5505439639091492, 0.44945603609085083]
[1.0, 0.5506100654602051, 0.4493899345397949]
[1.0, 0.5506346225738525, 0.44936540722846985]
[1.0, 0.5507897138595581, 0.4492102563381195]
[1.0, 0.5506811141967773, 0.44931885600090027]
[1.0, 0.5507642030715942, 0.44923579692840576]
[1.0, 0.5506287813186646, 0.44937118887901306]
[1.0, 0.5507570505142212, 0.4492429792881012]
[1.0, 0.5507789850234985, 0.44922104477882385]
[1.0, 0.550669252872467, 0.44933074712753296]
[1.0, 0.550552248954773, 0.44944775104522705]
[1.0, 0.5506494045257568, 0.44935059547424316]
[1.0, 0.5505850315093994, 0.4494149684906006]
[1.0, 0.5507102608680725, 0.4492897391319275]
[1.0, 0.5507144927978516, 0.44928550720214844]
[1.0, 0.5507907867431641, 0.44920918345451355]
[1.0, 0.5508532524108887, 0.44914674758911133]
[1.0, 0.5506470203399658, 0.4493529498577118]
[1.0, 0.5508270263671875, 0.4491729736328125]
[1.0, 0.5508432388305664, 0.4491567611694336]
[1.0, 0.5508668422698975, 0.44913315773010254]
[1.0, 0.5509147644042969, 0.44908520579338074]
[1.0, 0.5508822798728943, 0.4491177201271057]
[1.0, 0.5508520603179932, 0.44914790987968445]
[1.0, 0.5509591102600098, 0.44904085993766785]
[1.0, 0.5510563850402832, 0.4489435851573944]
[1.0, 0.5510669946670532, 0.4489329755306244]
[1.0, 0.5509119033813477, 0.44908809661865234]
[1.0, 0.5509259700775146, 0.44907405972480774]
[1.0, 0.5509629845619202, 0.44903701543807983]
[1.0, 0.5508970618247986, 0.4491029381752014]
[1.0, 0.5509947538375854, 0.44900521636009216]
[1.0, 0.5510609149932861, 0.44893911480903625]
[1.0, 0.5508531332015991, 0.4491468667984009]
[1.0, 0.5509452819824219, 0.4490547180175781]
[1.0, 0.5509799718856812, 0.44901999831199646]
[1.0, 0.5509976148605347, 0.4490024149417877]
[1.0, 0.5510984659194946, 0.44890156388282776]
[1.0, 0.5510991215705872, 0.44890087842941284]
[1.0, 0.5510985851287842, 0.4489014148712158]
[1.0, 0.5510393977165222, 0.4489606022834778]
[1.0, 0.5510226488113403, 0.4489773213863373]
[1.0, 0.55110764503479, 0.44889238476753235]
[1.0, 0.551033616065979, 0.4489664137363434]
[1.0, 0.5509402751922607, 0.44905972480773926]
[1.0, 0.5509408712387085, 0.4490591287612915]
[1.0, 0.5509113073348999, 0.4490886628627777]
[1.0, 0.5510483980178833, 0.4489515721797943]
[1.0, 0.5510681867599487, 0.4489317834377289]
[1.0, 0.5509403944015503, 0.4490596354007721]
[1.0, 0.5508792996406555, 0.4491207003593445]
[1.0, 0.5509017109870911, 0.44909828901290894]
[1.0, 0.5508719682693481, 0.44912800192832947]
[1.0, 0.5509774684906006, 0.449022501707077]
[1.0, 0.5509659051895142, 0.44903409481048584]
[1.0, 0.5508323311805725, 0.4491676688194275]
[1.0, 0.5508597493171692, 0.4491402506828308]
[1.0, 0.5509543418884277, 0.44904568791389465]
[1.0, 0.5508264899253845, 0.4491735100746155]
[1.0, 0.5507938265800476, 0.4492061734199524]
[1.0, 0.5509033203125, 0.4490966498851776]
[1.0, 0.550926685333252, 0.44907331466674805]
[1.0, 0.5508778095245361, 0.44912222027778625]
[1.0, 0.550879955291748, 0.44912001490592957]
[1.0, 0.5508584976196289, 0.4491415023803711]
[1.0, 0.5508303642272949, 0.44916966557502747]
[1.0, 0.5508902072906494, 0.449109822511673]
[1.0, 0.5508009195327759, 0.4491990804672241]
[1.0, 0.5508533716201782, 0.44914665818214417]
[1.0, 0.5507827997207642, 0.44921717047691345]
[1.0, 0.5508484840393066, 0.44915151596069336]
[1.0, 0.5509400963783264, 0.4490599036216736]
[1.0, 0.5507646203041077, 0.44923537969589233]
[1.0, 0.5507309436798096, 0.44926905632019043]
[1.0, 0.5508648753166199, 0.4491351246833801]
[1.0, 0.550740659236908, 0.44925934076309204]
[1.0, 0.5507513284683228, 0.44924864172935486]
[1.0, 0.5507181882858276, 0.44928181171417236]
[1.0, 0.5506393909454346, 0.44936060905456543]
[1.0, 0.550719678401947, 0.449280321598053]
[1.0, 0.5507715940475464, 0.449228435754776]
[1.0, 0.5504298210144043, 0.4495702087879181]
[1.0, 0.5504930019378662, 0.4495069980621338]
[1.0, 0.5505585670471191, 0.44944140315055847]
[1.0, 0.5506606698036194, 0.4493393301963806]
[1.0, 0.5508538484573364, 0.4491461217403412]
[1.0, 0.5509151816368103, 0.4490848183631897]
[1.0, 0.5507586598396301, 0.4492413401603699]
[1.0, 0.5508314967155457, 0.44916850328445435]
[1.0, 0.5508812665939331, 0.4491187632083893]
[1.0, 0.5508651733398438, 0.44913482666015625]
[1.0, 0.5508023500442505, 0.4491976499557495]
[1.0, 0.5507475137710571, 0.4492524564266205]
[1.0, 0.5506408214569092, 0.44935914874076843]
[1.0, 0.5507372617721558, 0.44926270842552185]
[1.0, 0.5508477687835693, 0.44915223121643066]
[0.0, 0.551262617111206, 0.44873735308647156]
[0.0, 0.5517081022262573, 0.4482918679714203]
[0.0, 0.5518010854721069, 0.44819894433021545]
[0.0, 0.5516210794448853, 0.44837892055511475]
[0.0, 0.5514833927154541, 0.4485166072845459]
[0.0, 0.5513397455215454, 0.4486602544784546]
[1.0, 0.551037609577179, 0.44896239042282104]
[1.0, 0.5509094595909119, 0.44909054040908813]
[1.0, 0.5508513450622559, 0.44914862513542175]
[0.0, 0.5518571734428406, 0.4481428265571594]
[0.0, 0.5516582727432251, 0.4483417272567749]
[0.0, 0.5515844821929932, 0.44841548800468445]
[0.0, 0.551586389541626, 0.44841358065605164]
[0.0, 0.5516022443771362, 0.44839775562286377]
[0.0, 0.5515995025634766, 0.44840046763420105]
[0.0, 0.5515697598457336, 0.44843024015426636]
[0.0, 0.5515621900558472, 0.4484378397464752]
[0.0, 0.5515031814575195, 0.44849681854248047]
[1.0, 0.550560712814331, 0.44943928718566895]
[1.0, 0.5505443811416626, 0.4494556486606598]
[1.0, 0.5504788160324097, 0.4495212137699127]
[1.0, 0.5506702065467834, 0.44932979345321655]
[1.0, 0.5505813360214233, 0.4494186341762543]
[1.0, 0.5505551695823669, 0.44944483041763306]
[1.0, 0.550490140914917, 0.4495098888874054]
[1.0, 0.5504679679870605, 0.44953200221061707]
[1.0, 0.550361156463623, 0.44963884353637695]
[1.0, 0.5504316091537476, 0.44956842064857483]
[1.0, 0.5504494309425354, 0.4495505690574646]
[1.0, 0.5504915714263916, 0.4495084583759308]
[1.0, 0.5505217909812927, 0.4494782090187073]
[1.0, 0.550453782081604, 0.449546217918396]
[1.0, 0.5505163669586182, 0.44948360323905945]
[1.0, 0.5504685640335083, 0.4495314657688141]
[1.0, 0.5505294799804688, 0.44947054982185364]
[1.0, 0.5505735874176025, 0.44942641258239746]
[1.0, 0.5505151748657227, 0.44948485493659973]
[1.0, 0.5506361126899719, 0.4493638873100281]
[1.0, 0.5506514310836792, 0.4493485689163208]
[1.0, 0.5505921244621277, 0.4494078755378723]
[1.0, 0.5505866408348083, 0.44941335916519165]
[1.0, 0.5505887269973755, 0.4494112432003021]
[1.0, 0.5506131649017334, 0.4493868052959442]
[1.0, 0.5506423711776733, 0.44935762882232666]
[1.0, 0.5506203174591064, 0.44937965273857117]
[1.0, 0.5506824254989624, 0.4493175745010376]
[1.0, 0.5507720708847046, 0.4492279589176178]
[1.0, 0.5506854057312012, 0.4493146240711212]
[1.0, 0.5508053302764893, 0.44919466972351074]
[1.0, 0.5507107973098755, 0.4492891728878021]
[1.0, 0.5505943298339844, 0.4494056701660156]
[1.0, 0.5507509708404541, 0.4492490291595459]
[1.0, 0.5508698225021362, 0.44913020730018616]
[1.0, 0.5507969856262207, 0.4492029845714569]
[1.0, 0.5507080554962158, 0.44929197430610657]
[1.0, 0.5507313013076782, 0.4492686688899994]
[1.0, 0.5510740876197815, 0.4489259123802185]
[0.0, 0.5511915683746338, 0.4488084614276886]
[1.0, 0.5511475801467896, 0.44885244965553284]
[1.0, 0.5509617328643799, 0.4490382671356201]
[1.0, 0.5509937405586243, 0.44900625944137573]
[1.0, 0.5509074926376343, 0.44909247756004333]
[1.0, 0.5508877635002136, 0.4491122364997864]
[1.0, 0.5509898066520691, 0.4490101933479309]
[1.0, 0.551114559173584, 0.44888541102409363]
[0.0, 0.5512126088142395, 0.4487873911857605]
[0.0, 0.5511685609817505, 0.4488314688205719]
[0.0, 0.5512113571166992, 0.4487886130809784]
[0.0, 0.5511736273765564, 0.4488263726234436]
[0.0, 0.5511599779129028, 0.44884002208709717]
[1.0, 0.5511376857757568, 0.44886231422424316]
[1.0, 0.5507439970970154, 0.4492560029029846]
[1.0, 0.5507786870002747, 0.44922131299972534]
[1.0, 0.5507219433784485, 0.4492780566215515]
[1.0, 0.5506361126899719, 0.4493638873100281]
[1.0, 0.5506301522254944, 0.4493698477745056]
[1.0, 0.550790548324585, 0.4492094814777374]
[1.0, 0.550653338432312, 0.4493466317653656]
[1.0, 0.5507601499557495, 0.4492398500442505]
[1.0, 0.5506681799888611, 0.4493318200111389]
[1.0, 0.550851583480835, 0.4491484463214874]
[1.0, 0.5508798956871033, 0.44912010431289673]
[1.0, 0.5506476163864136, 0.4493524134159088]
[1.0, 0.5506563186645508, 0.4493437111377716]
[1.0, 0.5505911111831665, 0.4494088888168335]
[1.0, 0.5506868958473206, 0.44931310415267944]
[1.0, 0.550629734992981, 0.44937023520469666]
[1.0, 0.5507107973098755, 0.4492891728878021]
[1.0, 0.550678014755249, 0.449321985244751]
[1.0, 0.5507946610450745, 0.44920533895492554]
[1.0, 0.5508425235748291, 0.4491574764251709]
[1.0, 0.5507825613021851, 0.44921740889549255]
[1.0, 0.5507306456565857, 0.4492693543434143]
[1.0, 0.5509106516838074, 0.4490893483161926]
[1.0, 0.5507462620735168, 0.44925373792648315]
[1.0, 0.5507280826568604, 0.44927194714546204]
[1.0, 0.5507842302322388, 0.4492157995700836]
[1.0, 0.5506253242492676, 0.44937464594841003]
[1.0, 0.5506497621536255, 0.4493502080440521]
[1.0, 0.550318717956543, 0.44968128204345703]
[1.0, 0.5506201982498169, 0.4493797719478607]
[1.0, 0.5504262447357178, 0.4495737850666046]
[1.0, 0.5508111119270325, 0.44918888807296753]
[1.0, 0.5507970452308655, 0.4492029547691345]
[1.0, 0.5507495403289795, 0.4492504894733429]
[1.0, 0.5509133338928223, 0.44908663630485535]
[1.0, 0.5509583950042725, 0.4490416347980499]
[1.0, 0.5509380102157593, 0.4490620195865631]
[1.0, 0.5508333444595337, 0.4491666257381439]
[1.0, 0.550856351852417, 0.4491436779499054]
[1.0, 0.5508452653884888, 0.44915473461151123]
[1.0, 0.550897479057312, 0.449102520942688]
[1.0, 0.5508944988250732, 0.44910550117492676]
[0.0, 0.5513168573379517, 0.44868314266204834]
[1.0, 0.5511307716369629, 0.4488692283630371]
[1.0, 0.5508147478103638, 0.44918525218963623]
[1.0, 0.5509218573570251, 0.44907814264297485]
[1.0, 0.5509336590766907, 0.4490663409233093]
[0.0, 0.5514779686927795, 0.44852203130722046]
[0.0, 0.5512660145759583, 0.44873398542404175]
[0.0, 0.5511611700057983, 0.44883885979652405]
[1.0, 0.5510912537574768, 0.4489087462425232]
[1.0, 0.5509496927261353, 0.44905033707618713]
[1.0, 0.5508785843849182, 0.4491214156150818]
[1.0, 0.5508850812911987, 0.44911491870880127]
[1.0, 0.5507577657699585, 0.4492422640323639]
[1.0, 0.5507276058197021, 0.44927242398262024]
[1.0, 0.5507113933563232, 0.44928860664367676]
[1.0, 0.550941526889801, 0.449058473110199]
[0.0, 0.5515010356903076, 0.4484989643096924]
[0.0, 0.5514694452285767, 0.4485305845737457]
[0.0, 0.5514324903488159, 0.44856753945350647]
[0.0, 0.551195502281189, 0.44880446791648865]
[1.0, 0.5510766506195068, 0.4489233195781708]
[1.0, 0.551020622253418, 0.44897934794425964]
[1.0, 0.550896406173706, 0.44910362362861633]
[1.0, 0.5509012937545776, 0.44909870624542236]
[1.0, 0.550673246383667, 0.4493267238140106]
[1.0, 0.5504163503646851, 0.44958361983299255]
[1.0, 0.5506106019020081, 0.44938939809799194]
[1.0, 0.5504803657531738, 0.44951963424682617]
[1.0, 0.5503467917442322, 0.4496532082557678]
[1.0, 0.5504221320152283, 0.44957786798477173]
[1.0, 0.5504730939865112, 0.44952693581581116]
[1.0, 0.550507664680481, 0.44949230551719666]
[1.0, 0.5505613088607788, 0.4494386911392212]
[1.0, 0.5506119728088379, 0.4493880569934845]
[1.0, 0.550508975982666, 0.44949105381965637]
[1.0, 0.5505305528640747, 0.4494694769382477]
[1.0, 0.5504535436630249, 0.4495464265346527]
[1.0, 0.5506772994995117, 0.4493226706981659]
[1.0, 0.5505192279815674, 0.449480801820755]
[1.0, 0.5505741834640503, 0.4494257867336273]
[1.0, 0.5505008697509766, 0.44949910044670105]
[1.0, 0.5505480170249939, 0.4494519829750061]
[1.0, 0.550625205039978, 0.449374794960022]
[1.0, 0.5506044626235962, 0.4493955075740814]
[1.0, 0.5505680441856384, 0.4494319558143616]
[1.0, 0.5507476925849915, 0.44925230741500854]
[1.0, 0.5505921244621277, 0.4494078755378723]
[1.0, 0.5507155656814575, 0.44928446412086487]
[1.0, 0.5507151484489441, 0.4492848515510559]
[1.0, 0.5507330894470215, 0.4492669403553009]
[1.0, 0.5506306290626526, 0.4493693709373474]
[1.0, 0.5506256818771362, 0.4493742883205414]
[1.0, 0.5504906177520752, 0.4495093524456024]
[1.0, 0.550905168056488, 0.44909483194351196]
[1.0, 0.5504750609397888, 0.4495249390602112]
[1.0, 0.550686240196228, 0.449313759803772]
[1.0, 0.5507818460464478, 0.44921815395355225]
[1.0, 0.550721287727356, 0.44927871227264404]
[1.0, 0.5509902238845825, 0.44900980591773987]
[1.0, 0.5510855317115784, 0.44891446828842163]
[0.0, 0.5512120723724365, 0.4487878978252411]
[1.0, 0.5509740114212036, 0.449025958776474]
[1.0, 0.5510563850402832, 0.4489435851573944]
[1.0, 0.5510554313659668, 0.4489445388317108]
[1.0, 0.5510966777801514, 0.44890332221984863]
[1.0, 0.5508900284767151, 0.4491099715232849]
[1.0, 0.5509682893753052, 0.44903168082237244]
[1.0, 0.5508319139480591, 0.4491681158542633]
[1.0, 0.5506963729858398, 0.44930359721183777]
[1.0, 0.5507802963256836, 0.449219673871994]
[1.0, 0.5508080124855042, 0.44919198751449585]
[1.0, 0.5507302284240723, 0.44926977157592773]
[1.0, 0.5508657693862915, 0.4491342604160309]
[1.0, 0.5508959293365479, 0.44910404086112976]
[1.0, 0.5510615110397339, 0.4489384889602661]
[1.0, 0.5510839223861694, 0.44891610741615295]
[1.0, 0.5511473417282104, 0.44885265827178955]
[0.0, 0.5511950850486755, 0.44880491495132446]
[0.0, 0.5512955188751221, 0.44870445132255554]
[0.0, 0.5513071417808533, 0.44869285821914673]
[0.0, 0.5513499975204468, 0.4486500322818756]
[1.0, 0.5511354207992554, 0.448864609003067]
[1.0, 0.5510019063949585, 0.4489980936050415]
[1.0, 0.5508959293365479, 0.44910404086112976]
[1.0, 0.5509264469146729, 0.44907355308532715]
[1.0, 0.550929844379425, 0.44907015562057495]
[1.0, 0.5508767366409302, 0.4491232931613922]
[1.0, 0.5508862733840942, 0.44911375641822815]
[1.0, 0.5508627891540527, 0.44913724064826965]
[1.0, 0.5510383248329163, 0.44896167516708374]
[1.0, 0.550952672958374, 0.44904735684394836]
[1.0, 0.5510061979293823, 0.4489937722682953]
[1.0, 0.5509085655212402, 0.44909146428108215]
[1.0, 0.5509425401687622, 0.4490574598312378]
[1.0, 0.5508843064308167, 0.44911569356918335]
[1.0, 0.5508815050125122, 0.4491184651851654]
[1.0, 0.5510290265083313, 0.4489709734916687]
[1.0, 0.5510215163230896, 0.4489784836769104]
[1.0, 0.5508655309677124, 0.4491344392299652]
[1.0, 0.5508852005004883, 0.44911476969718933]
[1.0, 0.5509451627731323, 0.4490548074245453]
[1.0, 0.5509645938873291, 0.4490354061126709]
[1.0, 0.5509017109870911, 0.44909828901290894]
[1.0, 0.550995945930481, 0.44900405406951904]
[0.0, 0.5512170791625977, 0.44878295063972473]
[0.0, 0.5511926412582397, 0.44880735874176025]
[0.0, 0.5512233972549438, 0.44877663254737854]
[0.0, 0.5513526201248169, 0.4486473500728607]
[0.0, 0.5512934923171997, 0.4487065374851227]
[0.0, 0.5515235662460327, 0.4484764635562897]
[0.0, 0.5514883995056152, 0.4485115706920624]
[0.0, 0.5514744520187378, 0.4485255479812622]
[0.0, 0.5514380931854248, 0.4485619068145752]
[0.0, 0.5513347387313843, 0.4486652612686157]
[0.0, 0.5518113970756531, 0.4481886029243469]
[0.0, 0.5515902042388916, 0.448409765958786]
[0.0, 0.5513960123062134, 0.448604017496109]
[0.0, 0.5514687299728394, 0.44853129982948303]
[0.0, 0.5513311624526978, 0.44866883754730225]
[0.0, 0.5512464046478271, 0.44875362515449524]
[0.0, 0.5518093109130859, 0.4481906592845917]
[0.0, 0.552253782749176, 0.447746217250824]
[0.0, 0.5520249009132385, 0.4479750990867615]
[0.0, 0.5519684553146362, 0.44803157448768616]
[0.0, 0.5519618391990662, 0.44803816080093384]
[0.0, 0.5518136620521545, 0.44818633794784546]
[0.0, 0.5517160892486572, 0.44828394055366516]
[0.0, 0.5520843267440796, 0.4479156732559204]
[0.0, 0.5520497560501099, 0.44795021414756775]
[0.0, 0.5518866777420044, 0.4481133222579956]
[0.0, 0.5518182516098022, 0.44818171858787537]
[0.0, 0.5517516136169434, 0.44824838638305664]
[0.0, 0.5516263246536255, 0.4483736455440521]
[1.0, 0.5509741306304932, 0.44902586936950684]
[1.0, 0.5509897470474243, 0.4490102529525757]
[1.0, 0.5510081052780151, 0.44899189472198486]
[1.0, 0.5510343909263611, 0.4489656090736389]
[1.0, 0.5511177778244019, 0.44888219237327576]
[1.0, 0.5509682893753052, 0.4490317404270172]
[1.0, 0.5511302947998047, 0.4488697052001953]
[1.0, 0.5509271025657654, 0.4490728974342346]
[1.0, 0.5511023998260498, 0.4488975703716278]
[1.0, 0.5510631799697876, 0.4489368200302124]
[1.0, 0.551095187664032, 0.448904812335968]
[1.0, 0.551149308681488, 0.44885069131851196]
[1.0, 0.5510797500610352, 0.44892027974128723]
[1.0, 0.5510181188583374, 0.4489818811416626]
[1.0, 0.5508947372436523, 0.44910526275634766]
[1.0, 0.5506759881973267, 0.44932398200035095]
[1.0, 0.550682008266449, 0.449317991733551]
[1.0, 0.5507497787475586, 0.449250191450119]
[1.0, 0.5506554841995239, 0.4493444859981537]
[1.0, 0.5507423877716064, 0.44925764203071594]
[1.0, 0.550666332244873, 0.44933363795280457]
[1.0, 0.5506620407104492, 0.44933798909187317]
[1.0, 0.5505858659744263, 0.44941410422325134]
[1.0, 0.5505824089050293, 0.4494175612926483]
[1.0, 0.5506758689880371, 0.4493241012096405]
[1.0, 0.5506189465522766, 0.4493810534477234]
[1.0, 0.5507334470748901, 0.44926655292510986]
[1.0, 0.5507255792617798, 0.4492744505405426]
[1.0, 0.5506224632263184, 0.44937753677368164]
[1.0, 0.5507014989852905, 0.4492985010147095]
[1.0, 0.5507165193557739, 0.4492834806442261]
[1.0, 0.5507431626319885, 0.4492568373680115]
[1.0, 0.5506985187530518, 0.44930148124694824]
[1.0, 0.5504872798919678, 0.4495127499103546]
[1.0, 0.5506352186203003, 0.4493647515773773]
[1.0, 0.5505737066268921, 0.4494262635707855]
[1.0, 0.550627589225769, 0.44937244057655334]
[1.0, 0.5506194829940796, 0.449380487203598]
[1.0, 0.5506105422973633, 0.4493894875049591]
[1.0, 0.5509023070335388, 0.4490976929664612]
[1.0, 0.5508298873901367, 0.4491700828075409]
[1.0, 0.5506830215454102, 0.44931697845458984]
[1.0, 0.5507287383079529, 0.4492712616920471]
[1.0, 0.5505225658416748, 0.4494774639606476]
[1.0, 0.5506333112716675, 0.4493667185306549]
[1.0, 0.5504699945449829, 0.4495299756526947]
[1.0, 0.5506620407104492, 0.44933798909187317]
[1.0, 0.5506601929664612, 0.4493398070335388]
[1.0, 0.550926685333252, 0.44907328486442566]
[0.0, 0.5512493848800659, 0.4487505853176117]
[1.0, 0.5510380268096924, 0.44896200299263]
[1.0, 0.5508670806884766, 0.4491329491138458]
[1.0, 0.5508245825767517, 0.4491754174232483]
[1.0, 0.5508344769477844, 0.4491655230522156]
[1.0, 0.5508275032043457, 0.4491724967956543]
[1.0, 0.5508761405944824, 0.4491238594055176]
[1.0, 0.5508238077163696, 0.44917619228363037]
[1.0, 0.5507757663726807, 0.44922420382499695]
[1.0, 0.5507914423942566, 0.4492085576057434]
[1.0, 0.5507993698120117, 0.4492006301879883]
[1.0, 0.5507898330688477, 0.44921016693115234]
[1.0, 0.5507190227508545, 0.4492809772491455]
[1.0, 0.5507856011390686, 0.4492143988609314]
[1.0, 0.5508111715316772, 0.44918885827064514]
[1.0, 0.5507059097290039, 0.4492941200733185]
[1.0, 0.5506934523582458, 0.44930654764175415]
[1.0, 0.5507913827896118, 0.4492086172103882]
[1.0, 0.5507577061653137, 0.4492422938346863]
[1.0, 0.5506631135940552, 0.4493369162082672]
[1.0, 0.5507591366767883, 0.44924086332321167]
[1.0, 0.550727128982544, 0.44927284121513367]
[1.0, 0.5506678819656372, 0.4493321180343628]
[1.0, 0.5507566928863525, 0.44924330711364746]
[1.0, 0.5508784055709839, 0.4491215646266937]
[1.0, 0.5508042573928833, 0.4491957128047943]
[1.0, 0.5508251190185547, 0.4491748511791229]
[1.0, 0.5507752299308777, 0.4492247700691223]
[1.0, 0.5507767200469971, 0.44922325015068054]
[1.0, 0.5507676601409912, 0.4492323398590088]
[1.0, 0.5506372451782227, 0.44936272501945496]
[1.0, 0.5506210923194885, 0.4493789076805115]
[1.0, 0.550647497177124, 0.449352502822876]
[1.0, 0.5506656169891357, 0.44933441281318665]
[1.0, 0.5507098436355591, 0.4492901861667633]
[1.0, 0.5507039427757263, 0.4492960572242737]
[1.0, 0.5508534908294678, 0.44914647936820984]
[1.0, 0.5511034727096558, 0.44889649748802185]
[0.0, 0.5512712597846985, 0.4487287402153015]
[1.0, 0.551098108291626, 0.448901891708374]
[1.0, 0.5510798096656799, 0.44892019033432007]
[1.0, 0.5507833957672119, 0.4492166042327881]
[1.0, 0.5506490468978882, 0.4493509829044342]
[1.0, 0.5508469343185425, 0.4491530656814575]
[1.0, 0.5505935549736023, 0.4494064450263977]
[1.0, 0.5506978034973145, 0.44930216670036316]
[1.0, 0.5507100820541382, 0.44928988814353943]
[1.0, 0.5506791472434998, 0.44932085275650024]
[1.0, 0.5506061315536499, 0.4493938684463501]
[1.0, 0.5508264303207397, 0.44917353987693787]
[1.0, 0.5506401658058167, 0.44935983419418335]
[1.0, 0.550796389579773, 0.44920361042022705]
[1.0, 0.5505351424217224, 0.4494648575782776]
[1.0, 0.5508950352668762, 0.4491049647331238]
[1.0, 0.5509262084960938, 0.44907376170158386]
[1.0, 0.550809383392334, 0.449190616607666]
[1.0, 0.5507853031158447, 0.4492146670818329]
[1.0, 0.5505367517471313, 0.44946321845054626]
[1.0, 0.5505712032318115, 0.44942882657051086]
[1.0, 0.5505461692810059, 0.44945386052131653]
[1.0, 0.5504425168037415, 0.44955748319625854]
[1.0, 0.550403356552124, 0.44959667325019836]
[1.0, 0.550457775592804, 0.44954222440719604]
[1.0, 0.550457239151001, 0.449542760848999]
[1.0, 0.5506090521812439, 0.4493909478187561]
[1.0, 0.5505867600440979, 0.4494132399559021]
[1.0, 0.5505774021148682, 0.44942256808280945]
[1.0, 0.5503804683685303, 0.4496195614337921]
[1.0, 0.5505679845809937, 0.44943204522132874]
[1.0, 0.550452709197998, 0.44954732060432434]
[1.0, 0.5506777167320251, 0.44932228326797485]
[1.0, 0.5505142211914062, 0.44948580861091614]
[1.0, 0.5507258176803589, 0.4492742121219635]
[1.0, 0.550690770149231, 0.44930920004844666]
[1.0, 0.5506588220596313, 0.44934114813804626]
[1.0, 0.5507107973098755, 0.4492891728878021]
[1.0, 0.5506542921066284, 0.4493456780910492]
[1.0, 0.5504756569862366, 0.4495243430137634]
[1.0, 0.5506485104560852, 0.4493514895439148]
[1.0, 0.5504743456840515, 0.4495256543159485]
[1.0, 0.5505027174949646, 0.4494972825050354]
[1.0, 0.5503961443901062, 0.4496038556098938]
[1.0, 0.5503968596458435, 0.4496031403541565]
[1.0, 0.5505269765853882, 0.44947299361228943]
[1.0, 0.5505121946334839, 0.4494878351688385]
[1.0, 0.5504370927810669, 0.4495629072189331]
[1.0, 0.5505474805831909, 0.4494525194168091]
[1.0, 0.5508643984794617, 0.44913560152053833]
[1.0, 0.5507972240447998, 0.4492027461528778]
[1.0, 0.5507234334945679, 0.44927656650543213]
[1.0, 0.550762414932251, 0.449237585067749]
[1.0, 0.5507686138153076, 0.44923141598701477]
[1.0, 0.5507916212081909, 0.4492083787918091]
[1.0, 0.5507857799530029, 0.4492141902446747]
[1.0, 0.5507837533950806, 0.44921621680259705]
[1.0, 0.550830602645874, 0.4491693675518036]
[1.0, 0.5508131384849548, 0.44918686151504517]
[1.0, 0.5507965087890625, 0.4492035210132599]
[1.0, 0.550746738910675, 0.44925326108932495]
[1.0, 0.5506641864776611, 0.44933584332466125]
[1.0, 0.5506187081336975, 0.4493812918663025]
[1.0, 0.5506266355514526, 0.44937336444854736]
[1.0, 0.5506791472434998, 0.44932085275650024]
[1.0, 0.5505648851394653, 0.44943514466285706]
[1.0, 0.5506787896156311, 0.4493212103843689]
[1.0, 0.5506366491317749, 0.4493633806705475]
[1.0, 0.5506531000137329, 0.4493468701839447]
[1.0, 0.5505672693252563, 0.44943273067474365]
[1.0, 0.5505571365356445, 0.4494428336620331]
[1.0, 0.5504786372184753, 0.44952136278152466]
[1.0, 0.5505324006080627, 0.44946759939193726]
[1.0, 0.5507196187973022, 0.44928035140037537]
[1.0, 0.5505956411361694, 0.4494043290615082]
[1.0, 0.5505425930023193, 0.4494573771953583]
[1.0, 0.5505744814872742, 0.44942551851272583]
[1.0, 0.5505729913711548, 0.4494270384311676]
[1.0, 0.5505935549736023, 0.4494064450263977]
[1.0, 0.5505267381668091, 0.4494732916355133]
[1.0, 0.550654947757721, 0.44934505224227905]
[1.0, 0.5505567789077759, 0.4494432210922241]
[1.0, 0.5506162047386169, 0.44938379526138306]
[1.0, 0.5506283044815063, 0.44937166571617126]
[1.0, 0.5506406426429749, 0.44935935735702515]
[1.0, 0.5506144762039185, 0.44938555359840393]
[1.0, 0.5506972074508667, 0.4493027925491333]
[1.0, 0.550661563873291, 0.44933846592903137]
[1.0, 0.5507510900497437, 0.44924893975257874]
[1.0, 0.5505685806274414, 0.4494314193725586]
[1.0, 0.5506513118743896, 0.44934865832328796]
[1.0, 0.55080246925354, 0.4491975009441376]
[1.0, 0.5506753921508789, 0.4493246376514435]
[1.0, 0.5506671667098999, 0.4493328630924225]
[1.0, 0.5505803823471069, 0.44941964745521545]
[1.0, 0.5508269667625427, 0.4491730332374573]
[1.0, 0.5508366823196411, 0.4491633176803589]
[1.0, 0.5507923364639282, 0.4492076635360718]
[1.0, 0.5508414506912231, 0.44915857911109924]
[1.0, 0.5508166551589966, 0.44918331503868103]
[1.0, 0.5509400367736816, 0.44905996322631836]
[1.0, 0.5509044528007507, 0.44909554719924927]
[1.0, 0.5508806705474854, 0.44911935925483704]
[1.0, 0.5508103370666504, 0.4491896629333496]
[1.0, 0.5507553815841675, 0.4492446184158325]
[1.0, 0.5509662628173828, 0.4490337669849396]
[1.0, 0.5507804155349731, 0.44921958446502686]
[1.0, 0.5508503913879395, 0.44914960861206055]
[1.0, 0.5508517026901245, 0.4491482973098755]
[1.0, 0.5507749319076538, 0.4492250680923462]
[1.0, 0.5507667064666748, 0.4492332637310028]
[1.0, 0.5507063865661621, 0.4492936432361603]
[1.0, 0.5507056713104248, 0.4492943286895752]
[1.0, 0.5507194995880127, 0.4492805004119873]
[1.0, 0.5507391691207886, 0.4492608606815338]
[1.0, 0.5507874488830566, 0.44921255111694336]
[1.0, 0.5508515238761902, 0.4491484761238098]
[1.0, 0.5509014129638672, 0.4490985572338104]
[1.0, 0.5508145093917847, 0.44918549060821533]
[1.0, 0.5509445667266846, 0.44905540347099304]
[1.0, 0.5509499311447144, 0.44905009865760803]
[1.0, 0.5508255362510681, 0.4491744637489319]
[1.0, 0.5508944988250732, 0.44910553097724915]
[1.0, 0.5509103536605835, 0.4490896761417389]
[1.0, 0.5508376955986023, 0.4491623044013977]
[1.0, 0.550830602645874, 0.4491693675518036]
[1.0, 0.5508753061294556, 0.4491247236728668]
[1.0, 0.5508882403373718, 0.4491117596626282]
[1.0, 0.550961971282959, 0.44903799891471863]
[1.0, 0.5509241819381714, 0.4490757882595062]
[1.0, 0.5509237051010132, 0.44907626509666443]
[1.0, 0.5507161617279053, 0.4492838680744171]
[1.0, 0.5505791902542114, 0.44942083954811096]
[1.0, 0.5505162477493286, 0.4494837820529938]
[1.0, 0.550656259059906, 0.449343740940094]
[1.0, 0.5507922172546387, 0.44920775294303894]
[1.0, 0.5507038831710815, 0.44929608702659607]
[1.0, 0.550740122795105, 0.44925984740257263]
[1.0, 0.5506795644760132, 0.4493204653263092]
[1.0, 0.5506399869918823, 0.4493600130081177]
[1.0, 0.5507465600967407, 0.44925346970558167]
[1.0, 0.5509213209152222, 0.44907864928245544]
[1.0, 0.550792396068573, 0.449207603931427]
[1.0, 0.5508175492286682, 0.4491824507713318]
[1.0, 0.5508248209953308, 0.4491751790046692]
[1.0, 0.550747275352478, 0.4492526948451996]
[1.0, 0.5507906675338745, 0.4492093026638031]
[1.0, 0.5506776571273804, 0.44932234287261963]
[1.0, 0.5506812334060669, 0.4493187367916107]
[1.0, 0.5505937337875366, 0.449406236410141]
[1.0, 0.5506187081336975, 0.4493812918663025]
[1.0, 0.550597608089447, 0.449402391910553]
[1.0, 0.5505560636520386, 0.44944390654563904]
[1.0, 0.5506899952888489, 0.4493100047111511]
[1.0, 0.5508832931518555, 0.4491167366504669]
[1.0, 0.5508021712303162, 0.44919782876968384]
[1.0, 0.5508396625518799, 0.44916030764579773]
[1.0, 0.5508514046669006, 0.44914859533309937]
[1.0, 0.550937294960022, 0.449062705039978]
[1.0, 0.5508673191070557, 0.44913268089294434]
[1.0, 0.5508090257644653, 0.44919097423553467]
[1.0, 0.5508575439453125, 0.4491424262523651]
[1.0, 0.5509081482887268, 0.4490918517112732]
[1.0, 0.5507467985153198, 0.4492531716823578]
[1.0, 0.5509365797042847, 0.44906342029571533]
[1.0, 0.5508571267127991, 0.4491428732872009]
[1.0, 0.5508514642715454, 0.4491485357284546]
[1.0, 0.5507217645645142, 0.44927820563316345]
[1.0, 0.5508023500442505, 0.4491976499557495]
[1.0, 0.5508801937103271, 0.44911983609199524]
[1.0, 0.5507558584213257, 0.4492441415786743]
[1.0, 0.5506978034973145, 0.44930216670036316]
[1.0, 0.5508346557617188, 0.44916531443595886]
[1.0, 0.5508753061294556, 0.4491247236728668]
[1.0, 0.55089271068573, 0.4491073191165924]
[1.0, 0.5508172512054443, 0.44918277859687805]
[1.0, 0.5507473945617676, 0.4492526352405548]
[1.0, 0.5507874488830566, 0.44921255111694336]
[1.0, 0.5507650971412659, 0.44923490285873413]
[1.0, 0.5508285760879517, 0.44917139410972595]
[1.0, 0.5508145093917847, 0.4491855204105377]
[1.0, 0.5509161353111267, 0.4490838646888733]
[1.0, 0.5508805513381958, 0.4491194486618042]
[1.0, 0.5508687496185303, 0.4491312801837921]
[1.0, 0.5509326457977295, 0.4490673243999481]
[1.0, 0.5508115887641907, 0.4491884112358093]
[1.0, 0.550861120223999, 0.44913890957832336]
[1.0, 0.5509408116340637, 0.4490591883659363]
[1.0, 0.5507992506027222, 0.44920071959495544]
[1.0, 0.550778865814209, 0.449221134185791]
[1.0, 0.5507086515426636, 0.4492913484573364]
[1.0, 0.5507237911224365, 0.4492761790752411]
[1.0, 0.5506730079650879, 0.4493269920349121]
[1.0, 0.5507301092147827, 0.4492699205875397]
[1.0, 0.5507016181945801, 0.44929835200309753]
[1.0, 0.550728440284729, 0.4492715895175934]
[1.0, 0.5508186221122742, 0.44918137788772583]
[1.0, 0.5508477091789246, 0.44915229082107544]
[1.0, 0.5507762432098389, 0.44922372698783875]
[1.0, 0.550873875617981, 0.44912612438201904]
[1.0, 0.5508584380149841, 0.44914156198501587]
[1.0, 0.5508847236633301, 0.44911524653434753]
[1.0, 0.5509245991706848, 0.4490754008293152]
[1.0, 0.5508747100830078, 0.4491253197193146]
[1.0, 0.5508444309234619, 0.4491555988788605]
[1.0, 0.5508179664611816, 0.44918200373649597]
[1.0, 0.5507771372795105, 0.4492228627204895]
[1.0, 0.5507470369338989, 0.4492529332637787]
[1.0, 0.5507956147193909, 0.44920438528060913]
[1.0, 0.5507437586784363, 0.4492562413215637]
[1.0, 0.5507992506027222, 0.44920071959495544]
[1.0, 0.5507339239120483, 0.44926607608795166]
[1.0, 0.5507920980453491, 0.4492079019546509]
[1.0, 0.5507898330688477, 0.44921019673347473]
[1.0, 0.5508084297180176, 0.4491916000843048]
[1.0, 0.5509011745452881, 0.4490987956523895]
[1.0, 0.5507909059524536, 0.449209064245224]
[1.0, 0.5507875680923462, 0.4492124319076538]
[1.0, 0.5508310794830322, 0.4491688907146454]
[1.0, 0.5508739948272705, 0.4491259753704071]
[1.0, 0.5507110357284546, 0.4492889642715454]
[1.0, 0.5507871508598328, 0.44921284914016724]
[1.0, 0.5508103370666504, 0.4491896629333496]
[1.0, 0.5508151054382324, 0.4491848647594452]
[1.0, 0.5508413314819336, 0.4491586983203888]
[1.0, 0.5507866144180298, 0.4492134153842926]
[1.0, 0.550815999507904, 0.44918400049209595]
[1.0, 0.5508100390434265, 0.4491899609565735]
[1.0, 0.5507362484931946, 0.4492637515068054]
[1.0, 0.5508188605308533, 0.44918113946914673]
[1.0, 0.5508710145950317, 0.4491289556026459]
[1.0, 0.5510127544403076, 0.44898727536201477]
[1.0, 0.5509898662567139, 0.44901010394096375]
[1.0, 0.5508230328559875, 0.44917696714401245]
[1.0, 0.5509046316146851, 0.44909539818763733]
[1.0, 0.5509609580039978, 0.4490390419960022]
[1.0, 0.5508272647857666, 0.4491727352142334]
[1.0, 0.5508929491043091, 0.44910702109336853]
[1.0, 0.5509850978851318, 0.44901490211486816]
[1.0, 0.550805389881134, 0.44919461011886597]
[1.0, 0.5510315895080566, 0.44896838068962097]
[1.0, 0.5508251190185547, 0.4491748511791229]
[1.0, 0.5508972406387329, 0.4491027891635895]
[1.0, 0.550920844078064, 0.44907915592193604]
[1.0, 0.550919234752655, 0.44908076524734497]
[1.0, 0.5509380102157593, 0.4490619897842407]
[1.0, 0.5508237481117249, 0.44917625188827515]
[1.0, 0.5507420301437378, 0.4492579996585846]
[1.0, 0.550836980342865, 0.449163019657135]
[1.0, 0.5508817434310913, 0.4491182267665863]
[1.0, 0.5507581233978271, 0.44924190640449524]
[1.0, 0.5508159399032593, 0.4491840898990631]
[1.0, 0.5508118271827698, 0.4491881728172302]
[1.0, 0.5509446859359741, 0.4490552842617035]
[1.0, 0.5508451461791992, 0.4491548240184784]
[1.0, 0.5509573817253113, 0.4490426182746887]
[1.0, 0.5507805347442627, 0.4492194354534149]
[1.0, 0.5508303642272949, 0.44916966557502747]
[1.0, 0.5507277846336365, 0.4492722153663635]
[1.0, 0.5506772994995117, 0.4493226706981659]
[1.0, 0.5506517291069031, 0.4493482708930969]
[1.0, 0.5506467223167419, 0.44935327768325806]
[1.0, 0.5506018996238708, 0.44939810037612915]
[1.0, 0.5506983995437622, 0.4493016302585602]
[1.0, 0.5505872964859009, 0.4494127035140991]
[1.0, 0.5506351590156555, 0.4493648409843445]
[1.0, 0.5506948232650757, 0.44930514693260193]
[1.0, 0.5505942106246948, 0.4494057595729828]
[1.0, 0.5507409572601318, 0.44925904273986816]
[1.0, 0.5506303310394287, 0.4493696987628937]
[1.0, 0.5506665706634521, 0.44933339953422546]
[1.0, 0.550835371017456, 0.44916465878486633]
[1.0, 0.5507442951202393, 0.44925573468208313]
[1.0, 0.5505092740058899, 0.4494907259941101]
[1.0, 0.551016628742218, 0.448983371257782]
[1.0, 0.550958514213562, 0.4490414559841156]
[1.0, 0.5510041117668152, 0.4489958882331848]
[1.0, 0.5509539842605591, 0.4490460157394409]
[1.0, 0.5509167909622192, 0.4490831792354584]
[1.0, 0.550958514213562, 0.449041485786438]
[1.0, 0.5509494543075562, 0.44905057549476624]
[1.0, 0.5508499145507812, 0.44915011525154114]
[1.0, 0.5508561730384827, 0.44914382696151733]
[1.0, 0.5509210824966431, 0.44907891750335693]
[1.0, 0.5508807897567749, 0.4491192400455475]
[1.0, 0.5508253574371338, 0.4491746425628662]
[1.0, 0.5509053468704224, 0.4490946829319]
[1.0, 0.5506433248519897, 0.44935664534568787]
[1.0, 0.5506565570831299, 0.4493434727191925]
[1.0, 0.5506870746612549, 0.4493129551410675]
[1.0, 0.550698459148407, 0.449301540851593]
[1.0, 0.5506872534751892, 0.4493127465248108]
[1.0, 0.5506362915039062, 0.44936367869377136]
[1.0, 0.550588846206665, 0.44941115379333496]
[1.0, 0.5507311820983887, 0.44926881790161133]
[1.0, 0.5507056713104248, 0.4492943286895752]
[1.0, 0.550695538520813, 0.449304461479187]
[1.0, 0.5507065057754517, 0.44929349422454834]
[1.0, 0.5508056879043579, 0.4491942822933197]
[1.0, 0.5509280562400818, 0.4490719437599182]
[1.0, 0.5508193969726562, 0.44918063282966614]
[1.0, 0.5507111549377441, 0.44928884506225586]
[1.0, 0.5507508516311646, 0.44924917817115784]
[1.0, 0.5506234169006348, 0.44937658309936523]
[1.0, 0.5506754517555237, 0.4493245482444763]
[1.0, 0.550688624382019, 0.44931140542030334]
[1.0, 0.5507144927978516, 0.44928550720214844]
[1.0, 0.5506635904312134, 0.449336439371109]
[1.0, 0.5506936311721802, 0.4493063986301422]
[1.0, 0.5507397651672363, 0.4492602050304413]
[1.0, 0.5507562160491943, 0.4492437541484833]
[1.0, 0.55070960521698, 0.4492904245853424]
[1.0, 0.550810694694519, 0.44918933510780334]
[1.0, 0.5508946180343628, 0.4491053521633148]
[1.0, 0.550980269908905, 0.44901973009109497]
[1.0, 0.5507602691650391, 0.44923970103263855]
[1.0, 0.5509195327758789, 0.4490804970264435]
[1.0, 0.5509433746337891, 0.4490566551685333]
[1.0, 0.5511236786842346, 0.4488763213157654]
[1.0, 0.5510741472244263, 0.44892582297325134]
[1.0, 0.5509843826293945, 0.44901564717292786]
[1.0, 0.550981342792511, 0.449018657207489]
[1.0, 0.5511227250099182, 0.4488772749900818]
[1.0, 0.5510366559028625, 0.44896334409713745]
[1.0, 0.55104660987854, 0.44895339012145996]
[1.0, 0.5509962439537048, 0.44900375604629517]
[1.0, 0.5510738492012024, 0.4489261507987976]
[1.0, 0.5510525107383728, 0.4489474892616272]
[1.0, 0.5509519577026367, 0.44904807209968567]
[1.0, 0.5507357716560364, 0.4492642283439636]
[1.0, 0.5507210493087769, 0.44927898049354553]
[1.0, 0.5508655309677124, 0.4491344392299652]
[1.0, 0.5509105324745178, 0.4490894675254822]
[1.0, 0.5508668422698975, 0.44913315773010254]
[1.0, 0.550886869430542, 0.449113130569458]
[1.0, 0.5509120225906372, 0.4490879774093628]
[1.0, 0.5510269999504089, 0.44897300004959106]
[1.0, 0.5509390830993652, 0.4490608870983124]
[1.0, 0.5509137511253357, 0.4490862488746643]
[0.0, 0.5513153076171875, 0.4486847221851349]
[0.0, 0.5513373613357544, 0.4486626088619232]
[0.0, 0.5516239404678345, 0.4483760893344879]
[1.0, 0.5511249303817749, 0.4488750696182251]
[1.0, 0.5510063171386719, 0.4489936828613281]
[1.0, 0.5509201884269714, 0.44907981157302856]
[0.0, 0.5511823892593384, 0.44881758093833923]
[1.0, 0.5510133504867554, 0.44898664951324463]
[1.0, 0.5510104894638062, 0.44898948073387146]
[1.0, 0.5510750412940979, 0.4489249587059021]
[1.0, 0.5510655641555786, 0.4489344656467438]
[1.0, 0.551106333732605, 0.44889363646507263]
[1.0, 0.551148533821106, 0.44885149598121643]
[1.0, 0.55109041929245, 0.44890958070755005]
[1.0, 0.5510761141777039, 0.44892388582229614]
[1.0, 0.5510151386260986, 0.448984831571579]
[0.0, 0.5511678457260132, 0.44883212447166443]
[1.0, 0.551110029220581, 0.44888997077941895]
[1.0, 0.5510530471801758, 0.4489469528198242]
[1.0, 0.5510348081588745, 0.4489652216434479]
[1.0, 0.5511089563369751, 0.4488910138607025]
[1.0, 0.5510704517364502, 0.4489295482635498]
[1.0, 0.5510073900222778, 0.44899260997772217]
[1.0, 0.5510148406028748, 0.44898515939712524]
[1.0, 0.5510333776473999, 0.4489666521549225]
[0.0, 0.5511552095413208, 0.4488448202610016]
[1.0, 0.5511043071746826, 0.44889572262763977]
[1.0, 0.5510094165802002, 0.4489905536174774]
[1.0, 0.5509560108184814, 0.44904395937919617]
[0.0, 0.5512275099754333, 0.44877249002456665]
[0.0, 0.5512879490852356, 0.4487120509147644]
[0.0, 0.5517065525054932, 0.44829341769218445]
[0.0, 0.5513533353805542, 0.4486466348171234]
[0.0, 0.5512847304344177, 0.4487152695655823]
[0.0, 0.5512239933013916, 0.4487760365009308]
[0.0, 0.5511506795883179, 0.44884932041168213]
[1.0, 0.5511373281478882, 0.4488626718521118]
[1.0, 0.5507861375808716, 0.4492138624191284]
[1.0, 0.5507456660270691, 0.4492543339729309]
[1.0, 0.5508207082748413, 0.4491792619228363]
[1.0, 0.550656795501709, 0.44934317469596863]
[1.0, 0.5506969690322876, 0.4493030309677124]
[1.0, 0.5507506132125854, 0.44924941658973694]
[1.0, 0.5507582426071167, 0.4492417573928833]
[1.0, 0.5507495403289795, 0.4492504894733429]
[1.0, 0.5505841970443726, 0.44941577315330505]
[1.0, 0.5505781173706055, 0.44942185282707214]
[1.0, 0.5505521297454834, 0.4494478404521942]
[1.0, 0.5507673025131226, 0.44923266768455505]
[1.0, 0.5507802963256836, 0.449219673871994]
[1.0, 0.5506883859634399, 0.44931158423423767]
[1.0, 0.5507967472076416, 0.449203222990036]
[1.0, 0.5508043766021729, 0.44919562339782715]
[1.0, 0.5508947372436523, 0.44910529255867004]
[1.0, 0.550727128982544, 0.44927290081977844]
[1.0, 0.550702691078186, 0.44929733872413635]
[1.0, 0.5508432984352112, 0.4491567015647888]
[1.0, 0.5507866740226746, 0.44921332597732544]
[1.0, 0.5507122874259949, 0.4492877125740051]
[1.0, 0.5505763292312622, 0.4494236707687378]
[1.0, 0.5505862832069397, 0.4494137167930603]
[1.0, 0.5505231618881226, 0.44947680830955505]
[1.0, 0.5505735874176025, 0.4494263827800751]
[1.0, 0.5506049394607544, 0.4493950605392456]
[1.0, 0.5507376194000244, 0.449262410402298]
[1.0, 0.5506032705307007, 0.44939669966697693]
[1.0, 0.5507616996765137, 0.44923830032348633]
[1.0, 0.5507866144180298, 0.4492133855819702]
[1.0, 0.5508880615234375, 0.4491119384765625]
[0.0, 0.5514144897460938, 0.44858551025390625]
[0.0, 0.5512194633483887, 0.4487805664539337]
[1.0, 0.5509504675865173, 0.44904953241348267]
[1.0, 0.5509096384048462, 0.4490903913974762]
[1.0, 0.5507556200027466, 0.4492444097995758]
[1.0, 0.5506898164749146, 0.44931015372276306]
[1.0, 0.5507392287254333, 0.44926077127456665]
[1.0, 0.5507330298423767, 0.4492669701576233]
[1.0, 0.5506608486175537, 0.4493391215801239]
[1.0, 0.5506995916366577, 0.4493004381656647]
[1.0, 0.5506237745285034, 0.4493761956691742]
[1.0, 0.5507379770278931, 0.44926202297210693]
[1.0, 0.550706684589386, 0.449293315410614]
[1.0, 0.5505949258804321, 0.44940510392189026]
[1.0, 0.550592839717865, 0.449407160282135]
[1.0, 0.5507360696792603, 0.44926396012306213]
[1.0, 0.5504797101020813, 0.4495202898979187]
[1.0, 0.5505294799804688, 0.44947054982185364]
[1.0, 0.5505392551422119, 0.4494607746601105]
[1.0, 0.550749659538269, 0.44925034046173096]
[1.0, 0.5507981777191162, 0.4492017924785614]
[1.0, 0.5507141351699829, 0.4492858946323395]
[1.0, 0.5505789518356323, 0.44942107796669006]
[1.0, 0.5505357980728149, 0.44946423172950745]
[1.0, 0.5505197048187256, 0.4494803249835968]
[1.0, 0.5505832433700562, 0.44941675662994385]
[1.0, 0.550592303276062, 0.449407696723938]
[1.0, 0.5505138039588928, 0.4494861960411072]
[1.0, 0.550566554069519, 0.44943344593048096]
[1.0, 0.550645649433136, 0.449354350566864]
[1.0, 0.5506548881530762, 0.44934511184692383]
[1.0, 0.5505973100662231, 0.44940271973609924]
[1.0, 0.5505229234695435, 0.44947704672813416]
[1.0, 0.5505594611167908, 0.44944053888320923]
[1.0, 0.5505509376525879, 0.4494490623474121]
[1.0, 0.5505760312080383, 0.44942396879196167]
[1.0, 0.5506361126899719, 0.4493638873100281]
[1.0, 0.55064857006073, 0.4493514597415924]
[1.0, 0.5506662726402283, 0.44933372735977173]
[1.0, 0.5506696701049805, 0.4493303596973419]
[1.0, 0.5507428646087646, 0.44925710558891296]
[1.0, 0.550804615020752, 0.44919535517692566]
[1.0, 0.550834059715271, 0.4491659104824066]
[1.0, 0.5506560802459717, 0.44934388995170593]
[1.0, 0.5506863594055176, 0.4493136703968048]
[1.0, 0.5506556034088135, 0.4493444263935089]
[1.0, 0.5505306720733643, 0.44946932792663574]
[1.0, 0.5506659150123596, 0.4493340849876404]
[1.0, 0.5506025552749634, 0.449397474527359]
[1.0, 0.5506627559661865, 0.4493372440338135]
[1.0, 0.5506857633590698, 0.4493142068386078]
[1.0, 0.5507278442382812, 0.44927212595939636]
[1.0, 0.5506056547164917, 0.4493943452835083]
[1.0, 0.5506070852279663, 0.4493929445743561]
[1.0, 0.5509793758392334, 0.4490206241607666]
[1.0, 0.5508555173873901, 0.4491444528102875]
[1.0, 0.5508373975753784, 0.44916263222694397]
[1.0, 0.550740659236908, 0.44925934076309204]
[1.0, 0.5509474277496338, 0.4490526020526886]
[1.0, 0.5510284900665283, 0.4489714801311493]
[1.0, 0.5509390830993652, 0.4490608870983124]
[1.0, 0.5509989261627197, 0.4490010738372803]
[1.0, 0.5510641932487488, 0.4489358067512512]
[1.0, 0.5509967803955078, 0.4490032494068146]
[1.0, 0.5510344505310059, 0.44896551966667175]
[1.0, 0.5510208606719971, 0.44897910952568054]
[1.0, 0.5509809851646423, 0.44901901483535767]
[1.0, 0.5509629845619202, 0.44903701543807983]
[1.0, 0.5509637594223022, 0.44903627038002014]
[1.0, 0.550960898399353, 0.449039101600647]
[1.0, 0.55083167552948, 0.4491683542728424]
[1.0, 0.5508356094360352, 0.44916436076164246]
[1.0, 0.5508574843406677, 0.4491425156593323]
[1.0, 0.550817608833313, 0.449182391166687]
[1.0, 0.5507550239562988, 0.44924500584602356]
[1.0, 0.5507993102073669, 0.44920068979263306]
[1.0, 0.5507388114929199, 0.4492611587047577]
[1.0, 0.5507465600967407, 0.44925346970558167]
[1.0, 0.5509368181228638, 0.44906318187713623]
[1.0, 0.5508524179458618, 0.44914761185646057]
[1.0, 0.5508439540863037, 0.4491560757160187]
[1.0, 0.550886869430542, 0.449113130569458]
[1.0, 0.5509286522865295, 0.44907134771347046]
[1.0, 0.55091392993927, 0.44908607006073]
[1.0, 0.5509129762649536, 0.449086993932724]
[1.0, 0.5507972240447998, 0.4492028057575226]
[1.0, 0.5506802797317505, 0.4493196904659271]
[1.0, 0.5507166981697083, 0.44928330183029175]
[1.0, 0.5509151220321655, 0.44908490777015686]
[1.0, 0.5507581233978271, 0.44924190640449524]
[1.0, 0.5508179664611816, 0.44918200373649597]
[1.0, 0.5507880449295044, 0.449211984872818]
[1.0, 0.5508028268814087, 0.4491971731185913]
[1.0, 0.5506712794303894, 0.4493287205696106]
[1.0, 0.5507721304893494, 0.44922786951065063]
[1.0, 0.5507880449295044, 0.4492119252681732]
[1.0, 0.550682544708252, 0.44931748509407043]
[1.0, 0.5506770610809326, 0.449322909116745]
[1.0, 0.5507811903953552, 0.4492188096046448]
[1.0, 0.550823986530304, 0.44917601346969604]
[1.0, 0.5506943464279175, 0.44930562376976013]
[1.0, 0.5507982969284058, 0.44920170307159424]
[1.0, 0.5507853627204895, 0.4492146372795105]
[1.0, 0.5506898164749146, 0.44931015372276306]
[1.0, 0.5506488084793091, 0.44935116171836853]
[1.0, 0.5507049560546875, 0.4492950439453125]
[1.0, 0.5507510900497437, 0.44924893975257874]
[1.0, 0.5507937669754028, 0.44920626282691956]
[1.0, 0.550857663154602, 0.44914233684539795]
[1.0, 0.550805926322937, 0.4491940438747406]
[1.0, 0.5509573221206665, 0.4490427076816559]
[1.0, 0.5508925318717957, 0.44910746812820435]
[1.0, 0.5509923696517944, 0.4490076005458832]
[1.0, 0.5509541034698486, 0.449045866727829]
[1.0, 0.550946831703186, 0.4490531384944916]
[1.0, 0.5510008335113525, 0.4489991366863251]
[1.0, 0.5508872866630554, 0.4491127133369446]
[1.0, 0.550970196723938, 0.449029803276062]
[1.0, 0.5507892370223999, 0.4492107331752777]
[1.0, 0.5508594512939453, 0.4491405189037323]
[0.0, 0.5511717200279236, 0.4488282799720764]
[1.0, 0.5502564311027527, 0.4497435688972473]
[1.0, 0.5503236055374146, 0.44967636466026306]
[1.0, 0.550156831741333, 0.4498431384563446]
[1.0, 0.5502986311912537, 0.44970136880874634]
[1.0, 0.5503115057945251, 0.44968849420547485]
[1.0, 0.550246000289917, 0.4497539699077606]
[1.0, 0.5503646731376648, 0.4496353268623352]
[1.0, 0.550403892993927, 0.449596107006073]
[1.0, 0.5503866672515869, 0.4496133029460907]
[1.0, 0.5503527522087097, 0.4496472477912903]
[1.0, 0.5506068468093872, 0.4493931531906128]
[1.0, 0.5507091283798218, 0.4492909014225006]
[1.0, 0.5506923198699951, 0.44930770993232727]
[1.0, 0.5508479475975037, 0.44915205240249634]
[1.0, 0.550838828086853, 0.44916120171546936]
[1.0, 0.5508484244346619, 0.44915157556533813]
[1.0, 0.5507638454437256, 0.4492361545562744]
[1.0, 0.5507687330245972, 0.44923126697540283]
[1.0, 0.5509618520736694, 0.44903814792633057]
[1.0, 0.550836980342865, 0.449163019657135]
[1.0, 0.5508138537406921, 0.44918614625930786]
[1.0, 0.5508794784545898, 0.44912049174308777]
[1.0, 0.5509750247001648, 0.4490249752998352]
[1.0, 0.5510510802268982, 0.4489489197731018]
[1.0, 0.5508999824523926, 0.4491000473499298]
[1.0, 0.5509546995162964, 0.4490453004837036]
[1.0, 0.5510880351066589, 0.44891196489334106]
[1.0, 0.5511181354522705, 0.4488818943500519]
[1.0, 0.5509289503097534, 0.4490710198879242]
[1.0, 0.5508761405944824, 0.4491238594055176]
[1.0, 0.5510455369949341, 0.4489544630050659]
[1.0, 0.5509812831878662, 0.4490187466144562]
[1.0, 0.5507214069366455, 0.4492785930633545]
[1.0, 0.5506633520126343, 0.4493366777896881]
[1.0, 0.5506885051727295, 0.4493114948272705]
[1.0, 0.5507845878601074, 0.44921544194221497]
[1.0, 0.5507774353027344, 0.4492225646972656]
[1.0, 0.550806999206543, 0.4491930305957794]
[1.0, 0.5507699847221375, 0.44923001527786255]
[1.0, 0.5508450269699097, 0.44915494322776794]
[1.0, 0.5509346723556519, 0.44906529784202576]
[1.0, 0.5509123802185059, 0.44908761978149414]
[1.0, 0.5508620738983154, 0.44913795590400696]
[1.0, 0.550794243812561, 0.4492057263851166]
[1.0, 0.5508687496185303, 0.4491312801837921]
[1.0, 0.5508415699005127, 0.4491584002971649]
[1.0, 0.5507990717887878, 0.44920092821121216]
[1.0, 0.5508943796157837, 0.4491055905818939]
[0.0, 0.5513468384742737, 0.4486531615257263]
[0.0, 0.5516408681869507, 0.4483591616153717]
[0.0, 0.5515732765197754, 0.448426753282547]
[0.0, 0.5515797138214111, 0.44842031598091125]
[0.0, 0.5515317916870117, 0.44846823811531067]
[0.0, 0.5515968799591064, 0.44840314984321594]
[0.0, 0.5515111684799194, 0.4484888017177582]
[0.0, 0.5514643788337708, 0.44853562116622925]
[0.0, 0.5512601137161255, 0.4487398564815521]
[0.0, 0.5512272715568542, 0.44877272844314575]
[0.0, 0.5513014793395996, 0.4486985504627228]
[0.0, 0.5513442754745483, 0.44865575432777405]
[0.0, 0.5512986183166504, 0.4487013518810272]
[0.0, 0.551325798034668, 0.4486742317676544]
[0.0, 0.551232635974884, 0.44876736402511597]
[0.0, 0.5512851476669312, 0.44871488213539124]
[0.0, 0.5512330532073975, 0.4487669765949249]
[0.0, 0.5512205362319946, 0.44877949357032776]
[0.0, 0.5512663125991821, 0.44873368740081787]
[0.0, 0.5512862205505371, 0.4487138092517853]
[1.0, 0.5510959625244141, 0.44890400767326355]
[0.0, 0.5511974096298218, 0.4488025903701782]
[0.0, 0.5511755347251892, 0.4488244652748108]
[0.0, 0.551260232925415, 0.4487397372722626]
[1.0, 0.5510965585708618, 0.4489034116268158]
[1.0, 0.5510687828063965, 0.44893118739128113]
[1.0, 0.5510662794113159, 0.4489336907863617]
[0.0, 0.5511749982833862, 0.44882503151893616]
[0.0, 0.5511741042137146, 0.4488258957862854]
[1.0, 0.5509781837463379, 0.4490217864513397]
[0.0, 0.5512932538986206, 0.448706716299057]
[0.0, 0.5511866807937622, 0.4488133490085602]
[1.0, 0.5511054992675781, 0.4488945007324219]
[1.0, 0.5510644912719727, 0.44893550872802734]
[1.0, 0.5510729551315308, 0.4489270746707916]
[0.0, 0.5511602163314819, 0.44883981347084045]
[1.0, 0.5509711503982544, 0.4490288197994232]
[1.0, 0.5510014295578003, 0.4489985704421997]
[1.0, 0.5510978698730469, 0.4489021599292755]
[1.0, 0.5510861873626709, 0.4489138126373291]
[1.0, 0.5508911609649658, 0.4491088092327118]
[1.0, 0.5510414838790894, 0.44895848631858826]
[1.0, 0.5510296821594238, 0.44897031784057617]
[1.0, 0.5509613752365112, 0.44903865456581116]
[1.0, 0.5509006977081299, 0.4490993320941925]
[1.0, 0.5508873462677002, 0.4491126239299774]
[1.0, 0.5508630275726318, 0.4491369426250458]
[1.0, 0.5508800745010376, 0.4491199254989624]
[1.0, 0.5509280562400818, 0.4490719437599182]
[1.0, 0.5509127378463745, 0.4490872323513031]
[1.0, 0.5509138107299805, 0.44908615946769714]
[1.0, 0.5509881973266602, 0.44901183247566223]
[1.0, 0.550933837890625, 0.449066162109375]
[1.0, 0.5510026812553406, 0.4489973187446594]
[1.0, 0.5510282516479492, 0.4489717185497284]
[1.0, 0.551092267036438, 0.448907732963562]
[0.0, 0.5511833429336548, 0.4488166272640228]
[0.0, 0.5516716241836548, 0.4483284056186676]
[0.0, 0.5518177151679993, 0.44818228483200073]
[0.0, 0.5515941381454468, 0.4484058618545532]
[1.0, 0.5510587692260742, 0.4489412307739258]
[1.0, 0.5507223606109619, 0.4492776095867157]
[1.0, 0.5504571199417114, 0.4495428502559662]
[1.0, 0.5504449009895325, 0.44955509901046753]
[1.0, 0.5503718852996826, 0.44962814450263977]
[1.0, 0.550277829170227, 0.44972220063209534]
[1.0, 0.5503782629966736, 0.4496217370033264]
[1.0, 0.5503782033920288, 0.4496217966079712]
[1.0, 0.550378680229187, 0.4496213495731354]
[1.0, 0.5503932237625122, 0.4496067464351654]
[1.0, 0.550477147102356, 0.44952285289764404]
[1.0, 0.5504856705665588, 0.44951432943344116]
[1.0, 0.5504418611526489, 0.44955816864967346]
[1.0, 0.5504454970359802, 0.4495545029640198]
[1.0, 0.5504227876663208, 0.4495772421360016]
[1.0, 0.5504993200302124, 0.4495006501674652]
[1.0, 0.550493597984314, 0.4495064318180084]
[1.0, 0.5504509210586548, 0.4495491087436676]
[1.0, 0.5503851175308228, 0.44961485266685486]
[1.0, 0.5505244731903076, 0.44947549700737]
[1.0, 0.550676167011261, 0.449323832988739]
[1.0, 0.5508838891983032, 0.4491160809993744]
[1.0, 0.5507593154907227, 0.44924071431159973]
[1.0, 0.5509198904037476, 0.44908013939857483]
[1.0, 0.5508832931518555, 0.4491167366504669]
[1.0, 0.5507643222808838, 0.4492357075214386]
[1.0, 0.5507704019546509, 0.4492295980453491]
[1.0, 0.5507653951644897, 0.44923460483551025]
[1.0, 0.5508013963699341, 0.44919857382774353]
[1.0, 0.5507725477218628, 0.4492274820804596]
[1.0, 0.5508382320404053, 0.4491617679595947]
[1.0, 0.5507998466491699, 0.4492001533508301]
[1.0, 0.5508311986923218, 0.4491688013076782]
[1.0, 0.5507426261901855, 0.44925737380981445]
[1.0, 0.5509012341499329, 0.44909876585006714]
[1.0, 0.5508931875228882, 0.4491068422794342]
[1.0, 0.5509783625602722, 0.4490216374397278]
[1.0, 0.5510718822479248, 0.4489281177520752]
[1.0, 0.5508648157119751, 0.4491351544857025]
[1.0, 0.5509676337242126, 0.44903236627578735]
[1.0, 0.5506390333175659, 0.4493609368801117]
[1.0, 0.5505051612854004, 0.449494868516922]
[1.0, 0.5505008697509766, 0.44949910044670105]
[1.0, 0.5505561828613281, 0.4494438171386719]
[1.0, 0.5505238175392151, 0.4494761824607849]
[1.0, 0.5505630373954773, 0.4494369626045227]
[1.0, 0.5507112741470337, 0.4492886960506439]
[1.0, 0.5507069826126099, 0.44929301738739014]
[1.0, 0.5505971908569336, 0.449402779340744]
[1.0, 0.5508019924163818, 0.44919803738594055]
[1.0, 0.5507395267486572, 0.4492604732513428]
[1.0, 0.550829291343689, 0.44917070865631104]
[1.0, 0.5506278872489929, 0.4493721127510071]
[1.0, 0.5506227016448975, 0.44937726855278015]
[1.0, 0.550708532333374, 0.449291467666626]
[1.0, 0.5506459474563599, 0.44935405254364014]
[1.0, 0.5508754253387451, 0.4491245448589325]
[1.0, 0.5508648157119751, 0.4491352140903473]
[1.0, 0.550848126411438, 0.4491518437862396]
[1.0, 0.5509631633758545, 0.4490368366241455]
[1.0, 0.5508164167404175, 0.4491836130619049]
[1.0, 0.5507936477661133, 0.44920632243156433]
[1.0, 0.5510970950126648, 0.4489029049873352]
[1.0, 0.5510799884796143, 0.44892004132270813]
[0.0, 0.5513888001441956, 0.44861119985580444]
[1.0, 0.5510956048965454, 0.448904424905777]
[0.0, 0.5511611700057983, 0.44883885979652405]
[0.0, 0.5511515140533447, 0.4488484561443329]
[0.0, 0.5511846542358398, 0.44881531596183777]
[1.0, 0.5510646104812622, 0.4489354193210602]
[0.0, 0.5512009859085083, 0.4487989842891693]
[1.0, 0.5510488748550415, 0.4489511251449585]
[1.0, 0.5510908961296082, 0.44890910387039185]
[0.0, 0.551193118095398, 0.44880688190460205]
[1.0, 0.5509935617446899, 0.44900646805763245]
[1.0, 0.5510768890380859, 0.44892311096191406]
[1.0, 0.551112174987793, 0.44888779520988464]
[1.0, 0.5511077642440796, 0.4488922655582428]
[1.0, 0.5510188341140747, 0.4489811360836029]
[1.0, 0.550983190536499, 0.44901683926582336]
[1.0, 0.5510114431381226, 0.44898852705955505]
[1.0, 0.5510035753250122, 0.4489963948726654]
[1.0, 0.5511034727096558, 0.44889649748802185]
[1.0, 0.5509838461875916, 0.44901615381240845]
[1.0, 0.5507419109344482, 0.44925808906555176]
[1.0, 0.5508551597595215, 0.4491448402404785]
[0.0, 0.5511505603790283, 0.44884946942329407]
[1.0, 0.5510790348052979, 0.44892099499702454]
[0.0, 0.5512146949768066, 0.44878530502319336]
[0.0, 0.5513863563537598, 0.44861361384391785]
[0.0, 0.5512654781341553, 0.4487345218658447]
[0.0, 0.5512187480926514, 0.448781281709671]
[0.0, 0.5512076616287231, 0.44879236817359924]
[1.0, 0.5510880351066589, 0.44891196489334106]
[1.0, 0.5510025024414062, 0.44899746775627136]
[1.0, 0.5510998964309692, 0.4489000737667084]
[1.0, 0.5510419011116028, 0.4489580988883972]
[1.0, 0.5510661005973816, 0.4489338994026184]
[1.0, 0.5509905219078064, 0.4490094780921936]
[0.0, 0.5511674880981445, 0.44883251190185547]
[1.0, 0.5510377883911133, 0.4489622414112091]
[0.0, 0.5512157678604126, 0.448784202337265]
[0.0, 0.551190972328186, 0.4488089978694916]
[1.0, 0.5510627627372742, 0.44893723726272583]
[1.0, 0.5510587692260742, 0.4489412307739258]
[1.0, 0.5509839653968811, 0.4490160346031189]
[1.0, 0.5510347485542297, 0.44896525144577026]
[0.0, 0.551154613494873, 0.44884535670280457]
[0.0, 0.5512306690216064, 0.44876933097839355]
[0.0, 0.5513423681259155, 0.44865766167640686]
[0.0, 0.5513913631439209, 0.4486086368560791]
[0.0, 0.5513707399368286, 0.4486292898654938]
[0.0, 0.5513542890548706, 0.448645681142807]
[0.0, 0.5513100624084473, 0.44868990778923035]
[0.0, 0.551235556602478, 0.4487644135951996]
[0.0, 0.5512604117393494, 0.44873958826065063]
[1.0, 0.551011323928833, 0.448988676071167]
[1.0, 0.550897479057312, 0.4491025507450104]
[1.0, 0.5510588884353638, 0.4489411413669586]
[1.0, 0.5508673191070557, 0.4491327106952667]
[1.0, 0.550972580909729, 0.449027419090271]
[1.0, 0.5509144067764282, 0.4490855932235718]
[1.0, 0.5508441925048828, 0.4491558074951172]
[1.0, 0.550927996635437, 0.4490720331668854]
[1.0, 0.5509796142578125, 0.4490203857421875]
[1.0, 0.5510019659996033, 0.44899803400039673]
[1.0, 0.5510403513908386, 0.4489596486091614]
[1.0, 0.5510083436965942, 0.44899165630340576]
[0.0, 0.5512109994888306, 0.44878900051116943]
[0.0, 0.5511665344238281, 0.44883349537849426]
[1.0, 0.5508556365966797, 0.4491443634033203]
[1.0, 0.5508452653884888, 0.44915473461151123]
[1.0, 0.5508233308792114, 0.4491766691207886]
[1.0, 0.5510101318359375, 0.4489898681640625]
[1.0, 0.5509142875671387, 0.44908568263053894]
[1.0, 0.5510365962982178, 0.4489634335041046]
[0.0, 0.551205039024353, 0.448794960975647]
[0.0, 0.5512422323226929, 0.4487577974796295]
[0.0, 0.5512802600860596, 0.44871973991394043]
[0.0, 0.5512832403182983, 0.44871678948402405]
[0.0, 0.551452100276947, 0.448547899723053]
[0.0, 0.551533579826355, 0.4484664499759674]
[0.0, 0.551566481590271, 0.4484335482120514]
[0.0, 0.5513794422149658, 0.4486205279827118]
[0.0, 0.551382303237915, 0.44861772656440735]
[0.0, 0.5513372421264648, 0.44866275787353516]
[1.0, 0.5511296987533569, 0.4488702714443207]
[1.0, 0.5510911345481873, 0.44890886545181274]
[1.0, 0.5510755181312561, 0.4489244818687439]
[1.0, 0.551080584526062, 0.448919415473938]
[1.0, 0.5510684251785278, 0.44893157482147217]
[1.0, 0.5509653687477112, 0.4490346312522888]
[0.0, 0.5516903400421143, 0.44830965995788574]
[0.0, 0.5513516068458557, 0.4486483931541443]
[0.0, 0.5513428449630737, 0.44865718483924866]
[0.0, 0.5513607263565063, 0.44863924384117126]
[0.0, 0.551278293132782, 0.448721706867218]
[1.0, 0.5511130094528198, 0.4488869905471802]
[0.0, 0.5512102246284485, 0.4487897753715515]
[1.0, 0.551140546798706, 0.44885942339897156]
[1.0, 0.5511189699172974, 0.44888103008270264]
[1.0, 0.5511393547058105, 0.44886061549186707]
[1.0, 0.5510696172714233, 0.44893038272857666]
[0.0, 0.5516188144683838, 0.4483812153339386]
[0.0, 0.5518177151679993, 0.44818228483200073]
[0.0, 0.5517931580543518, 0.4482068419456482]
[0.0, 0.5516738891601562, 0.44832614064216614]
[0.0, 0.5517815351486206, 0.4482184946537018]
[0.0, 0.5516935586929321, 0.44830644130706787]
[0.0, 0.5515178442001343, 0.44848212599754333]
[0.0, 0.5514950752258301, 0.4485049247741699]
[0.0, 0.5512804985046387, 0.44871950149536133]
[1.0, 0.5507640838623047, 0.4492359459400177]
[1.0, 0.5507359504699707, 0.4492640495300293]
[1.0, 0.550777792930603, 0.4492221772670746]
[1.0, 0.550644040107727, 0.44935598969459534]
[1.0, 0.5507506132125854, 0.44924941658973694]
[1.0, 0.5508480072021484, 0.4491519629955292]
[1.0, 0.5506657361984253, 0.4493342339992523]
[1.0, 0.5508166551589966, 0.44918331503868103]
[1.0, 0.5507203936576843, 0.4492796063423157]
[1.0, 0.5508289933204651, 0.4491710066795349]
[1.0, 0.5508705377578735, 0.4491294324398041]
[1.0, 0.5505894422531128, 0.4494105279445648]
[1.0, 0.5506544709205627, 0.44934552907943726]
[1.0, 0.5507651567459106, 0.44923484325408936]
[1.0, 0.550841748714447, 0.449158251285553]
[1.0, 0.5506951808929443, 0.44930484890937805]
[1.0, 0.5506843328475952, 0.4493156373500824]
[1.0, 0.5507739782333374, 0.4492260217666626]
[1.0, 0.5507304668426514, 0.44926953315734863]
[1.0, 0.5507874488830566, 0.44921255111694336]
[1.0, 0.5508183836936951, 0.44918161630630493]
[1.0, 0.5507915616035461, 0.44920843839645386]
[1.0, 0.5508067607879639, 0.4491932690143585]
[1.0, 0.5507746338844299, 0.44922536611557007]
[1.0, 0.5508190393447876, 0.4491809606552124]
[1.0, 0.5508534908294678, 0.44914647936820984]
[1.0, 0.5506982803344727, 0.44930168986320496]
[1.0, 0.550739049911499, 0.44926097989082336]
[1.0, 0.5509258508682251, 0.4490741789340973]
[1.0, 0.5508079528808594, 0.449192076921463]
[1.0, 0.5507749319076538, 0.4492250680923462]
[1.0, 0.5507721900939941, 0.44922778010368347]
[1.0, 0.5506927371025085, 0.44930726289749146]
[1.0, 0.5507506728172302, 0.4492493271827698]
[1.0, 0.5509166717529297, 0.4490833282470703]
[1.0, 0.5507994294166565, 0.4492005705833435]
[1.0, 0.5508307218551636, 0.4491692781448364]
[1.0, 0.5506973266601562, 0.44930264353752136]
[1.0, 0.5506956577301025, 0.44930437207221985]
[1.0, 0.5506246089935303, 0.4493754208087921]
[1.0, 0.5505602955818176, 0.4494397044181824]
[1.0, 0.5508723258972168, 0.4491277039051056]
[1.0, 0.5508852005004883, 0.4491148293018341]
[1.0, 0.5509114265441895, 0.44908857345581055]
[1.0, 0.5509471893310547, 0.4490528106689453]
[1.0, 0.5508708357810974, 0.4491291642189026]
[1.0, 0.5509201288223267, 0.4490799009799957]
[1.0, 0.5509588718414307, 0.44904112815856934]
[1.0, 0.5509999394416809, 0.4490000605583191]
[1.0, 0.550981342792511, 0.449018657207489]
[1.0, 0.5508931875228882, 0.4491068422794342]
[1.0, 0.550961971282959, 0.44903799891471863]
[1.0, 0.5508692264556885, 0.4491308033466339]
[1.0, 0.550902783870697, 0.449097216129303]
[1.0, 0.5508262515068054, 0.4491737484931946]
[1.0, 0.5508562326431274, 0.44914373755455017]
[1.0, 0.5507984161376953, 0.4492015540599823]
[0.0, 0.5512241125106812, 0.44877585768699646]
[0.0, 0.5515989065170288, 0.4484010636806488]
[0.0, 0.5516409873962402, 0.44835901260375977]
[0.0, 0.5516881942749023, 0.44831180572509766]
[0.0, 0.5514909029006958, 0.4485090970993042]
[0.0, 0.5512135028839111, 0.44878652691841125]
[1.0, 0.551109790802002, 0.44889020919799805]
[1.0, 0.550923228263855, 0.44907674193382263]
[1.0, 0.550832986831665, 0.44916704297065735]
[1.0, 0.5507988333702087, 0.44920116662979126]
[1.0, 0.5507261753082275, 0.44927382469177246]
[1.0, 0.5505496263504028, 0.44945040345191956]
[1.0, 0.550589919090271, 0.4494101107120514]
[1.0, 0.5507113933563232, 0.44928860664367676]
[1.0, 0.5506858825683594, 0.449314147233963]
[1.0, 0.5506496429443359, 0.44935038685798645]
[1.0, 0.5507054328918457, 0.4492945671081543]
[1.0, 0.5507909059524536, 0.449209064245224]
[1.0, 0.5508209466934204, 0.4491790235042572]
[1.0, 0.5506906509399414, 0.449309378862381]
[1.0, 0.5507402420043945, 0.4492597281932831]
[1.0, 0.5507985949516296, 0.44920140504837036]
[1.0, 0.5507200956344604, 0.44927993416786194]
[1.0, 0.5508326292037964, 0.4491673409938812]
[1.0, 0.5506900548934937, 0.44930997490882874]
[1.0, 0.5508293509483337, 0.44917064905166626]
[1.0, 0.5507052540779114, 0.4492947459220886]
[1.0, 0.5507239699363708, 0.44927603006362915]
[1.0, 0.5508074760437012, 0.4491925537586212]
[1.0, 0.5508595705032349, 0.4491404592990875]
[1.0, 0.5509039163589478, 0.44909611344337463]
[1.0, 0.5508565902709961, 0.4491433799266815]
[1.0, 0.5508749485015869, 0.4491250813007355]
[1.0, 0.550870954990387, 0.44912904500961304]
[1.0, 0.5508261919021606, 0.44917377829551697]
[1.0, 0.5510423183441162, 0.4489576816558838]
[0.0, 0.5515683889389038, 0.4484316408634186]
[0.0, 0.5514642596244812, 0.4485357403755188]
[0.0, 0.5514066219329834, 0.4485933780670166]
[0.0, 0.5514013767242432, 0.4485986530780792]
[0.0, 0.5512282252311707, 0.44877177476882935]
[0.0, 0.5511587262153625, 0.44884127378463745]
[1.0, 0.5510790348052979, 0.44892099499702454]
[1.0, 0.5508338212966919, 0.4491661787033081]
[1.0, 0.5508211255073547, 0.44917887449264526]
[1.0, 0.5509124398231506, 0.44908756017684937]
[1.0, 0.5506687760353088, 0.44933122396469116]
[1.0, 0.550686240196228, 0.4493137300014496]
[1.0, 0.5507575273513794, 0.449242502450943]
[1.0, 0.5506922602653503, 0.44930773973464966]
[1.0, 0.5506819486618042, 0.4493180513381958]
[1.0, 0.5506340265274048, 0.4493660032749176]
[1.0, 0.5505107641220093, 0.4494892358779907]
[1.0, 0.5505639314651489, 0.44943609833717346]
[1.0, 0.550564169883728, 0.4494358003139496]
[1.0, 0.5506916046142578, 0.4493084251880646]
[1.0, 0.5506683588027954, 0.4493316113948822]
[1.0, 0.5506103038787842, 0.4493896961212158]
[1.0, 0.5508480072021484, 0.4491519629955292]
[1.0, 0.5508453845977783, 0.44915464520454407]
[1.0, 0.5508935451507568, 0.44910645484924316]
[1.0, 0.5506784915924072, 0.4493215084075928]
[1.0, 0.5508091449737549, 0.44919082522392273]
[1.0, 0.5508806705474854, 0.44911935925483704]
[1.0, 0.5508401393890381, 0.4491598308086395]
[1.0, 0.5508718490600586, 0.4491281807422638]
[1.0, 0.5508801937103271, 0.44911977648735046]
[1.0, 0.5508284568786621, 0.4491715729236603]
[1.0, 0.550854504108429, 0.44914549589157104]
[1.0, 0.5509749054908752, 0.44902509450912476]
[1.0, 0.5508885383605957, 0.4491114616394043]
[1.0, 0.5510111451148987, 0.4489888548851013]
[1.0, 0.5509660243988037, 0.4490339457988739]
[1.0, 0.5510318279266357, 0.44896820187568665]
[1.0, 0.5509605407714844, 0.44903942942619324]
[1.0, 0.5509365797042847, 0.44906342029571533]
[1.0, 0.5509746074676514, 0.44902539253234863]
[1.0, 0.5509660243988037, 0.4490340054035187]
[1.0, 0.5508252382278442, 0.44917479157447815]
[1.0, 0.5508643388748169, 0.4491356909275055]
[1.0, 0.5506854057312012, 0.4493146240711212]
[1.0, 0.5507819652557373, 0.4492180049419403]
[1.0, 0.5507681965827942, 0.4492318034172058]
[1.0, 0.5508469343185425, 0.4491530954837799]
[1.0, 0.5507579445838928, 0.4492420554161072]
[1.0, 0.5508947372436523, 0.44910529255867004]
[1.0, 0.5508486032485962, 0.4491513669490814]
[1.0, 0.5509597659111023, 0.4490402340888977]
[1.0, 0.5510635375976562, 0.44893649220466614]
[1.0, 0.5510933995246887, 0.4489066004753113]
[1.0, 0.5510851144790649, 0.44891485571861267]
[1.0, 0.5510127544403076, 0.44898721575737]
[1.0, 0.5509940385818481, 0.44900596141815186]
[1.0, 0.5510392189025879, 0.4489608108997345]
[1.0, 0.5510104894638062, 0.44898954033851624]
[1.0, 0.5508970022201538, 0.4491029977798462]
[1.0, 0.5509455800056458, 0.44905441999435425]
[1.0, 0.5508804321289062, 0.44911953806877136]
[1.0, 0.5509203672409058, 0.44907963275909424]
[1.0, 0.5509504079818726, 0.44904956221580505]
[1.0, 0.5509029626846313, 0.44909706711769104]
[1.0, 0.5508726835250854, 0.44912731647491455]
[1.0, 0.5508532524108887, 0.44914674758911133]
[1.0, 0.5509440898895264, 0.44905588030815125]
[0.0, 0.5511795878410339, 0.44882041215896606]
[1.0, 0.550951361656189, 0.44904860854148865]
[1.0, 0.5506043434143066, 0.44939565658569336]
[1.0, 0.55076003074646, 0.4492399990558624]
[1.0, 0.5507749319076538, 0.4492250680923462]
[1.0, 0.5506751537322998, 0.4493248462677002]
[1.0, 0.5506924986839294, 0.44930750131607056]
[1.0, 0.5506758689880371, 0.4493241012096405]
[1.0, 0.5510696768760681, 0.4489303231239319]
[1.0, 0.5510504245758057, 0.4489496052265167]
[1.0, 0.5509645938873291, 0.4490354061126709]
[1.0, 0.5508642196655273, 0.44913578033447266]
[1.0, 0.5508212447166443, 0.4491787552833557]
[1.0, 0.5508042573928833, 0.4491957128047943]
[1.0, 0.5508995056152344, 0.4491004943847656]
[1.0, 0.5508335828781128, 0.4491663873195648]
[1.0, 0.550774097442627, 0.44922593235969543]
[1.0, 0.5507880449295044, 0.449211984872818]
[1.0, 0.5507792234420776, 0.4492207467556]
[1.0, 0.5507925748825073, 0.44920745491981506]
[1.0, 0.5508164167404175, 0.4491836130619049]
[1.0, 0.5507416725158691, 0.44925835728645325]
[1.0, 0.5506949424743652, 0.44930505752563477]
[1.0, 0.5508480072021484, 0.4491519629955292]
[1.0, 0.5508255362510681, 0.4491744637489319]
[1.0, 0.5507179498672485, 0.44928205013275146]
[1.0, 0.5506299734115601, 0.44937002658843994]
[1.0, 0.5506610870361328, 0.4493389427661896]
[1.0, 0.5506550073623657, 0.4493449628353119]
[1.0, 0.5506764054298401, 0.4493235945701599]
[1.0, 0.5506547093391418, 0.44934529066085815]
[1.0, 0.5506851673126221, 0.44931483268737793]
[1.0, 0.5506809949874878, 0.4493190050125122]
[1.0, 0.5507582426071167, 0.4492417275905609]
[1.0, 0.5508798956871033, 0.44912010431289673]
[1.0, 0.5508430600166321, 0.4491569399833679]
[1.0, 0.5509182214736938, 0.44908177852630615]
[1.0, 0.5509225726127625, 0.44907742738723755]
[1.0, 0.5507990121841431, 0.4492010176181793]
[1.0, 0.5508973002433777, 0.4491026997566223]
[1.0, 0.5508362054824829, 0.4491637945175171]
[1.0, 0.5508628487586975, 0.4491371512413025]
[1.0, 0.5508308410644531, 0.4491691589355469]
[1.0, 0.5507071018218994, 0.449292927980423]
[1.0, 0.5510283708572388, 0.4489716589450836]
[1.0, 0.5509922504425049, 0.44900771975517273]
[1.0, 0.5511404275894165, 0.4488595724105835]
[0.0, 0.5511806011199951, 0.4488193690776825]
[0.0, 0.5511763691902161, 0.44882363080978394]
[1.0, 0.5511265397071838, 0.44887346029281616]
[0.0, 0.5512334704399109, 0.4487665295600891]
[0.0, 0.5511811971664429, 0.44881877303123474]
[0.0, 0.5512583255767822, 0.4487416744232178]
[0.0, 0.5512630939483643, 0.44873687624931335]
[0.0, 0.5514142513275146, 0.44858577847480774]
[0.0, 0.5513864755630493, 0.4486135244369507]
[0.0, 0.5513401031494141, 0.44865986704826355]
[1.0, 0.5510714054107666, 0.4489285945892334]
[0.0, 0.5512431263923645, 0.4487568736076355]
[0.0, 0.5512828230857849, 0.4487171769142151]
[0.0, 0.5512024760246277, 0.4487975239753723]
[0.0, 0.5512895584106445, 0.44871047139167786]
[0.0, 0.551268994808197, 0.448731005191803]
[0.0, 0.5511877536773682, 0.44881224632263184]
[0.0, 0.5513046979904175, 0.4486953318119049]
[0.0, 0.5513343811035156, 0.4486656188964844]
[0.0, 0.551281213760376, 0.44871875643730164]
[0.0, 0.5513662099838257, 0.44863376021385193]
[0.0, 0.5513859987258911, 0.4486140012741089]
[0.0, 0.5513787269592285, 0.44862130284309387]
[1.0, 0.55112624168396, 0.44887372851371765]
[0.0, 0.5511928796768188, 0.44880715012550354]
[0.0, 0.5512070059776306, 0.4487929940223694]
[0.0, 0.5512884855270386, 0.44871148467063904]
[0.0, 0.5512030124664307, 0.44879698753356934]
[0.0, 0.5512926578521729, 0.44870734214782715]
[0.0, 0.551275908946991, 0.44872409105300903]
[0.0, 0.5513043403625488, 0.44869568943977356]
[0.0, 0.5513378381729126, 0.4486621618270874]
[0.0, 0.5511947870254517, 0.4488052427768707]
[0.0, 0.5512228012084961, 0.4487771987915039]
[0.0, 0.5512955188751221, 0.4487045109272003]
[0.0, 0.5513666868209839, 0.4486332833766937]
[0.0, 0.5512286424636841, 0.44877132773399353]
[0.0, 0.5512930154800415, 0.4487069547176361]
[0.0, 0.5512120723724365, 0.44878795742988586]
[0.0, 0.5512653589248657, 0.44873467087745667]
[0.0, 0.5512051582336426, 0.4487948715686798]
[0.0, 0.5512327551841736, 0.4487672448158264]
[0.0, 0.5512163639068604, 0.44878363609313965]
[0.0, 0.5511802434921265, 0.44881975650787354]
[0.0, 0.5511915683746338, 0.4488084018230438]
[0.0, 0.5512980818748474, 0.4487019181251526]
[0.0, 0.551435112953186, 0.4485648572444916]
[0.0, 0.5513101816177368, 0.4486898183822632]
[0.0, 0.5513160228729248, 0.4486839771270752]
[0.0, 0.5512940883636475, 0.4487059414386749]
[0.0, 0.5513765811920166, 0.448623389005661]
[0.0, 0.55121248960495, 0.44878751039505005]
[0.0, 0.5511671900749207, 0.44883280992507935]
[1.0, 0.5511034727096558, 0.44889649748802185]
[1.0, 0.5510441064834595, 0.4489558935165405]
[1.0, 0.5511106252670288, 0.4488894045352936]
[1.0, 0.5511270761489868, 0.44887295365333557]
[1.0, 0.5510971546173096, 0.44890284538269043]
[0.0, 0.5511642694473267, 0.44883573055267334]
[0.0, 0.5512040853500366, 0.4487959146499634]
[1.0, 0.5511385202407837, 0.4488614499568939]
[1.0, 0.5510720014572144, 0.44892802834510803]
[1.0, 0.5510406494140625, 0.4489593505859375]
[1.0, 0.5511204600334167, 0.44887953996658325]
[1.0, 0.5510525703430176, 0.44894739985466003]
[1.0, 0.5509943962097168, 0.4490056335926056]
[1.0, 0.5509869456291199, 0.4490130543708801]
[1.0, 0.5509270429611206, 0.4490729868412018]
[1.0, 0.5509461164474487, 0.4490538537502289]
[1.0, 0.551064133644104, 0.4489358961582184]
[0.0, 0.5512107014656067, 0.4487892985343933]
[0.0, 0.5514156818389893, 0.44858434796333313]
[0.0, 0.5518356561660767, 0.44816431403160095]
[0.0, 0.5517998933792114, 0.4482001066207886]
[0.0, 0.5517853498458862, 0.4482146203517914]
[0.0, 0.5516443252563477, 0.44835570454597473]
[0.0, 0.5514622926712036, 0.4485377073287964]
[0.0, 0.5513821840286255, 0.4486178457736969]
[1.0, 0.551116406917572, 0.448883593082428]
[1.0, 0.550853431224823, 0.449146568775177]
[1.0, 0.5506870746612549, 0.4493129551410675]
[1.0, 0.5505461692810059, 0.44945386052131653]
[1.0, 0.5504862070083618, 0.4495137929916382]
[1.0, 0.5502049922943115, 0.4497949779033661]
[1.0, 0.5503352284431458, 0.44966477155685425]
[1.0, 0.550208568572998, 0.44979146122932434]
[1.0, 0.5502669811248779, 0.44973301887512207]
[1.0, 0.5503175854682922, 0.44968241453170776]
[1.0, 0.5503947734832764, 0.44960519671440125]
[1.0, 0.5503480434417725, 0.44965195655822754]
[1.0, 0.5503721237182617, 0.4496278464794159]
[1.0, 0.550482988357544, 0.44951701164245605]
[1.0, 0.5506150722503662, 0.4493849277496338]
[1.0, 0.5507242679595947, 0.4492757022380829]
[1.0, 0.5505310297012329, 0.4494689404964447]
[1.0, 0.5505926609039307, 0.44940730929374695]
[1.0, 0.5505600571632385, 0.4494399428367615]
[1.0, 0.5506637692451477, 0.4493362307548523]
[1.0, 0.5506536364555359, 0.4493463635444641]
[1.0, 0.5506784915924072, 0.4493215084075928]
[1.0, 0.5503926873207092, 0.44960731267929077]
[1.0, 0.550675630569458, 0.4493243992328644]
[1.0, 0.5507836937904358, 0.4492163062095642]
[1.0, 0.5511058568954468, 0.44889411330223083]
[0.0, 0.5512358546257019, 0.4487641453742981]
[0.0, 0.5512729287147522, 0.4487270712852478]
[0.0, 0.5514899492263794, 0.448510080575943]
[0.0, 0.5514727830886841, 0.4485272169113159]
[0.0, 0.551302969455719, 0.448697030544281]
[0.0, 0.5511565208435059, 0.44884347915649414]
[0.0, 0.5512218475341797, 0.4487781524658203]
[0.0, 0.5513520240783691, 0.44864797592163086]
[1.0, 0.5511277914047241, 0.4488722085952759]
[0.0, 0.5512643456459045, 0.44873565435409546]
[0.0, 0.5513714551925659, 0.44862857460975647]
[0.0, 0.5512354373931885, 0.44876453280448914]
[0.0, 0.5513676404953003, 0.4486323893070221]
[0.0, 0.5512858629226685, 0.44871410727500916]
[0.0, 0.5513259768486023, 0.4486740231513977]
[0.0, 0.5513197779655457, 0.44868022203445435]
[0.0, 0.5512039661407471, 0.4487960636615753]
[0.0, 0.5511837005615234, 0.44881629943847656]
[0.0, 0.5511832237243652, 0.44881677627563477]
[0.0, 0.5512173175811768, 0.44878268241882324]
[0.0, 0.5512466430664062, 0.44875332713127136]
[0.0, 0.5512200593948364, 0.44877997040748596]
[1.0, 0.5511397123336792, 0.4488602876663208]
[0.0, 0.5513446927070618, 0.44865530729293823]
[0.0, 0.5513057708740234, 0.4486941993236542]
[0.0, 0.5511805415153503, 0.44881945848464966]
[0.0, 0.5512759685516357, 0.44872406125068665]
[0.0, 0.5511524081230164, 0.44884759187698364]
[0.0, 0.5511868000030518, 0.44881317019462585]
[0.0, 0.5512481927871704, 0.448751837015152]
[0.0, 0.5512223243713379, 0.4487776756286621]
[1.0, 0.5509817600250244, 0.449018269777298]
[1.0, 0.550933837890625, 0.449066162109375]
[1.0, 0.5509510636329651, 0.4490489363670349]
[1.0, 0.5509188771247864, 0.4490811228752136]
[1.0, 0.5509300231933594, 0.449070006608963]
[1.0, 0.5509289503097534, 0.44907107949256897]
[1.0, 0.5508748292922974, 0.449125200510025]
[1.0, 0.5508835315704346, 0.44911646842956543]
[1.0, 0.5509634017944336, 0.4490365982055664]
[1.0, 0.550996720790863, 0.44900327920913696]
[1.0, 0.5509276390075684, 0.44907233119010925]
[1.0, 0.5510450601577759, 0.4489549398422241]
[1.0, 0.5510756373405457, 0.44892436265945435]
[1.0, 0.5509859323501587, 0.4490140378475189]
[1.0, 0.5509245991706848, 0.4490754008293152]
[1.0, 0.5508888363838196, 0.4491111636161804]
[1.0, 0.5509186387062073, 0.4490813612937927]
[1.0, 0.5508818626403809, 0.44911810755729675]
[1.0, 0.5509558916091919, 0.4490441381931305]
[1.0, 0.5509877800941467, 0.44901221990585327]
[1.0, 0.5510919690132141, 0.4489080309867859]
[1.0, 0.5510634183883667, 0.4489365816116333]
[1.0, 0.5510097742080688, 0.44899025559425354]
[1.0, 0.5510704517364502, 0.4489295482635498]
[1.0, 0.5511384010314941, 0.44886162877082825]
[1.0, 0.5510399341583252, 0.4489600360393524]
[1.0, 0.5510581731796265, 0.44894182682037354]
[1.0, 0.5509619116783142, 0.4490380883216858]
[1.0, 0.5509941577911377, 0.4490058720111847]
[1.0, 0.5509556531906128, 0.4490443468093872]
[1.0, 0.550952672958374, 0.449047327041626]
[1.0, 0.5509241223335266, 0.4490758776664734]
[1.0, 0.5510841608047485, 0.4489158093929291]
[0.0, 0.5518823266029358, 0.4481176733970642]
[0.0, 0.5516678690910339, 0.44833213090896606]
[0.0, 0.5514757037162781, 0.4485242962837219]
[0.0, 0.5512418746948242, 0.4487580955028534]
[1.0, 0.5511209964752197, 0.4488790035247803]
[1.0, 0.5510363578796387, 0.4489636719226837]
[1.0, 0.5508805513381958, 0.4491194784641266]
[1.0, 0.5507100224494934, 0.4492899775505066]
[1.0, 0.5507616400718689, 0.4492383599281311]
