[0.0, 0.6040891408920288, 0.3959108293056488]
[0.0, 0.6040891408920288, 0.3959108293056488]
[0.0, 0.6040891408920288, 0.3959108293056488]
[0.0, 0.6040891408920288, 0.3959108293056488]
java.lang.ArrayIndexOutOfBoundsException
java.lang.ArrayIndexOutOfBoundsException
java.lang.ArrayIndexOutOfBoundsException
java.lang.ArrayIndexOutOfBoundsException
java.lang.ArrayIndexOutOfBoundsException
java.lang.ArrayIndexOutOfBoundsException
java.lang.ArrayIndexOutOfBoundsException
java.lang.ArrayIndexOutOfBoundsException
java.lang.ArrayIndexOutOfBoundsException
java.lang.ArrayIndexOutOfBoundsException
java.lang.ArrayIndexOutOfBoundsException
java.lang.ArrayIndexOutOfBoundsException
java.lang.ArrayIndexOutOfBoundsException
java.lang.ArrayIndexOutOfBoundsException
[0.0, 0.9921613335609436, 0.007838670164346695]
[0.0, 0.9921613335609436, 0.007838670164346695]
[0.0, 0.9921613335609436, 0.007838670164346695]
[0.0, 0.9921613335609436, 0.007838670164346695]
[0.0, 0.9921613335609436, 0.007838670164346695]
[0.0, 0.9921613335609436, 0.007838670164346695]
[0.0, 0.9921613335609436, 0.007838670164346695]
[0.0, 0.9921613335609436, 0.007838670164346695]
[0.0, 0.9921613335609436, 0.007838670164346695]
[0.0, 0.9921613335609436, 0.007838670164346695]
[0.0, 0.9921613335609436, 0.007838670164346695]
[0.0, 0.9921613335609436, 0.007838670164346695]
[0.0, 0.9921613335609436, 0.007838670164346695]
[0.0, 0.9921613335609436, 0.007838670164346695]
[0.0, 0.9921613335609436, 0.007838670164346695]
[0.0, 0.9921613335609436, 0.007838670164346695]
[0.0, 0.9921613335609436, 0.007838670164346695]
[0.0, 0.9921613335609436, 0.007838670164346695]
[0.0, 0.9921613335609436, 0.007838670164346695]
[0.0, 0.9921613335609436, 0.007838670164346695]
java.lang.ArrayIndexOutOfBoundsException
