[96.05285549163818, 0.0]
[10.870952367782593, 0.0]
[10.870952367782593, 0.0]
[2.3509523677825928, 0.0]
java.lang.ArrayIndexOutOfBoundsException
java.lang.ArrayIndexOutOfBoundsException
[-0.2761904788017273, 0.0]
[-0.2761904788017273, 0.0]
[-0.2761904788017273, 0.0]
[-0.2761904788017273, 0.0]
[-0.2761904788017273, 0.0]
[-0.2761904788017273, 0.0]
[-0.2761904788017273, 0.0]
[-0.2761904788017273, 0.0]
[-0.2761904788017273, 0.0]
[-0.2761904788017273, 0.0]
[-0.2761904788017273, 0.0]
[-0.2761904788017273, 0.0]
[-0.2761904788017273, 0.0]
[-0.2761904788017273, 0.0]
[-0.2761904788017273, 0.0]
[-0.2761904788017273, 0.0]
[-0.2761904788017273, 0.0]
[-0.2761904788017273, 0.0]
[-0.2761904788017273, 0.0]
[-0.2761904788017273, 0.0]
[10.870952367782593]
