[0.0, 0.9960330060852108, 0.0, 0.0039669939147891995]
[0.0, 0.9960330060852108, 0.0, 0.0039669939147891995]
[0.0, 0.9960330060852108, 0.0, 0.0039669939147891995]
[0.0, 0.9960330060852108, 0.0, 0.0039669939147891995]
[0.0, 0.9960330060852108, 0.0, 0.0039669939147891995]
[0.0, 0.9960330060852108, 0.0, 0.0039669939147891995]
[0.0, 0.9960330060852108, 0.0, 0.0039669939147891995]
[0.0, 0.9960330060852108, 0.0, 0.0039669939147891995]
[0.0, 0.9960330060852108, 0.0, 0.0039669939147891995]
[0.0, 0.9960330060852108, 0.0, 0.0039669939147891995]
[0.0, 0.9960330060852108, 0.0, 0.0039669939147891995]
[0.0, 0.9960330060852108, 0.0, 0.0039669939147891995]
[0.0, 0.9960330060852108, 0.0, 0.0039669939147891995]
[0.0, 0.9960330060852108, 0.0, 0.0039669939147891995]
[0.0, 0.9960330060852108, 0.0, 0.0039669939147891995]
[0.0, 0.9960330060852108, 0.0, 0.0039669939147891995]
[0.0, 0.9960330060852108, 0.0, 0.0039669939147891995]
[0.0, 0.9960330060852108, 0.0, 0.0039669939147891995]
[0.0, 0.9960330060852108, 0.0, 0.0039669939147891995]
[0.0, 0.9960330060852108, 0.0, 0.0039669939147891995]
[0.0, 0.9960330060852108, 0.0, 0.0039669939147891995]
[0.0, 0.9960330060852108, 0.0, 0.0039669939147891995]
[0.0, 0.9960330060852108, 0.0, 0.0039669939147891995]
[0.0, 0.9960330060852108, 0.0, 0.0039669939147891995]
[0.0, 0.9960330060852108, 0.0, 0.0039669939147891995]
[0.0, 0.9960330060852108, 0.0, 0.0039669939147891995]
[0.0, 0.9960330060852108, 0.0, 0.0039669939147891995]
[0.0, 0.9960330060852108, 0.0, 0.0039669939147891995]
[0.0, 0.9960330060852108, 0.0, 0.0039669939147891995]
[0.0, 0.9960330060852108, 0.0, 0.0039669939147891995]
[0.0, 0.9960330060852108, 0.0, 0.0039669939147891995]
[0.0, 0.9960330060852108, 0.0, 0.0039669939147891995]
[0.0, 0.9960330060852108, 0.0, 0.0039669939147891995]
[0.0, 0.9960330060852108, 0.0, 0.0039669939147891995]
[0.0, 0.9960330060852108, 0.0, 0.0039669939147891995]
[0.0, 0.9960330060852108, 0.0, 0.0039669939147891995]
[0.0, 0.9960330060852108, 0.0, 0.0039669939147891995]
[0.0, 0.9960330060852108, 0.0, 0.0039669939147891995]
[0.0, 0.9960330060852108, 0.0, 0.0039669939147891995]
[0.0, 0.9960330060852108, 0.0, 0.0039669939147891995]
[0.0, 0.9960330060852108, 0.0, 0.0039669939147891995]
[0.0, 0.9960330060852108, 0.0, 0.0039669939147891995]
[0.0, 0.9960330060852108, 0.0, 0.0039669939147891995]
[0.0, 0.9960330060852108, 0.0, 0.0039669939147891995]
[0.0, 0.9960330060852108, 0.0, 0.0039669939147891995]
[0.0, 0.9960330060852108, 0.0, 0.0039669939147891995]
[0.0, 0.9960330060852108, 0.0, 0.0039669939147891995]
[0.0, 0.9960330060852108, 0.0, 0.0039669939147891995]
[0.0, 0.9960330060852108, 0.0, 0.0039669939147891995]
[0.0, 0.9960330060852108, 0.0, 0.0039669939147891995]
[1.0, 0.0, 0.9960330060852108, 0.0039669939147891995]
[1.0, 0.0, 0.9960330060852108, 0.0039669939147891995]
[1.0, 0.0, 0.9973361746994306, 0.002663825300569421]
[1.0, 0.0, 0.9960330060852108, 0.0039669939147891995]
[1.0, 0.0, 0.9960330060852108, 0.0039669939147891995]
[1.0, 0.0, 0.9960330060852108, 0.0039669939147891995]
[1.0, 0.0, 0.9960330060852108, 0.0039669939147891995]
[1.0, 0.0, 0.9960330060852108, 0.0039669939147891995]
[1.0, 0.0, 0.9960330060852108, 0.0039669939147891995]
[1.0, 0.0, 0.9960330060852108, 0.0039669939147891995]
[1.0, 0.0, 0.9960330060852108, 0.0039669939147891995]
[1.0, 0.0, 0.9960330060852108, 0.0039669939147891995]
[1.0, 0.0, 0.9960330060852108, 0.0039669939147891995]
[1.0, 0.0, 0.9960330060852108, 0.0039669939147891995]
[1.0, 0.0, 0.9960330060852108, 0.0039669939147891995]
[1.0, 0.0, 0.9960330060852108, 0.0039669939147891995]
[1.0, 0.0, 0.9960330060852108, 0.0039669939147891995]
[1.0, 0.0, 0.9960330060852108, 0.0039669939147891995]
[1.0, 0.0, 0.9958250886080159, 0.004174911391984064]
[1.0, 0.0, 0.9960330060852108, 0.0039669939147891995]
[2.0, 0.0, 0.48117154691715236, 0.5188284530828476]
[1.0, 0.0, 0.9960330060852108, 0.0039669939147891995]
[1.0, 0.0, 0.879864636165445, 0.120135363834555]
[1.0, 0.0, 0.9960330060852108, 0.0039669939147891995]
[1.0, 0.0, 0.9960330060852108, 0.0039669939147891995]
[1.0, 0.0, 0.9960330060852108, 0.0039669939147891995]
[1.0, 0.0, 0.9974760221659862, 0.002523977834013784]
[1.0, 0.0, 0.7375886524547578, 0.2624113475452422]
[1.0, 0.0, 0.9960330060852108, 0.0039669939147891995]
[1.0, 0.0, 0.9960330060852108, 0.0039669939147891995]
[1.0, 0.0, 0.9960330060852108, 0.0039669939147891995]
[1.0, 0.0, 0.9960330060852108, 0.0039669939147891995]
[1.0, 0.0, 0.9960330060852108, 0.0039669939147891995]
[1.0, 0.0, 0.7256868730637237, 0.27431312693627624]
[1.0, 0.04980165030426054, 0.9462313557809503, 0.0039669939147891995]
[1.0, 0.0, 0.9960330060852108, 0.0039669939147891995]
[1.0, 0.0, 0.9960330060852108, 0.0039669939147891995]
[1.0, 0.0, 0.9960330060852108, 0.0039669939147891995]
[1.0, 0.0, 0.9960330060852108, 0.0039669939147891995]
[1.0, 0.0, 0.9960330060852108, 0.0039669939147891995]
[1.0, 0.0, 0.9960330060852108, 0.0039669939147891995]
[1.0, 0.0, 0.9960330060852108, 0.0039669939147891995]
[1.0, 0.0, 0.9960330060852108, 0.0039669939147891995]
[1.0, 0.0, 0.9960330060852108, 0.0039669939147891995]
[1.0, 0.0, 0.9960330060852108, 0.0039669939147891995]
[1.0, 0.0, 0.9960330060852108, 0.0039669939147891995]
[1.0, 0.0, 0.9960330060852108, 0.0039669939147891995]
[1.0, 0.0, 0.9960330060852108, 0.0039669939147891995]
[1.0, 0.0, 0.9960330060852108, 0.0039669939147891995]
[1.0, 0.0, 0.9960330060852108, 0.0039669939147891995]
[2.0, 0.0, 0.0, 1.0]
[2.0, 0.0, 0.0, 1.0]
[2.0, 0.0, 0.0, 1.0]
[2.0, 0.0, 0.0, 1.0]
[2.0, 0.0, 0.0, 1.0]
[2.0, 0.0, 0.0, 1.0]
[2.0, 0.0, 0.41929477415074357, 0.5807052258492564]
[2.0, 0.0, 0.0, 1.0]
[2.0, 0.0, 0.0, 1.0]
[2.0, 0.0, 0.0, 1.0]
[2.0, 0.0, 0.0, 1.0]
[2.0, 0.0, 0.0, 1.0]
[2.0, 0.0, 0.0, 1.0]
[2.0, 0.0, 0.0, 1.0]
[2.0, 0.0, 0.0, 1.0]
[2.0, 0.0, 0.0, 1.0]
[2.0, 0.0, 0.0, 1.0]
[2.0, 0.0, 0.0, 1.0]
[2.0, 0.0, 0.0, 1.0]
[2.0, 0.0, 0.31748800696537915, 0.6825119930346208]
[2.0, 0.0, 0.0, 1.0]
[2.0, 0.0, 0.0, 1.0]
[2.0, 0.0, 0.0, 1.0]
[2.0, 0.0, 0.09181636704699872, 0.9081836329530013]
[2.0, 0.0, 0.0, 1.0]
[2.0, 0.0, 0.0, 1.0]
[2.0, 0.0, 0.13167938901340828, 0.8683206109865917]
[2.0, 0.0, 0.05054945041701178, 0.9494505495829882]
[2.0, 0.0, 0.0, 1.0]
[2.0, 0.0, 0.29928057552673487, 0.7007194244732651]
[2.0, 0.0, 0.0, 1.0]
[2.0, 0.0, 0.0, 1.0]
[2.0, 0.0, 0.0, 1.0]
[2.0, 0.0, 0.34916067144785734, 0.6508393285521427]
[2.0, 0.0, 0.2494004796056124, 0.7505995203943876]
[2.0, 0.0, 0.0, 1.0]
[2.0, 0.0, 0.0, 1.0]
[2.0, 0.0, 0.0, 1.0]
[2.0, 0.0, 0.2754491011409962, 0.7245508988590038]
[2.0, 0.0, 0.0, 1.0]
[2.0, 0.0, 0.0, 1.0]
[2.0, 0.0, 0.048117154691715236, 0.9518828453082848]
[2.0, 0.0, 0.0, 1.0]
[2.0, 0.0, 0.0, 1.0]
[2.0, 0.0, 0.0, 1.0]
[2.0, 0.0, 0.0, 1.0]
[2.0, 0.0, 0.0, 1.0]
[2.0, 0.0, 0.0, 1.0]
[2.0, 0.0, 0.048117154691715236, 0.9518828453082848]
[2.0, 0.0, 0.05054945041701178, 0.9494505495829882]
