[1.0, 0.53322849115615, 0.46677150884384994]
[0.0, 0.989949565201511, 0.010050434798489088]
[0.0, 0.989949565201511, 0.010050434798489088]
[0.0, 0.989949565201511, 0.010050434798489088]
java.lang.ArrayIndexOutOfBoundsException
java.lang.ArrayIndexOutOfBoundsException
java.lang.ArrayIndexOutOfBoundsException
[0.0, 0.725642581378183, 0.27435741862181706]
[0.0, 0.725642581378183, 0.27435741862181706]
[0.0, 0.725642581378183, 0.27435741862181706]
[0.0, 0.725642581378183, 0.27435741862181706]
[0.0, 0.725642581378183, 0.27435741862181706]
[0.0, 0.725642581378183, 0.27435741862181706]
[0.0, 0.725642581378183, 0.27435741862181706]
[0.0, 0.725642581378183, 0.27435741862181706]
[0.0, 0.725642581378183, 0.27435741862181706]
[0.0, 0.725642581378183, 0.27435741862181706]
[0.0, 0.725642581378183, 0.27435741862181706]
[0.0, 0.725642581378183, 0.27435741862181706]
[0.0, 0.725642581378183, 0.27435741862181706]
[0.0, 0.725642581378183, 0.27435741862181706]
[0.0, 0.725642581378183, 0.27435741862181706]
[0.0, 0.725642581378183, 0.27435741862181706]
[0.0, 0.725642581378183, 0.27435741862181706]
[0.0, 0.725642581378183, 0.27435741862181706]
[0.0, 0.725642581378183, 0.27435741862181706]
[0.0, 0.725642581378183, 0.27435741862181706]
java.lang.ArrayIndexOutOfBoundsException
