[0.0, 0.9996291050525123, 1.9517386870916792E-4, 1.6925564428605646E-4, 2.4941027047858048E-6, 1.94480126922353E-6, 8.399425259220057E-7, 2.8421177578664374E-7, 9.023762166266284E-7]
[1.0, 0.09607715989608116, 0.8450334120917031, 0.05822720586103037, 4.3764497799570677E-4, 8.277590001479859E-5, 8.461385937693489E-5, 2.852084257340403E-5, 2.8666571224779276E-5]
[1.0, 0.1313640036171727, 0.8461641552920699, 0.022136394339156956, 2.384241958594499E-4, 3.5857645738764386E-5, 3.6699362862823226E-5, 1.2277544875894215E-5, 1.2188002263536637E-5]
[1.0, 0.009477591391735658, 0.9103399199363625, 0.08015514184753186, 1.4836285366865016E-5, 4.632242393910521E-6, 4.677836123181767E-6, 1.592735652040552E-6, 1.6077248340556411E-6]
java.lang.ArrayIndexOutOfBoundsException
java.lang.ArrayIndexOutOfBoundsException
java.lang.ArrayIndexOutOfBoundsException
java.lang.ArrayIndexOutOfBoundsException
java.lang.ArrayIndexOutOfBoundsException
java.lang.ArrayIndexOutOfBoundsException
java.lang.ArrayIndexOutOfBoundsException
java.lang.ArrayIndexOutOfBoundsException
java.lang.ArrayIndexOutOfBoundsException
[2.0, 0.10457652336204687, 0.012428667093047326, 0.8828947334906752, 5.798935085418567E-5, 1.604870742530285E-5, 1.5998413208550318E-5, 5.175038183846026E-6, 4.864544558893717E-6]
[2.0, 0.10457652336204687, 0.012428667093047326, 0.8828947334906752, 5.798935085418567E-5, 1.604870742530285E-5, 1.5998413208550318E-5, 5.175038183846026E-6, 4.864544558893717E-6]
[2.0, 0.10457652336204687, 0.012428667093047326, 0.8828947334906752, 5.798935085418567E-5, 1.604870742530285E-5, 1.5998413208550318E-5, 5.175038183846026E-6, 4.864544558893717E-6]
[2.0, 0.10457652336204687, 0.012428667093047326, 0.8828947334906752, 5.798935085418567E-5, 1.604870742530285E-5, 1.5998413208550318E-5, 5.175038183846026E-6, 4.864544558893717E-6]
[2.0, 0.10457652336204687, 0.012428667093047326, 0.8828947334906752, 5.798935085418567E-5, 1.604870742530285E-5, 1.5998413208550318E-5, 5.175038183846026E-6, 4.864544558893717E-6]
[2.0, 0.10457652336204687, 0.012428667093047326, 0.8828947334906752, 5.798935085418567E-5, 1.604870742530285E-5, 1.5998413208550318E-5, 5.175038183846026E-6, 4.864544558893717E-6]
[2.0, 0.10457652336204687, 0.012428667093047326, 0.8828947334906752, 5.798935085418567E-5, 1.604870742530285E-5, 1.5998413208550318E-5, 5.175038183846026E-6, 4.864544558893717E-6]
[2.0, 0.10457652336204687, 0.012428667093047326, 0.8828947334906752, 5.798935085418567E-5, 1.604870742530285E-5, 1.5998413208550318E-5, 5.175038183846026E-6, 4.864544558893717E-6]
[2.0, 0.10457652336204687, 0.012428667093047326, 0.8828947334906752, 5.798935085418567E-5, 1.604870742530285E-5, 1.5998413208550318E-5, 5.175038183846026E-6, 4.864544558893717E-6]
[2.0, 0.10457652336204687, 0.012428667093047326, 0.8828947334906752, 5.798935085418567E-5, 1.604870742530285E-5, 1.5998413208550318E-5, 5.175038183846026E-6, 4.864544558893717E-6]
[2.0, 0.10457652336204687, 0.012428667093047326, 0.8828947334906752, 5.798935085418567E-5, 1.604870742530285E-5, 1.5998413208550318E-5, 5.175038183846026E-6, 4.864544558893717E-6]
[2.0, 0.10457652336204687, 0.012428667093047326, 0.8828947334906752, 5.798935085418567E-5, 1.604870742530285E-5, 1.5998413208550318E-5, 5.175038183846026E-6, 4.864544558893717E-6]
[2.0, 0.10457652336204687, 0.012428667093047326, 0.8828947334906752, 5.798935085418567E-5, 1.604870742530285E-5, 1.5998413208550318E-5, 5.175038183846026E-6, 4.864544558893717E-6]
[2.0, 0.10457652336204687, 0.012428667093047326, 0.8828947334906752, 5.798935085418567E-5, 1.604870742530285E-5, 1.5998413208550318E-5, 5.175038183846026E-6, 4.864544558893717E-6]
[2.0, 0.10457652336204687, 0.012428667093047326, 0.8828947334906752, 5.798935085418567E-5, 1.604870742530285E-5, 1.5998413208550318E-5, 5.175038183846026E-6, 4.864544558893717E-6]
[2.0, 0.10457652336204687, 0.012428667093047326, 0.8828947334906752, 5.798935085418567E-5, 1.604870742530285E-5, 1.5998413208550318E-5, 5.175038183846026E-6, 4.864544558893717E-6]
[2.0, 0.10457652336204687, 0.012428667093047326, 0.8828947334906752, 5.798935085418567E-5, 1.604870742530285E-5, 1.5998413208550318E-5, 5.175038183846026E-6, 4.864544558893717E-6]
[2.0, 0.10457652336204687, 0.012428667093047326, 0.8828947334906752, 5.798935085418567E-5, 1.604870742530285E-5, 1.5998413208550318E-5, 5.175038183846026E-6, 4.864544558893717E-6]
[2.0, 0.10457652336204687, 0.012428667093047326, 0.8828947334906752, 5.798935085418567E-5, 1.604870742530285E-5, 1.5998413208550318E-5, 5.175038183846026E-6, 4.864544558893717E-6]
[2.0, 0.10457652336204687, 0.012428667093047326, 0.8828947334906752, 5.798935085418567E-5, 1.604870742530285E-5, 1.5998413208550318E-5, 5.175038183846026E-6, 4.864544558893717E-6]
java.lang.ArrayIndexOutOfBoundsException
