[0.0, 0.9952726879456159, 9.638524806298087E-4, 0.002695100759432903, 1.8325626955719167E-4, 3.0225627276334694E-4, 1.6878729128599573E-4, 1.6495036837034803E-4, 2.491086123448336E-4]
[1.0, 0.29905526735674165, 0.44855576370145983, 0.23802902556277591, 0.003690738785352645, 0.0037654645664053875, 0.0023025031579766006, 0.002301707664360421, 0.0022995292049274724]
java.lang.IndexOutOfBoundsException: idx < 0: -2
[1.0, 0.010733291532135867, 0.9646966267837641, 0.02154206376451947, 9.192851263029346E-4, 5.913433814092661E-4, 5.039970807281064E-4, 5.058602035453072E-4, 5.07532127594951E-4]
java.lang.ArrayIndexOutOfBoundsException
java.lang.ArrayIndexOutOfBoundsException
java.lang.ArrayIndexOutOfBoundsException
java.lang.ArrayIndexOutOfBoundsException
java.lang.ArrayIndexOutOfBoundsException
java.lang.ArrayIndexOutOfBoundsException
java.lang.ArrayIndexOutOfBoundsException
java.lang.ArrayIndexOutOfBoundsException
java.lang.ArrayIndexOutOfBoundsException
[2.0, 0.002457978111282583, 0.011957588444491232, 0.9158552074571967, 8.049526273224041E-4, 3.793364439049102E-4, 0.06783439132406509, 3.1260292334347025E-4, 3.979426683935051E-4]
[2.0, 0.002457978111282583, 0.011957588444491232, 0.9158552074571967, 8.049526273224041E-4, 3.793364439049102E-4, 0.06783439132406509, 3.1260292334347025E-4, 3.979426683935051E-4]
[2.0, 0.002457978111282583, 0.011957588444491232, 0.9158552074571967, 8.049526273224041E-4, 3.793364439049102E-4, 0.06783439132406509, 3.1260292334347025E-4, 3.979426683935051E-4]
[2.0, 0.002457978111282583, 0.011957588444491232, 0.9158552074571967, 8.049526273224041E-4, 3.793364439049102E-4, 0.06783439132406509, 3.1260292334347025E-4, 3.979426683935051E-4]
[2.0, 0.002457978111282583, 0.011957588444491232, 0.9158552074571967, 8.049526273224041E-4, 3.793364439049102E-4, 0.06783439132406509, 3.1260292334347025E-4, 3.979426683935051E-4]
[2.0, 0.002457978111282583, 0.011957588444491232, 0.9158552074571967, 8.049526273224041E-4, 3.793364439049102E-4, 0.06783439132406509, 3.1260292334347025E-4, 3.979426683935051E-4]
[2.0, 0.002457978111282583, 0.011957588444491232, 0.9158552074571967, 8.049526273224041E-4, 3.793364439049102E-4, 0.06783439132406509, 3.1260292334347025E-4, 3.979426683935051E-4]
[2.0, 0.002457978111282583, 0.011957588444491232, 0.9158552074571967, 8.049526273224041E-4, 3.793364439049102E-4, 0.06783439132406509, 3.1260292334347025E-4, 3.979426683935051E-4]
[2.0, 0.002457978111282583, 0.011957588444491232, 0.9158552074571967, 8.049526273224041E-4, 3.793364439049102E-4, 0.06783439132406509, 3.1260292334347025E-4, 3.979426683935051E-4]
[2.0, 0.002457978111282583, 0.011957588444491232, 0.9158552074571967, 8.049526273224041E-4, 3.793364439049102E-4, 0.06783439132406509, 3.1260292334347025E-4, 3.979426683935051E-4]
[2.0, 0.002457978111282583, 0.011957588444491232, 0.9158552074571967, 8.049526273224041E-4, 3.793364439049102E-4, 0.06783439132406509, 3.1260292334347025E-4, 3.979426683935051E-4]
[2.0, 0.002457978111282583, 0.011957588444491232, 0.9158552074571967, 8.049526273224041E-4, 3.793364439049102E-4, 0.06783439132406509, 3.1260292334347025E-4, 3.979426683935051E-4]
[2.0, 0.002457978111282583, 0.011957588444491232, 0.9158552074571967, 8.049526273224041E-4, 3.793364439049102E-4, 0.06783439132406509, 3.1260292334347025E-4, 3.979426683935051E-4]
[2.0, 0.002457978111282583, 0.011957588444491232, 0.9158552074571967, 8.049526273224041E-4, 3.793364439049102E-4, 0.06783439132406509, 3.1260292334347025E-4, 3.979426683935051E-4]
[2.0, 0.002457978111282583, 0.011957588444491232, 0.9158552074571967, 8.049526273224041E-4, 3.793364439049102E-4, 0.06783439132406509, 3.1260292334347025E-4, 3.979426683935051E-4]
[2.0, 0.002457978111282583, 0.011957588444491232, 0.9158552074571967, 8.049526273224041E-4, 3.793364439049102E-4, 0.06783439132406509, 3.1260292334347025E-4, 3.979426683935051E-4]
[2.0, 0.002457978111282583, 0.011957588444491232, 0.9158552074571967, 8.049526273224041E-4, 3.793364439049102E-4, 0.06783439132406509, 3.1260292334347025E-4, 3.979426683935051E-4]
[2.0, 0.002457978111282583, 0.011957588444491232, 0.9158552074571967, 8.049526273224041E-4, 3.793364439049102E-4, 0.06783439132406509, 3.1260292334347025E-4, 3.979426683935051E-4]
[2.0, 0.002457978111282583, 0.011957588444491232, 0.9158552074571967, 8.049526273224041E-4, 3.793364439049102E-4, 0.06783439132406509, 3.1260292334347025E-4, 3.979426683935051E-4]
[2.0, 0.002457978111282583, 0.011957588444491232, 0.9158552074571967, 8.049526273224041E-4, 3.793364439049102E-4, 0.06783439132406509, 3.1260292334347025E-4, 3.979426683935051E-4]
java.lang.ArrayIndexOutOfBoundsException
