[0.0, 0.8115108529676195, 0.18848914703238057]
[0.0, 0.9816843424913924, 0.018315657508607558]
[0.0, 0.9816843424913924, 0.018315657508607558]
[0.0, 0.9816843424913924, 0.018315657508607558]
java.lang.ArrayIndexOutOfBoundsException
java.lang.ArrayIndexOutOfBoundsException
java.lang.ArrayIndexOutOfBoundsException
[0.0, 0.8901603353070322, 0.1098396646929679]
[0.0, 0.8901603353070322, 0.1098396646929679]
[0.0, 0.8901603353070322, 0.1098396646929679]
[0.0, 0.8901603353070322, 0.1098396646929679]
[0.0, 0.8901603353070322, 0.1098396646929679]
[0.0, 0.8901603353070322, 0.1098396646929679]
[0.0, 0.8901603353070322, 0.1098396646929679]
[0.0, 0.8901603353070322, 0.1098396646929679]
[0.0, 0.8901603353070322, 0.1098396646929679]
[0.0, 0.8901603353070322, 0.1098396646929679]
[0.0, 0.8901603353070322, 0.1098396646929679]
[0.0, 0.8901603353070322, 0.1098396646929679]
[0.0, 0.8901603353070322, 0.1098396646929679]
[0.0, 0.8901603353070322, 0.1098396646929679]
[0.0, 0.8901603353070322, 0.1098396646929679]
[0.0, 0.8901603353070322, 0.1098396646929679]
[0.0, 0.8901603353070322, 0.1098396646929679]
[0.0, 0.8901603353070322, 0.1098396646929679]
[0.0, 0.8901603353070322, 0.1098396646929679]
[0.0, 0.8901603353070322, 0.1098396646929679]
java.lang.ArrayIndexOutOfBoundsException
