[19.04244613647461, 0.0]
[8.101279258728027, 0.0]
[9.236491203308105, 0.0]
[6.179225444793701, 0.0]
[6.379199504852295, 0.0]
[12.385947227478027, 0.0]
[7.807845115661621, 0.0]
[12.562081336975098, 0.0]
[18.322715759277344, 0.0]
[3.8153414726257324, 0.0]
[11.847758293151855, 0.0]
[12.385947227478027, 0.0]
[10.958571434020996, 0.0]
[10.244248390197754, 0.0]
[19.04244613647461, 0.0]
[12.562081336975098, 0.0]
[7.093522071838379, 0.0]
[8.990466117858887, 0.0]
[12.562081336975098, 0.0]
[10.244248390197754, 0.0]
[9.704789161682129, 0.0]
[19.04244613647461, 0.0]
[10.419112205505371, 0.0]
[10.66513729095459, 0.0]
[7.386956214904785, 0.0]
[9.950814247131348, 0.0]
[8.81560230255127, 0.0]
[10.465163230895996, 0.0]
[9.036517143249512, 0.0]
[10.66513729095459, 0.0]
[11.133435249328613, 0.0]
[10.958571434020996, 0.0]
[9.236491203308105, 0.0]
[8.522168159484863, 0.0]
[7.5618205070495605, 0.0]
[10.66513729095459, 0.0]
[18.322715759277344, 0.0]
[12.385947227478027, 0.0]
[8.32219409942627, 0.0]
[10.958571434020996, 0.0]
