[22.034432819485666, 0.0]
[18.651808420568706, 0.0]
[18.651808420568706, 0.0]
[3.684459364879876, 0.0]
java.lang.ArrayIndexOutOfBoundsException
java.lang.ArrayIndexOutOfBoundsException
[7.955171609960962, 0.0]
[7.955171609960962, 0.0]
[7.955171609960962, 0.0]
[7.955171609960962, 0.0]
[7.955171609960962, 0.0]
[7.955171609960962, 0.0]
[7.955171609960962, 0.0]
[7.955171609960962, 0.0]
[7.955171609960962, 0.0]
[7.955171609960962, 0.0]
[7.955171609960962, 0.0]
[7.955171609960962, 0.0]
[7.955171609960962, 0.0]
[7.955171609960962, 0.0]
[7.955171609960962, 0.0]
[7.955171609960962, 0.0]
[7.955171609960962, 0.0]
[7.955171609960962, 0.0]
[7.955171609960962, 0.0]
[7.955171609960962, 0.0]
[18.651808420568706]
