[96.81999847412109, 0.0]
[0.685, 0.0]
[1.90538095921278, 0.0]
[2.6866666674613953, 0.0]
[7.777380965650082, 0.0]
[0.7466666412353515, 0.0]
[7.13038096755743, 0.0]
[15.721523752212525, 0.0]
[3.7133333325386046, 0.0]
[1.28, 0.0]
[1.8798095035552977, 0.0]
[0.7466666412353515, 0.0]
[2.9967142951488497, 0.0]
[0.065, 0.0]
[96.81999847412109, 0.0]
[15.721523752212525, 0.0]
[7.987380965650082, 0.0]
[9.62580948829651, 0.0]
[15.721523752212525, 0.0]
[0.065, 0.0]
[7.812476167678833, 0.0]
[97.74666511535645, 0.0]
[3.19314284324646, 0.0]
[-3.102571418583393, 0.0]
[1.7816666650772095, 0.0]
[1.64538095921278, 0.0]
[0.065, 0.0]
[0.45333333253860475, 0.0]
[0.37333333253860473, 0.0]
[-3.102571418583393, 0.0]
[1.9198095035552978, 0.0]
[2.9967142951488497, 0.0]
[1.90538095921278, 0.0]
[3.7287142893671987, 0.0]
[10.072476167678833, 0.0]
[-3.102571418583393, 0.0]
[3.7133333325386046, 0.0]
[0.7466666412353515, 0.0]
[0.8466666674613953, 0.0]
[2.9967142951488497, 0.0]
