[96.81999847412109, 0.0]
[6.329809474945068, 0.0]
[6.7298094749450685, 0.0]
[1.8798095035552977, 0.0]
java.lang.ArrayIndexOutOfBoundsException
java.lang.ArrayIndexOutOfBoundsException
[56.552665357589724, 0.0]
[56.552665357589724, 0.0]
[56.552665357589724, 0.0]
[56.552665357589724, 0.0]
[56.552665357589724, 0.0]
[56.552665357589724, 0.0]
[56.552665357589724, 0.0]
[56.552665357589724, 0.0]
[56.552665357589724, 0.0]
[56.552665357589724, 0.0]
[56.552665357589724, 0.0]
[56.552665357589724, 0.0]
[56.552665357589724, 0.0]
[56.552665357589724, 0.0]
[56.552665357589724, 0.0]
[56.552665357589724, 0.0]
[56.552665357589724, 0.0]
[56.552665357589724, 0.0]
[56.552665357589724, 0.0]
[56.552665357589724, 0.0]
[6.329809474945068]
