[0.0, 0.902029361128807, 0.09797063887119295]
[0.0, 0.8618206563591957, 0.1381793436408043]
[0.0, 0.8669218848645687, 0.13307811513543133]
[0.0, 0.8821185255050659, 0.11788147449493414]
[0.0, 0.8504039931297303, 0.14959600687026975]
[0.0, 0.8636061020940542, 0.1363938979059458]
[0.0, 0.7879436802119016, 0.21205631978809836]
[0.0, 0.8676099792122841, 0.1323900207877159]
[0.0, 0.7334549537673593, 0.26654504623264075]
[0.0, 0.7894074800610542, 0.2105925199389458]
[0.0, 0.8199387300014496, 0.18006126999855043]
[0.0, 0.6842716921120882, 0.31572830788791184]
[0.0, 0.8579865324497223, 0.14201346755027766]
[0.0, 0.734150068461895, 0.265849931538105]
[0.0, 0.7965247796475887, 0.20347522035241128]
[0.0, 0.7907147458195687, 0.2092852541804313]
[0.0, 0.8021090283989907, 0.19789097160100932]
[0.0, 0.803544994816184, 0.19645500518381598]
[0.0, 0.8008874960243701, 0.19911250397562985]
[0.0, 0.7007641024142504, 0.29923589758574964]
[0.0, 0.8057856915891171, 0.19421430841088294]
[0.0, 0.935267779827118, 0.06473222017288205]
[0.0, 0.9477171570062637, 0.05228284299373631]
[0.0, 0.9527008962631226, 0.0472991037368774]
[0.0, 0.9567523241043091, 0.043247675895690896]
[0.0, 0.8948362271487713, 0.10516377285122869]
[1.0, 0.2579785221070051, 0.7420214778929949]
[1.0, 0.08221428286284209, 0.917785717137158]
[1.0, 0.06946001458913088, 0.9305399854108691]
[1.0, 0.019461095370352267, 0.9805389046296478]
[1.0, 0.026374776251614093, 0.9736252237483859]
[1.0, 0.02259637463837862, 0.9774036253616214]
[1.0, 0.026677869148552417, 0.9733221308514476]
[1.0, 0.041028987430036065, 0.958971012569964]
[1.0, 0.03390009116381407, 0.9660999088361859]
[1.0, 0.05269506674259901, 0.947304933257401]
[1.0, 0.023746652193367482, 0.9762533478066325]
[1.0, 0.07981885649263859, 0.9201811435073615]
[1.0, 0.031152261272072792, 0.9688477387279272]
[1.0, 0.03184191644191742, 0.9681580835580825]
[1.0, 0.08976215150207281, 0.9102378484979272]
[1.0, 0.09998634114861488, 0.9000136588513852]
[1.0, 0.07263980075716972, 0.9273601992428303]
[1.0, 0.09131143111735582, 0.9086885688826442]
[1.0, 0.03664167825132608, 0.9633583217486739]
[1.0, 0.029594974853098394, 0.9704050251469016]
[1.0, 0.04779141027480364, 0.9522085897251964]
[1.0, 0.08438199754804372, 0.9156180024519562]
[1.0, 0.06432428572326898, 0.935675714276731]
[1.0, 0.06770728677511215, 0.9322927132248878]
[1.0, 0.056458678618073466, 0.9435413213819266]
[1.0, 0.06700147472321988, 0.9329985252767801]
[1.0, 0.05953936696052551, 0.9404606330394745]
[1.0, 0.09223624363541603, 0.907763756364584]
[1.0, 0.06425480540841817, 0.9357451945915818]
[1.0, 0.045232073366642, 0.954767926633358]
[1.0, 0.11830297525972128, 0.8816970247402787]
[1.0, 0.05137494646012783, 0.9486250535398721]
[1.0, 0.09603984437882901, 0.9039601556211709]
[1.0, 0.13720734119415284, 0.8627926588058472]
[1.0, 0.11185148343443871, 0.8881485165655613]
[1.0, 0.0568659258633852, 0.9431340741366148]
[1.0, 0.12715746760368346, 0.8728425323963165]
[1.0, 0.08344266530126333, 0.9165573346987367]
[1.0, 0.10631825912743807, 0.8936817408725619]
[1.0, 0.16068396292626858, 0.8393160370737314]
[1.0, 0.14388857927173376, 0.8561114207282663]
[1.0, 0.18392418373376132, 0.8160758162662387]
[1.0, 0.22394717644900083, 0.7760528235509991]
[1.0, 0.10891831908375024, 0.8910816809162497]
[1.0, 0.143231620490551, 0.856768379509449]
[1.0, 0.19816363468766213, 0.8018363653123379]
[1.0, 0.14084253825247287, 0.8591574617475272]
[1.0, 0.1319219997525215, 0.8680780002474785]
[1.0, 0.1411718609929085, 0.8588281390070915]
[1.0, 0.1032978481054306, 0.8967021518945694]
[1.0, 0.1195498275756836, 0.8804501724243164]
[1.0, 0.15229020670056342, 0.8477097932994366]
[1.0, 0.23116855278611184, 0.7688314472138882]
[1.0, 0.1898383780568838, 0.8101616219431163]
[1.0, 0.14451977774500846, 0.8554802222549915]
[1.0, 0.06468487896025181, 0.9353151210397482]
[1.0, 0.104078528881073, 0.895921471118927]
[1.0, 0.19691898338496686, 0.8030810166150332]
[1.0, 0.21039048731327056, 0.7896095126867294]
[1.0, 0.07446082673966885, 0.9255391732603312]
[1.0, 0.0814871609210968, 0.9185128390789032]
[1.0, 0.08249309353530407, 0.9175069064646959]
[1.0, 0.0856862174719572, 0.9143137825280427]
[1.0, 0.1183020830899477, 0.8816979169100523]
[1.0, 0.07919052794575691, 0.9208094720542431]
[1.0, 0.11644137606024742, 0.8835586239397526]
[1.0, 0.07223918229341507, 0.9277608177065849]
[1.0, 0.07268001168966293, 0.9273199883103371]
[1.0, 0.057116272151470186, 0.9428837278485298]
[1.0, 0.08285967119038105, 0.9171403288096189]
[1.0, 0.11328429192304611, 0.8867157080769539]
[1.0, 0.08179591216146946, 0.9182040878385306]
[1.0, 0.05318128779530525, 0.9468187122046947]
[1.0, 0.1314848516136408, 0.8685151483863592]
[1.0, 0.06303620487451553, 0.9369637951254844]
[1.0, 0.0997072783857584, 0.9002927216142416]
[1.0, 0.13337567433714867, 0.8666243256628513]
[1.0, 0.08525550581514835, 0.9147444941848517]
[1.0, 0.08639703679829835, 0.9136029632017016]
[1.0, 0.08231803625822068, 0.9176819637417793]
[1.0, 0.08983461745083332, 0.9101653825491667]
[1.0, 0.08383354432880878, 0.9161664556711913]
[1.0, 0.09645286343991756, 0.9035471365600825]
[1.0, 0.09380669638514519, 0.9061933036148548]
[1.0, 0.05533679358661175, 0.9446632064133883]
[1.0, 0.12745073832571507, 0.8725492616742849]
[1.0, 0.08451087296009063, 0.9154891270399094]
[1.0, 0.11988874889910221, 0.8801112511008978]
[1.0, 0.09790994647890329, 0.9020900535210967]
[1.0, 0.1290536093711853, 0.8709463906288147]
[1.0, 0.10890842467546463, 0.8910915753245354]
[1.0, 0.16893716782331467, 0.8310628321766853]
[1.0, 0.2190578942000866, 0.7809421057999134]
[1.0, 0.15857266619801522, 0.8414273338019848]
[1.0, 0.1356860725581646, 0.8643139274418354]
[1.0, 0.27081080615520475, 0.7291891938447952]
[1.0, 0.3471278163790703, 0.6528721836209297]
[1.0, 0.20003827378153802, 0.799961726218462]
[0.0, 0.8951493901014328, 0.1048506098985672]
[0.0, 0.9054248541593551, 0.09457514584064486]
[0.0, 0.8117050080001355, 0.18829499199986455]
[0.0, 0.8869828325510025, 0.11301716744899748]
[0.0, 0.9231160178780555, 0.07688398212194447]
[0.0, 0.9145758664608001, 0.08542413353919986]
[0.0, 0.9140555238723755, 0.08594447612762446]
[0.0, 0.9108809754252434, 0.08911902457475662]
[0.0, 0.9185142472386361, 0.08148575276136394]
[0.0, 0.9198750162124634, 0.08012498378753663]
[0.0, 0.9219383531808854, 0.07806164681911465]
[0.0, 0.9121250253915787, 0.08787497460842131]
[0.0, 0.9158357942104339, 0.08416420578956607]
[0.0, 0.9342269337177277, 0.06577306628227231]
[0.0, 0.8923385387659073, 0.1076614612340927]
[0.0, 0.9150749367475509, 0.08492506325244908]
[0.0, 0.9212196984887123, 0.07878030151128768]
[0.0, 0.89252317994833, 0.10747682005167003]
[0.0, 0.92176175147295, 0.07823824852704997]
[0.0, 0.9264377668499947, 0.07356223315000532]
[0.0, 0.9044694322347641, 0.09553056776523594]
[0.0, 0.8676958248019219, 0.13230417519807813]
[0.0, 0.8439906580001115, 0.15600934199988847]
[0.0, 0.8925122633576393, 0.10748773664236067]
[0.0, 0.8223714368790388, 0.1776285631209612]
[0.0, 0.7965175566077233, 0.20348244339227672]
[0.0, 0.9042826646566391, 0.09571733534336091]
[0.0, 0.9004558038711548, 0.09954419612884524]
[0.0, 0.8184894143044948, 0.18151058569550516]
[0.0, 0.8258364310860634, 0.17416356891393658]
[0.0, 0.900607978105545, 0.09939202189445495]
[0.0, 0.9115547878295183, 0.08844521217048174]
[0.0, 0.8482487779855729, 0.15175122201442715]
[0.0, 0.9161960065364838, 0.08380399346351619]
[0.0, 0.9122181063890458, 0.08778189361095423]
[0.0, 0.8865344986319542, 0.11346550136804578]
[0.0, 0.8978325799107552, 0.10216742008924484]
[0.0, 0.8636959823966026, 0.1363040176033974]
[0.0, 0.8761899977922439, 0.12381000220775606]
[0.0, 0.8740805277228355, 0.1259194722771645]
[0.0, 0.8705551999807358, 0.12944480001926417]
[0.0, 0.8188250762224197, 0.18117492377758027]
[0.0, 0.8862429770082235, 0.11375702299177648]
[0.0, 0.8980745129287243, 0.10192548707127569]
[0.0, 0.8502541655302047, 0.14974583446979528]
[0.0, 0.8949144086241723, 0.10508559137582774]
[0.0, 0.8966506722569466, 0.10334932774305339]
[0.0, 0.909589895606041, 0.09041010439395902]
[0.0, 0.9075584444403648, 0.09244155555963518]
[0.0, 0.866530048251152, 0.13346995174884801]
[0.0, 0.9014219075441361, 0.09857809245586391]
[0.0, 0.9347322446107864, 0.06526775538921359]
[0.0, 0.937423559576273, 0.06257644042372701]
[0.0, 0.9012858712673187, 0.09871412873268126]
[0.0, 0.8758697627484798, 0.12413023725152017]
[0.0, 0.9080384749174119, 0.09196152508258815]
[0.0, 0.7856223432719708, 0.21437765672802922]
[0.0, 0.8869109576940537, 0.1130890423059463]
[0.0, 0.6522798959910869, 0.34772010400891307]
[0.0, 0.6595969819743186, 0.3404030180256814]
[0.0, 0.8833389212191105, 0.1166610787808895]
[0.0, 0.9018059441447258, 0.09819405585527419]
[0.0, 0.9417086976766587, 0.05829130232334134]
[0.0, 0.9519220644235611, 0.04807793557643891]
[0.0, 0.9499385744333267, 0.05006142556667326]
[0.0, 0.9274609979987144, 0.0725390020012856]
[1.0, 0.08462678331881762, 0.9153732166811823]
[1.0, 0.0784546223282814, 0.9215453776717186]
[1.0, 0.05339302074164152, 0.9466069792583585]
[1.0, 0.025566758029162882, 0.9744332419708371]
[1.0, 0.061406811960041524, 0.9385931880399585]
[1.0, 0.06389166053384543, 0.9361083394661546]
[1.0, 0.05708242271095514, 0.9429175772890449]
[1.0, 0.04062013980001211, 0.9593798601999879]
[1.0, 0.1001934127882123, 0.8998065872117877]
[1.0, 0.11579847633838654, 0.8842015236616134]
[1.0, 0.1603899408876896, 0.8396100591123103]
[1.0, 0.09975085720419884, 0.9002491427958011]
[1.0, 0.25856050219386817, 0.7414394978061318]
[1.0, 0.12834269624203443, 0.8716573037579656]
[1.0, 0.21721642810851335, 0.7827835718914866]
[1.0, 0.20535627366043627, 0.7946437263395637]
[1.0, 0.20020293967798353, 0.7997970603220165]
[1.0, 0.23979048646055162, 0.7602095135394484]
[1.0, 0.2537733211647719, 0.7462266788352281]
[1.0, 0.19272336777299642, 0.8072766322270035]
[1.0, 0.3088904868066311, 0.6911095131933689]
[1.0, 0.29125115104950966, 0.7087488489504903]
[1.0, 0.2615416649542749, 0.7384583350457251]
[1.0, 0.4153366579860449, 0.5846633420139551]
[1.0, 0.38792141353711485, 0.6120785864628852]
[1.0, 0.27317795863375066, 0.7268220413662494]
[1.0, 0.2674620275199413, 0.7325379724800587]
[1.0, 0.33373527113348245, 0.6662647288665176]
[1.0, 0.40640147164463997, 0.59359852835536]
[1.0, 0.33354554399847985, 0.6664544560015202]
[1.0, 0.1876611291989684, 0.8123388708010316]
[1.0, 0.3274875835329294, 0.6725124164670706]
[1.0, 0.3174143309891224, 0.6825856690108776]
[1.0, 0.22634161166846753, 0.7736583883315324]
[1.0, 0.25213129311800003, 0.747868706882]
[1.0, 0.36635473877191543, 0.6336452612280845]
[1.0, 0.11837346151471138, 0.8816265384852886]
[1.0, 0.12819836407899857, 0.8718016359210015]
[1.0, 0.11163521081209182, 0.8883647891879082]
[1.0, 0.1596024052798748, 0.8403975947201252]
[1.0, 0.15428286947309972, 0.8457171305269002]
[1.0, 0.24579700201749802, 0.754202997982502]
[1.0, 0.17045898318290711, 0.8295410168170929]
[1.0, 0.4588747957348824, 0.5411252042651176]
[0.0, 0.881984736919403, 0.11801526308059695]
[0.0, 0.8467472139000892, 0.15325278609991078]
[0.0, 0.8678075703978538, 0.13219242960214617]
[0.0, 0.8655678793787956, 0.13443212062120435]
[0.0, 0.9052156794071198, 0.09478432059288022]
[0.0, 0.8570422251522541, 0.14295777484774586]
[0.0, 0.830305750221014, 0.16969424977898595]
[0.0, 0.8961700016260147, 0.10382999837398532]
[0.0, 0.8731588557362556, 0.12684114426374438]
[0.0, 0.8609456488490105, 0.13905435115098952]
[0.0, 0.8227339425683021, 0.17726605743169788]
[0.0, 0.6998462919890881, 0.3001537080109119]
[0.0, 0.7774278753995896, 0.22257212460041043]
[0.0, 0.8701157811284065, 0.12988421887159352]
[0.0, 0.8855283713340759, 0.11447162866592409]
[0.0, 0.808084764778614, 0.19191523522138598]
[0.0, 0.8449617697298527, 0.1550382302701473]
[0.0, 0.8538464096188545, 0.1461535903811455]
[0.0, 0.7776968143880367, 0.22230318561196327]
[0.0, 0.8732472845911979, 0.12675271540880206]
[0.0, 0.7584775618463755, 0.2415224381536245]
[0.0, 0.8615948078036308, 0.13840519219636915]
[0.0, 0.8644468879699707, 0.1355531120300293]
[0.0, 0.8783037081360817, 0.12169629186391828]
[0.0, 0.8800524562597275, 0.1199475437402725]
[0.0, 0.9065623649954796, 0.0934376350045204]
[0.0, 0.790318985581398, 0.20968101441860199]
[0.0, 0.7999291740357876, 0.20007082596421244]
[0.0, 0.8792936447262764, 0.12070635527372364]
[0.0, 0.9224936667084694, 0.07750633329153056]
[0.0, 0.8994815255701542, 0.10051847442984585]
[0.0, 0.7349736513569951, 0.2650263486430049]
[0.0, 0.740808721780777, 0.25919127821922305]
[0.0, 0.8729382890462876, 0.12706171095371244]
[0.0, 0.6769986806064844, 0.3230013193935156]
[0.0, 0.7973910519480705, 0.20260894805192953]
[0.0, 0.6932418712601066, 0.3067581287398934]
[0.0, 0.840615122616291, 0.159384877383709]
[0.0, 0.7725397025421262, 0.22746029745787377]
[0.0, 0.7213293753378093, 0.2786706246621907]
[0.0, 0.7502236026525497, 0.24977639734745027]
[0.0, 0.8073321539163589, 0.19266784608364107]
[0.0, 0.7809420894086361, 0.21905791059136392]
[0.0, 0.842974317073822, 0.15702568292617802]
[0.0, 0.8086436480283737, 0.19135635197162626]
[0.0, 0.7777162292599678, 0.22228377074003225]
[0.0, 0.7408538131043315, 0.2591461868956685]
[0.0, 0.8133881838619709, 0.18661181613802913]
[0.0, 0.8129501201212406, 0.18704987987875943]
[0.0, 0.8357920441031456, 0.16420795589685444]
[0.0, 0.768507121950388, 0.23149287804961205]
[0.0, 0.8686023509502411, 0.13139764904975892]
[0.0, 0.8005614753812551, 0.1994385246187449]
[0.0, 0.7287296818196773, 0.27127031818032266]
[0.0, 0.7023327793553471, 0.2976672206446529]
[0.0, 0.6847201066464186, 0.3152798933535814]
[0.0, 0.7927998201549054, 0.20720017984509465]
[0.0, 0.7186207000166178, 0.2813792999833822]
[0.0, 0.7880133760720491, 0.21198662392795087]
[0.0, 0.7348479989916086, 0.2651520010083914]
[0.0, 0.8105740627646446, 0.1894259372353554]
[0.0, 0.8582761558890343, 0.14172384411096572]
[0.0, 0.7866830366104841, 0.2133169633895159]
[0.0, 0.8204281607270241, 0.17957183927297593]
[0.0, 0.9238811010122299, 0.07611889898777013]
[0.0, 0.8921720659732819, 0.10782793402671809]
[0.0, 0.9293781939148903, 0.0706218060851097]
[0.0, 0.9119259928166866, 0.08807400718331337]
[0.0, 0.939909151494503, 0.06009084850549695]
[0.0, 0.9445039895176888, 0.05549601048231123]
[0.0, 0.8646088521927595, 0.1353911478072405]
[0.0, 0.9165211856365204, 0.08347881436347959]
[0.0, 0.904093956053257, 0.09590604394674296]
[0.0, 0.8982189655303955, 0.10178103446960451]
[0.0, 0.9164346441626549, 0.08356535583734515]
[0.0, 0.8875626099109649, 0.11243739008903508]
[1.0, 0.1818805927038193, 0.8181194072961807]
[1.0, 0.04393473267555237, 0.9560652673244476]
[1.0, 0.04048381045460701, 0.959516189545393]
[1.0, 0.12486187726259232, 0.8751381227374077]
[1.0, 0.1015209912508726, 0.8984790087491275]
[1.0, 0.08943196639418602, 0.910568033605814]
[1.0, 0.10824039496481419, 0.8917596050351858]
[1.0, 0.05519193515181541, 0.9448080648481846]
[1.0, 0.0642143326997757, 0.9357856673002243]
[1.0, 0.08909227073192597, 0.9109077292680741]
[1.0, 0.06258963078260421, 0.9374103692173958]
[1.0, 0.087903555855155, 0.912096444144845]
[1.0, 0.08745783239603043, 0.9125421676039696]
[1.0, 0.08894677713513374, 0.9110532228648662]
[1.0, 0.12016983143985271, 0.8798301685601473]
[1.0, 0.11996221482753754, 0.8800377851724625]
[1.0, 0.11441087823361158, 0.8855891217663884]
[1.0, 0.12645444333553313, 0.8735455566644669]
[1.0, 0.12809220589697362, 0.8719077941030264]
[1.0, 0.16999442540109158, 0.8300055745989084]
[1.0, 0.12620597764849661, 0.8737940223515034]
[1.0, 0.15062709219753742, 0.8493729078024626]
[1.0, 0.10340163432061672, 0.8965983656793832]
[1.0, 0.17788682736456393, 0.822113172635436]
[1.0, 0.19715649489313364, 0.8028435051068663]
[1.0, 0.12781121660023928, 0.8721887833997607]
[1.0, 0.2396959936246276, 0.7603040063753724]
[1.0, 0.2809484928101301, 0.7190515071898699]
[1.0, 0.26232066482305527, 0.7376793351769447]
[1.0, 0.22373618118464947, 0.7762638188153506]
[1.0, 0.21586982622742654, 0.7841301737725734]
[1.0, 0.1674380737543106, 0.8325619262456894]
[1.0, 0.1548093992844224, 0.8451906007155776]
[1.0, 0.17789740968495607, 0.822102590315044]
[1.0, 0.0853643637150526, 0.9146356362849474]
[1.0, 0.15720671765506267, 0.8427932823449373]
[1.0, 0.12815023336559533, 0.8718497666344047]
[1.0, 0.11834981836378575, 0.8816501816362142]
[1.0, 0.1524237159639597, 0.8475762840360404]
[1.0, 0.20282200530171393, 0.7971779946982861]
[1.0, 0.15327840980142354, 0.8467215901985765]
[1.0, 0.10038955837488174, 0.8996104416251183]
[1.0, 0.09914266131818295, 0.900857338681817]
[1.0, 0.12696477450430393, 0.8730352254956961]
[1.0, 0.1217870920151472, 0.8782129079848529]
[1.0, 0.16931319892406463, 0.8306868010759354]
[1.0, 0.1631468105316162, 0.8368531894683838]
[1.0, 0.14836094284430146, 0.8516390571556985]
[1.0, 0.15943999119102956, 0.8405600088089704]
[1.0, 0.2078051131591201, 0.7921948868408799]
[1.0, 0.23155337227508427, 0.7684466277249158]
[1.0, 0.1920588856190443, 0.8079411143809557]
[1.0, 0.1775026878155768, 0.8224973121844232]
[1.0, 0.2108584741503, 0.7891415258497]
[1.0, 0.2108043786510825, 0.7891956213489175]
[1.0, 0.2958042674511671, 0.7041957325488328]
[1.0, 0.12024901896715164, 0.8797509810328483]
[1.0, 0.20513044089078902, 0.794869559109211]
[1.0, 0.16609292440116405, 0.8339070755988359]
[1.0, 0.40963087923824787, 0.5903691207617521]
[1.0, 0.2286298555135727, 0.7713701444864273]
[1.0, 0.2827867430448532, 0.7172132569551468]
[1.0, 0.21846873417496682, 0.7815312658250332]
[1.0, 0.15838268935680389, 0.8416173106431961]
[1.0, 0.29787805050611493, 0.7021219494938851]
[1.0, 0.25659001305699347, 0.7434099869430065]
[0.0, 0.8523713338375092, 0.14762866616249082]
[0.0, 0.8932680770754814, 0.10673192292451861]
[0.0, 0.8959389090538025, 0.10406109094619753]
[0.0, 0.7968146847188473, 0.2031853152811527]
[0.0, 0.8620249471068382, 0.1379750528931618]
[0.0, 0.9130030423402786, 0.08699695765972137]
[0.0, 0.9227117216587066, 0.07728827834129337]
[0.0, 0.91519511282444, 0.08480488717556]
[0.0, 0.894454275816679, 0.10554572418332098]
[0.0, 0.9080001863837243, 0.09199981361627574]
[0.0, 0.9212061348557472, 0.0787938651442528]
[0.0, 0.9125865021348, 0.08741349786520003]
[0.0, 0.8212243553996086, 0.17877564460039141]
[0.0, 0.9107001151144505, 0.08929988488554952]
[0.0, 0.8735765734314919, 0.12642342656850813]
[0.0, 0.8871499198675156, 0.11285008013248443]
[0.0, 0.833698683232069, 0.16630131676793103]
[0.0, 0.8584720757603646, 0.14152792423963545]
[0.0, 0.8909188617765903, 0.1090811382234097]
[0.0, 0.8650522947311401, 0.1349477052688599]
[0.0, 0.8710760867595673, 0.12892391324043273]
[0.0, 0.7973305870592594, 0.2026694129407406]
[0.0, 0.8819221803545951, 0.11807781964540487]
[0.0, 0.8599199992418289, 0.14008000075817106]
[0.0, 0.6695918698608875, 0.3304081301391125]
[0.0, 0.837201199233532, 0.16279880076646802]
[0.0, 0.7764206430315972, 0.2235793569684028]
[0.0, 0.7223289496451616, 0.2776710503548384]
[0.0, 0.8468845257163048, 0.1531154742836952]
[0.0, 0.8217338156700135, 0.17826618432998653]
[0.0, 0.8433973321318626, 0.15660266786813737]
[0.0, 0.704639274328947, 0.295360725671053]
[0.0, 0.9218651586771012, 0.07813484132289883]
[0.0, 0.9430261552333832, 0.05697384476661682]
[0.0, 0.9141763612627983, 0.08582363873720167]
[0.0, 0.8344699129462242, 0.1655300870537758]
[0.0, 0.7368123311549425, 0.2631876688450575]
[0.0, 0.7595831048488617, 0.2404168951511383]
[1.0, 0.28406153034418824, 0.7159384696558118]
[1.0, 0.3734384083002806, 0.6265615916997194]
[1.0, 0.32100001648068427, 0.6789999835193157]
[1.0, 0.4842966055870056, 0.5157033944129944]
[0.0, 0.822454184293747, 0.17754581570625305]
[0.0, 0.7664494146406651, 0.23355058535933493]
[0.0, 0.8405287663638592, 0.1594712336361408]
[0.0, 0.8622328848391771, 0.13776711516082285]
[0.0, 0.7866855700314045, 0.2133144299685955]
[0.0, 0.7982315672188998, 0.20176843278110024]
[0.0, 0.8228002694249154, 0.17719973057508465]
[0.0, 0.7772335978224874, 0.22276640217751265]
[0.0, 0.8939024121314287, 0.10609758786857126]
[0.0, 0.8597782970964909, 0.1402217029035091]
[0.0, 0.8602924424409867, 0.13970755755901332]
[0.0, 0.844772320613265, 0.15522767938673498]
[0.0, 0.8755166730284691, 0.12448332697153086]
[0.0, 0.8611287923902273, 0.13887120760977267]
[0.0, 0.8653357464075089, 0.13466425359249112]
[0.0, 0.8426843869686127, 0.1573156130313873]
[0.0, 0.8485499955713749, 0.1514500044286251]
[0.0, 0.8697259640693664, 0.13027403593063358]
[0.0, 0.8594311141967773, 0.1405688858032227]
[0.0, 0.8405359202623367, 0.1594640797376633]
[0.0, 0.7651858399808407, 0.23481416001915933]
[0.0, 0.8592176961898804, 0.14078230381011958]
[0.0, 0.8300357934832573, 0.1699642065167427]
[0.0, 0.7675423641502858, 0.23245763584971424]
[0.0, 0.736842220723629, 0.26315777927637096]
[0.0, 0.8122075353190303, 0.18779246468096966]
[0.0, 0.8605968654155731, 0.13940313458442688]
[0.0, 0.8037614548951387, 0.19623854510486127]
[0.0, 0.9091116094589233, 0.09088839054107667]
[0.0, 0.9000278219580651, 0.09997217804193492]
[0.0, 0.8902926164865493, 0.10970738351345066]
[0.0, 0.8958377626538276, 0.10416223734617236]
[0.0, 0.8865018320083619, 0.11349816799163814]
[0.0, 0.8680382600426674, 0.13196173995733262]
[0.0, 0.8350250697135926, 0.16497493028640742]
[0.0, 0.8345853611826897, 0.16541463881731033]
[0.0, 0.9161463230848312, 0.08385367691516876]
[0.0, 0.9105358466506004, 0.08946415334939961]
[0.0, 0.8910143460333347, 0.10898565396666526]
[0.0, 0.7491017204523086, 0.2508982795476914]
[0.0, 0.7537478537857533, 0.24625214621424674]
[0.0, 0.8916045451164245, 0.10839545488357549]
[0.0, 0.8765325337648392, 0.1234674662351608]
[0.0, 0.8676941737532615, 0.13230582624673848]
[0.0, 0.9163228049874306, 0.08367719501256943]
[0.0, 0.9126165482401848, 0.08738345175981521]
[0.0, 0.8355658882856369, 0.16443411171436306]
[0.0, 0.908910748064518, 0.09108925193548201]
[0.0, 0.8684049968421459, 0.1315950031578541]
[0.0, 0.9221547341346741, 0.07784526586532592]
[0.0, 0.8915363803505898, 0.1084636196494102]
[0.0, 0.8808311325311661, 0.11916886746883393]
[0.0, 0.8713104555010796, 0.12868954449892045]
[0.0, 0.7649545007199049, 0.2350454992800951]
[0.0, 0.9033220505714417, 0.09667794942855834]
[0.0, 0.9719123283028602, 0.02808767169713977]
[0.0, 0.892279286980629, 0.10772071301937103]
[0.0, 0.9209067457914353, 0.07909325420856472]
[0.0, 0.8699089986085892, 0.13009100139141083]
[1.0, 0.22292449900880457, 0.7770755009911954]
[1.0, 0.12205015972256661, 0.8779498402774334]
[1.0, 0.11918332075700164, 0.8808166792429983]
[1.0, 0.14677024833858013, 0.8532297516614199]
[1.0, 0.0559185466170311, 0.9440814533829689]
[1.0, 0.04339256765320897, 0.956607432346791]
[1.0, 0.0649841001816094, 0.9350158998183906]
[1.0, 0.13635641291737557, 0.8636435870826245]
[1.0, 0.10546523921191692, 0.8945347607880831]
[1.0, 0.057224668860435486, 0.9427753311395645]
[1.0, 0.1133219388127327, 0.8866780611872673]
[1.0, 0.15288313172757625, 0.8471168682724237]
[1.0, 0.11773374773561955, 0.8822662522643805]
[1.0, 0.11319750934839248, 0.8868024906516075]
[1.0, 0.10467885434627533, 0.8953211456537247]
[1.0, 0.10299228861927986, 0.8970077113807201]
[1.0, 0.10562126368284225, 0.8943787363171578]
[1.0, 0.09307420670986176, 0.9069257932901382]
[1.0, 0.12386457033455373, 0.8761354296654462]
[1.0, 0.26263522170484066, 0.7373647782951593]
[1.0, 0.12194579854607582, 0.8780542014539242]
[1.0, 0.15428274776786566, 0.8457172522321343]
[1.0, 0.23112078174948691, 0.7688792182505131]
[1.0, 0.14330907098948956, 0.8566909290105105]
[1.0, 0.31174547374248507, 0.6882545262575149]
[1.0, 0.1750281212478876, 0.8249718787521124]
[1.0, 0.14036086551845073, 0.8596391344815493]
[1.0, 0.2001348161045462, 0.7998651838954538]
[1.0, 0.18379991908557713, 0.8162000809144229]
[1.0, 0.22880897622555493, 0.771191023774445]
[1.0, 0.389243292324245, 0.610756707675755]
[1.0, 0.2149905811995268, 0.7850094188004733]
[1.0, 0.37103490900248287, 0.6289650909975171]
[1.0, 0.4236985981464386, 0.5763014018535614]
[1.0, 0.29064620107412337, 0.7093537989258767]
[1.0, 0.1584218719601631, 0.8415781280398369]
[1.0, 0.2924418391287327, 0.7075581608712673]
[1.0, 0.21757313735783101, 0.782426862642169]
[1.0, 0.24413920298218728, 0.7558607970178127]
[1.0, 0.18308957487344743, 0.8169104251265525]
[1.0, 0.17703462719917298, 0.822965372800827]
[0.0, 0.5709683918952941, 0.42903160810470586]
[1.0, 0.2013216545432806, 0.7986783454567195]
[1.0, 0.25696024239063264, 0.7430397576093674]
[1.0, 0.36979045379906894, 0.6302095462009311]
[1.0, 0.2967641204595566, 0.7032358795404434]
[1.0, 0.31579946069046855, 0.6842005393095314]
[1.0, 0.14678378112614154, 0.8532162188738585]
[1.0, 0.2895498749613762, 0.7104501250386238]
[1.0, 0.20843210257589817, 0.7915678974241018]
[1.0, 0.3196499350667, 0.6803500649333001]
[1.0, 0.16515458919107914, 0.8348454108089208]
[1.0, 0.1925154858827591, 0.8074845141172409]
[1.0, 0.1894111967086792, 0.8105888032913208]
[1.0, 0.12245413832366467, 0.8775458616763353]
[1.0, 0.09565065085887908, 0.904349349141121]
[1.0, 0.14735848873853682, 0.8526415112614631]
[1.0, 0.108993199467659, 0.891006800532341]
[1.0, 0.09903268858790398, 0.900967311412096]
[1.0, 0.16791020572185517, 0.8320897942781449]
[1.0, 0.2950004964321852, 0.7049995035678148]
[1.0, 0.15387381240725517, 0.8461261875927448]
[1.0, 0.14572430655360222, 0.8542756934463978]
[1.0, 0.14882058683782817, 0.8511794131621718]
[1.0, 0.09845777109265327, 0.9015422289073467]
[1.0, 0.1065296496450901, 0.89347035035491]
[1.0, 0.11096557468175888, 0.8890344253182412]
[1.0, 0.13721469551324844, 0.8627853044867515]
[1.0, 0.1870892411470413, 0.8129107588529587]
[1.0, 0.18718732096254825, 0.8128126790374517]
[1.0, 0.11364746898412705, 0.886352531015873]
[1.0, 0.1318675484508276, 0.8681324515491724]
[1.0, 0.27700950387865303, 0.7229904961213469]
[1.0, 0.19720065478235482, 0.8027993452176452]
[1.0, 0.15807861387729644, 0.8419213861227035]
[1.0, 0.1636381435394287, 0.8363618564605713]
[1.0, 0.15419556826353073, 0.8458044317364692]
[1.0, 0.26589391339570284, 0.7341060866042972]
[1.0, 0.14707364521920682, 0.8529263547807932]
[1.0, 0.15742614978924394, 0.842573850210756]
[1.0, 0.13772926166653632, 0.8622707383334637]
[1.0, 0.13628462944179773, 0.8637153705582022]
[1.0, 0.1932307292893529, 0.8067692707106471]
[1.0, 0.16525241032242774, 0.8347475896775722]
[1.0, 0.21437035873532295, 0.785629641264677]
[1.0, 0.15046406157314776, 0.8495359384268523]
[1.0, 0.27846055187284946, 0.7215394481271505]
[1.0, 0.2635614160075784, 0.7364385839924217]
[1.0, 0.10979997061192989, 0.8902000293880701]
[1.0, 0.25930502071976663, 0.7406949792802333]
[1.0, 0.2569101184606552, 0.7430898815393447]
[1.0, 0.18137149393558502, 0.818628506064415]
[1.0, 0.1265256053209305, 0.8734743946790695]
[1.0, 0.120259253885597, 0.879740746114403]
[1.0, 0.14221038304269315, 0.8577896169573068]
[1.0, 0.14903648741543293, 0.850963512584567]
[1.0, 0.1843941444903612, 0.8156058555096388]
[1.0, 0.195892543643713, 0.804107456356287]
[1.0, 0.15937102776020765, 0.8406289722397924]
[1.0, 0.251028562001884, 0.748971437998116]
[1.0, 0.12966738237068057, 0.8703326176293195]
[1.0, 0.1257910318672657, 0.8742089681327343]
[1.0, 0.08879837334156036, 0.9112016266584396]
[1.0, 0.1401306957937777, 0.8598693042062223]
[1.0, 0.13883834632113576, 0.8611616536788642]
[1.0, 0.1053514384292066, 0.8946485615707934]
[1.0, 0.2316247634217143, 0.7683752365782857]
[1.0, 0.12503889286890627, 0.8749611071310938]
[1.0, 0.305513930618763, 0.694486069381237]
[1.0, 0.1972281951457262, 0.8027718048542738]
[1.0, 0.1496645813435316, 0.8503354186564684]
[1.0, 0.11456630861386657, 0.8854336913861334]
[1.0, 0.16741882786154746, 0.8325811721384525]
[1.0, 0.22204150184988974, 0.7779584981501102]
[1.0, 0.1715309536829591, 0.8284690463170409]
[1.0, 0.22363660991191864, 0.7763633900880813]
[1.0, 0.41055896643549206, 0.5894410335645079]
[1.0, 0.1805778107792139, 0.8194221892207861]
[1.0, 0.12647594538517296, 0.8735240546148271]
[1.0, 0.09836525164544582, 0.9016347483545541]
[1.0, 0.16617021590471268, 0.8338297840952873]
[1.0, 0.24002245873212813, 0.7599775412678719]
[1.0, 0.22818216815590858, 0.7718178318440914]
[1.0, 0.1702637807279825, 0.8297362192720175]
[1.0, 0.09686098836362361, 0.9031390116363764]
[1.0, 0.1649614238552749, 0.8350385761447251]
[1.0, 0.3634514210373163, 0.6365485789626837]
[1.0, 0.18021600380539893, 0.8197839961946011]
[1.0, 0.20625590147450568, 0.7937440985254943]
[1.0, 0.0887515864893794, 0.9112484135106206]
[1.0, 0.17710515489801765, 0.8228948451019824]
[1.0, 0.2823618523776531, 0.7176381476223469]
[1.0, 0.1988171126227826, 0.8011828873772174]
[1.0, 0.26869085665792225, 0.7313091433420777]
[1.0, 0.18643817078322172, 0.8135618292167783]
[1.0, 0.13167997596785427, 0.8683200240321457]
[1.0, 0.1718412372469902, 0.8281587627530098]
[1.0, 0.17085155174136163, 0.8291484482586384]
[1.0, 0.07204258099198341, 0.9279574190080166]
[1.0, 0.09669447973370553, 0.9033055202662945]
[1.0, 0.10135699823498726, 0.8986430017650128]
[1.0, 0.1605081595480442, 0.8394918404519558]
[1.0, 0.21690331190824508, 0.7830966880917549]
[1.0, 0.2509619380533695, 0.7490380619466305]
[0.0, 0.7030434675514698, 0.29695653244853015]
[0.0, 0.9707675510644913, 0.029232448935508693]
[0.0, 0.9736882293224335, 0.026311770677566515]
[0.0, 0.930628533065319, 0.06937146693468099]
[0.0, 0.9643957534432411, 0.03560424655675887]
[0.0, 0.9543957534432411, 0.045604246556758876]
[0.0, 0.9697183340787887, 0.030281665921211287]
[0.0, 0.8977933813631535, 0.10220661863684655]
[0.0, 0.9093991938233376, 0.09060080617666244]
[0.0, 0.9452615010738373, 0.05473849892616267]
[0.0, 0.788555238507688, 0.21144476149231195]
[0.0, 0.8472995710000396, 0.1527004289999604]
[0.0, 0.8431556338071823, 0.15684436619281772]
[0.0, 0.9006206434965134, 0.09937935650348662]
[0.0, 0.9039871966838837, 0.09601280331611628]
[0.0, 0.8950382575392724, 0.10496174246072765]
[0.0, 0.8995394656062126, 0.10046053439378744]
[0.0, 0.8782449105381965, 0.12175508946180347]
[0.0, 0.8801357894390821, 0.1198642105609179]
[0.0, 0.8377414101362228, 0.16225858986377717]
[0.0, 0.8606663912534713, 0.13933360874652867]
[0.0, 0.8506717464327812, 0.1493282535672188]
[0.0, 0.8557893505692482, 0.1442106494307518]
[0.0, 0.7700490748882294, 0.22995092511177062]
[0.0, 0.875673517882824, 0.12432648211717601]
[0.0, 0.7570934261381627, 0.24290657386183734]
[0.0, 0.8523366963863372, 0.14766330361366276]
[0.0, 0.7565255059301853, 0.2434744940698147]
[0.0, 0.852715688943863, 0.14728431105613704]
[0.0, 0.8441636803746223, 0.1558363196253777]
[0.0, 0.8746226689219475, 0.1253773310780525]
[0.0, 0.8831403050199151, 0.11685969498008486]
[0.0, 0.785341565310955, 0.214658434689045]
[0.0, 0.8375538705289364, 0.16244612947106363]
[0.0, 0.7976059767603875, 0.20239402323961253]
[0.0, 0.8165795380622148, 0.18342046193778516]
[0.0, 0.6998148594796657, 0.3001851405203343]
[0.0, 0.7753217682242394, 0.22467823177576063]
[0.0, 0.8607135409861804, 0.13928645901381964]
[0.0, 0.7597492821514606, 0.24025071784853935]
[0.0, 0.7962480327486992, 0.20375196725130085]
[0.0, 0.8047257402539253, 0.1952742597460747]
[0.0, 0.7813389679789543, 0.2186610320210457]
[0.0, 0.7648028430342674, 0.23519715696573262]
[0.0, 0.8620087996125221, 0.13799120038747792]
[0.0, 0.6764185450971126, 0.32358145490288737]
[0.0, 0.7494983777403832, 0.2505016222596168]
[0.0, 0.807085697054863, 0.192914302945137]
[0.0, 0.8537667950987816, 0.14623320490121838]
[0.0, 0.8330890655517578, 0.16691093444824223]
[0.0, 0.8000066240131855, 0.19999337598681455]
[0.0, 0.7520988833904266, 0.24790111660957337]
[0.0, 0.7618725736439228, 0.2381274263560772]
[0.0, 0.8072932288050652, 0.19270677119493484]
[0.0, 0.7243913838267326, 0.2756086161732674]
[0.0, 0.806913780272007, 0.193086219727993]
[0.0, 0.8446843434870243, 0.15531565651297574]
[0.0, 0.8157772901654243, 0.18422270983457567]
[0.0, 0.9060467392206192, 0.09395326077938082]
[0.0, 0.8888098862022161, 0.11119011379778387]
[0.0, 0.8434633359313011, 0.15653666406869893]
[0.0, 0.824229346960783, 0.17577065303921702]
[0.0, 0.8436722722649574, 0.15632772773504255]
[0.0, 0.8182115317881107, 0.18178846821188932]
[0.0, 0.7888270574063063, 0.21117294259369368]
[0.0, 0.8550636768341064, 0.14493632316589355]
[0.0, 0.7839708868414164, 0.21602911315858364]
[0.0, 0.8552800546586513, 0.1447199453413487]
[0.0, 0.7950827803462743, 0.20491721965372567]
[0.0, 0.7414782582595945, 0.25852174174040554]
[0.0, 0.8615443259477615, 0.13845567405223846]
[0.0, 0.8614374369382858, 0.13856256306171422]
[0.0, 0.8057131500542164, 0.1942868499457836]
[0.0, 0.7237194698303938, 0.2762805301696062]
[0.0, 0.7645858726650476, 0.23541412733495237]
[0.0, 0.7637731577455997, 0.23622684225440027]
[0.0, 0.761892663538456, 0.23810733646154403]
[0.0, 0.8787180867791176, 0.12128191322088244]
[0.0, 0.7476857724040746, 0.25231422759592537]
[0.0, 0.8278926618397235, 0.17210733816027646]
[0.0, 0.8208929687738419, 0.17910703122615812]
[0.0, 0.8776345819234848, 0.12236541807651524]
[0.0, 0.8299256926774978, 0.17007430732250217]
[0.0, 0.7292516871541739, 0.2707483128458261]
[0.0, 0.8709937578439713, 0.12900624215602874]
[0.0, 0.6554023895412684, 0.3445976104587316]
[0.0, 0.9002493214607239, 0.0997506785392761]
[0.0, 0.8825278005003929, 0.11747219949960708]
[0.0, 0.81429264575243, 0.18570735424757]
[0.0, 0.8942229741811752, 0.10577702581882475]
[0.0, 0.7277564008533954, 0.27224359914660456]
[0.0, 0.802867618277669, 0.19713238172233105]
[0.0, 0.8683746200799942, 0.13162537992000578]
[0.0, 0.8458576217480004, 0.1541423782519996]
[0.0, 0.8622628075629473, 0.13773719243705274]
[0.0, 0.7501521065831185, 0.24984789341688152]
[0.0, 0.8076153066009283, 0.19238469339907172]
[0.0, 0.869498984515667, 0.13050101548433302]
[0.0, 0.8969074758887291, 0.1030925241112709]
[0.0, 0.8403852991759777, 0.1596147008240223]
[0.0, 0.90425476282835, 0.09574523717164996]
[0.0, 0.8523078200221061, 0.14769217997789386]
[0.0, 0.7580399185419082, 0.24196008145809178]
[0.0, 0.9043325936794281, 0.09566740632057191]
[0.0, 0.8812463423609733, 0.11875365763902668]
[0.0, 0.822103907763958, 0.17789609223604197]
[0.0, 0.7854400039464235, 0.21455999605357645]
[0.0, 0.7826774469017983, 0.2173225530982017]
[0.0, 0.827267327234149, 0.17273267276585103]
[0.0, 0.8229825939238071, 0.17701740607619287]
[0.0, 0.7766856241226197, 0.22331437587738034]
[0.0, 0.8749996452778578, 0.12500035472214222]
[0.0, 0.9294433544576168, 0.07055664554238317]
[0.0, 0.9056175121665001, 0.0943824878334999]
[0.0, 0.691051481589675, 0.308948518410325]
[0.0, 0.8260645464807749, 0.17393545351922512]
[0.0, 0.8519520252943039, 0.14804797470569608]
[0.0, 0.867140624821186, 0.13285937517881397]
[0.0, 0.8538202200084924, 0.14617977999150755]
[0.0, 0.8275276923179626, 0.17247230768203736]
[0.0, 0.789456929564476, 0.210543070435524]
[0.0, 0.9106203100085258, 0.08937968999147416]
[0.0, 0.95708161175251, 0.04291838824748995]
[0.0, 0.947860641181469, 0.052139358818531045]
[0.0, 0.9511755940318107, 0.048824405968189266]
[0.0, 0.8883069738745689, 0.11169302612543108]
[0.0, 0.8745366275310517, 0.12546337246894834]
[0.0, 0.8988237929344177, 0.10117620706558228]
[1.0, 0.26928371816873553, 0.7307162818312645]
[1.0, 0.09648307893425226, 0.9035169210657478]
[1.0, 0.09529374033212662, 0.9047062596678734]
[1.0, 0.07853425417095422, 0.9214657458290458]
[1.0, 0.06713163666427135, 0.9328683633357286]
[1.0, 0.053573546931147575, 0.9464264530688524]
[1.0, 0.06301799137145281, 0.9369820086285472]
[1.0, 0.0617287003993988, 0.9382712996006012]
[1.0, 0.09526434939354658, 0.9047356506064534]
[1.0, 0.1273404297232628, 0.8726595702767372]
[1.0, 0.13371857210993768, 0.8662814278900623]
[1.0, 0.1325459063053131, 0.8674540936946868]
[1.0, 0.060142655372619626, 0.9398573446273804]
[1.0, 0.051931016258895395, 0.9480689837411046]
[1.0, 0.06275688858702778, 0.9372431114129722]
[1.0, 0.22882182344794275, 0.7711781765520572]
[1.0, 0.04632831692695618, 0.9536716830730438]
[1.0, 0.04817033238708973, 0.9518296676129103]
[1.0, 0.042590640932321545, 0.9574093590676784]
[1.0, 0.15745247960090636, 0.8425475203990936]
[1.0, 0.1280061298981309, 0.8719938701018691]
[1.0, 0.1615531362593174, 0.8384468637406826]
[1.0, 0.14098114542663098, 0.859018854573369]
[1.0, 0.2624745025485754, 0.7375254974514246]
[1.0, 0.2186365284770727, 0.7813634715229273]
[1.0, 0.1138719980418682, 0.8861280019581318]
[1.0, 0.24549835808575154, 0.7545016419142485]
[1.0, 0.0778010149486363, 0.9221989850513637]
[1.0, 0.12627602249383926, 0.8737239775061607]
[1.0, 0.12194019109010697, 0.878059808909893]
[1.0, 0.19316859846934675, 0.8068314015306532]
[1.0, 0.09959451228380203, 0.900405487716198]
[1.0, 0.2035848715901375, 0.7964151284098625]
[1.0, 0.406632457524538, 0.593367542475462]
[1.0, 0.1358167700469494, 0.8641832299530506]
[1.0, 0.14022477012127638, 0.8597752298787236]
[1.0, 0.16252121487632393, 0.837478785123676]
[1.0, 0.21653685227036476, 0.7834631477296352]
[1.0, 0.30797085726633666, 0.6920291427336633]
[1.0, 0.22148982409387827, 0.7785101759061217]
[1.0, 0.17377456689253448, 0.8262254331074655]
[1.0, 0.3266395338065922, 0.6733604661934078]
[1.0, 0.41450442941859367, 0.5854955705814063]
[1.0, 0.20915886148810386, 0.7908411385118961]
[1.0, 0.2492675745487213, 0.7507324254512787]
[1.0, 0.2538883972913027, 0.7461116027086974]
[1.0, 0.3275391191244125, 0.6724608808755874]
[1.0, 0.1621451786160469, 0.8378548213839531]
[1.0, 0.3930413375794888, 0.6069586624205112]
[1.0, 0.3391570148617029, 0.6608429851382971]
[1.0, 0.4213400565832853, 0.5786599434167147]
[1.0, 0.27594178047031165, 0.7240582195296883]
[1.0, 0.2159396000020206, 0.7840603999979794]
[1.0, 0.32615961514413355, 0.6738403848558665]
[1.0, 0.25979812644422057, 0.7402018735557794]
[1.0, 0.31102883994579317, 0.6889711600542068]
[1.0, 0.1496234598942101, 0.8503765401057899]
[1.0, 0.1372189706005156, 0.8627810293994844]
[1.0, 0.23008356316015124, 0.7699164368398488]
[1.0, 0.24376514095813037, 0.7562348590418696]
[1.0, 0.11432023951783776, 0.8856797604821622]
[1.0, 0.17080439606681466, 0.8291956039331854]
[1.0, 0.2786756175011396, 0.7213243824988604]
[1.0, 0.28503000929951666, 0.7149699907004834]
[1.0, 0.3556570940464735, 0.6443429059535265]
[1.0, 0.2986193285137415, 0.7013806714862585]
[1.0, 0.2938731243647635, 0.7061268756352366]
[1.0, 0.321125655323267, 0.678874344676733]
[1.0, 0.2655982163734734, 0.7344017836265266]
[1.0, 0.21478262396529316, 0.7852173760347069]
[1.0, 0.16191593864932657, 0.8380840613506735]
[1.0, 0.2635514672845602, 0.7364485327154398]
[1.0, 0.3000735255517066, 0.6999264744482934]
[1.0, 0.2804438221640885, 0.7195561778359115]
[1.0, 0.23078351201489566, 0.7692164879851043]
[1.0, 0.2602971540391445, 0.7397028459608554]
[1.0, 0.33074365310370923, 0.6692563468962908]
[1.0, 0.318981661349535, 0.681018338650465]
[1.0, 0.23516703732311725, 0.7648329626768827]
[1.0, 0.14384209387004376, 0.8561579061299562]
[1.0, 0.3266095457226038, 0.6733904542773962]
[1.0, 0.1877142951078713, 0.8122857048921287]
[1.0, 0.18912379279732705, 0.810876207202673]
[1.0, 0.16554397016763686, 0.8344560298323631]
[1.0, 0.12965148016810418, 0.8703485198318959]
[1.0, 0.11756093725562096, 0.882439062744379]
[1.0, 0.13940476402640342, 0.8605952359735966]
[1.0, 0.1789420247823, 0.8210579752177]
[1.0, 0.1458985421806574, 0.8541014578193427]
[1.0, 0.08293792489916087, 0.9170620751008391]
[1.0, 0.3264173024892807, 0.6735826975107193]
[1.0, 0.11057407259941102, 0.889425927400589]
[1.0, 0.22444885075092316, 0.7755511492490769]
[1.0, 0.19069842040538787, 0.8093015795946121]
[1.0, 0.19253406465053557, 0.8074659353494644]
[1.0, 0.1553109422326088, 0.8446890577673912]
[1.0, 0.170501945912838, 0.829498054087162]
[0.0, 0.9884033823013305, 0.011596617698669487]
[0.0, 0.9904067492485047, 0.009593250751495308]
[0.0, 0.9816798910498619, 0.018320108950138136]
[0.0, 0.9648989835381507, 0.035101016461849266]
[0.0, 0.9707450088858605, 0.02925499111413954]
[0.0, 0.9559406071901322, 0.044059392809867814]
[0.0, 0.9694878685474396, 0.030512131452560376]
[0.0, 0.9891974467039109, 0.010802553296089146]
[0.0, 0.9889493745565414, 0.011050625443458584]
[0.0, 0.9877400720119476, 0.012259927988052421]
[0.0, 0.9877400720119476, 0.012259927988052421]
[0.0, 0.9450132018327713, 0.054986798167228734]
[0.0, 0.9408407065272332, 0.05915929347276683]
[0.0, 0.847050415277481, 0.15294958472251896]
[0.0, 0.7534637528657914, 0.24653624713420863]
[0.0, 0.8420314444601535, 0.15796855553984646]
[0.0, 0.8558486297726631, 0.14415137022733693]
[0.0, 0.8462838491797448, 0.15371615082025525]
[0.0, 0.8837364256381989, 0.11626357436180113]
[0.0, 0.8581157207489014, 0.1418842792510986]
[0.0, 0.876644883453846, 0.12335511654615405]
[0.0, 0.9058130165934563, 0.09418698340654375]
[0.0, 0.8493236848711967, 0.1506763151288033]
[0.0, 0.8316621792316437, 0.16833782076835635]
[0.0, 0.8552057704329491, 0.1447942295670509]
[0.0, 0.8018572655320167, 0.19814273446798325]
[0.0, 0.7513202948123217, 0.24867970518767835]
[0.0, 0.857379501760006, 0.142620498239994]
[0.0, 0.8682016244530678, 0.1317983755469322]
[0.0, 0.9175079894065857, 0.08249201059341427]
[0.0, 0.8943855574727059, 0.10561444252729413]
[0.0, 0.9131966209411622, 0.08680337905883784]
[0.0, 0.9160814750194549, 0.08391852498054508]
[0.0, 0.8919817620515823, 0.1080182379484177]
[0.0, 0.8115207858383655, 0.1884792141616345]
[0.0, 0.8864544409513474, 0.1135455590486526]
[0.0, 0.8662063726782798, 0.13379362732172018]
[0.0, 0.8660880190134048, 0.13391198098659518]
[0.0, 0.8536899884045124, 0.14631001159548762]
[0.0, 0.7634222663193941, 0.23657773368060586]
[0.0, 0.691986380815506, 0.308013619184494]
[0.0, 0.7723626983165741, 0.22763730168342589]
[0.0, 0.7332626768946647, 0.26673732310533527]
[0.0, 0.7989936915785074, 0.20100630842149259]
[0.0, 0.7912803421914577, 0.2087196578085423]
[0.0, 0.8596141743659973, 0.1403858256340027]
[0.0, 0.859992164671421, 0.14000783532857897]
[0.0, 0.892686491906643, 0.10731350809335705]
[0.0, 0.8552103087306022, 0.14478969126939778]
[0.0, 0.9087319859862327, 0.09126801401376727]
[0.0, 0.8875106179714203, 0.11248938202857972]
[0.0, 0.8472888931632042, 0.15271110683679578]
[0.0, 0.8622194534540176, 0.13778054654598237]
[0.0, 0.7495476215332747, 0.2504523784667253]
[0.0, 0.8125930124521256, 0.18740698754787444]
[0.0, 0.855664196908474, 0.14433580309152605]
[0.0, 0.8309632302448153, 0.16903676975518467]
[0.0, 0.8658543200790882, 0.13414567992091175]
[0.0, 0.7529953917860985, 0.24700460821390147]
[0.0, 0.8584525740146637, 0.14154742598533632]
[0.0, 0.8434394052624703, 0.1565605947375297]
[0.0, 0.8556891387701034, 0.14431086122989656]
[0.0, 0.933417615890503, 0.06658238410949702]
[0.0, 0.909146084189415, 0.090853915810585]
[0.0, 0.8198690202832222, 0.18013097971677783]
[0.0, 0.6885869988426566, 0.3114130011573434]
[0.0, 0.7177399467304348, 0.28226005326956516]
[0.0, 0.8147736579179764, 0.1852263420820236]
[0.0, 0.7660229916870595, 0.23397700831294055]
[0.0, 0.8817642416059971, 0.11823575839400291]
[0.0, 0.780993011444807, 0.21900698855519296]
[0.0, 0.8824615773558616, 0.11753842264413839]
[0.0, 0.8488460808992386, 0.15115391910076137]
[0.0, 0.719860327988863, 0.280139672011137]
[0.0, 0.6450304119661451, 0.3549695880338549]
[0.0, 0.8019425256550312, 0.1980574743449688]
[0.0, 0.7864914110302925, 0.21350858896970748]
[0.0, 0.8806802520155906, 0.11931974798440936]
[0.0, 0.7592546883225441, 0.24074531167745594]
[0.0, 0.7618087774515152, 0.2381912225484848]
[0.0, 0.8364038714766502, 0.16359612852334982]
[0.0, 0.7592745703831315, 0.2407254296168685]
[0.0, 0.7842404729127884, 0.21575952708721158]
[0.0, 0.8396758425235749, 0.16032415747642514]
[0.0, 0.8329693123698234, 0.1670306876301766]
[0.0, 0.8464335621893406, 0.15356643781065937]
[0.0, 0.7664935052394867, 0.23350649476051333]
[0.0, 0.7851297767460346, 0.21487022325396543]
[0.0, 0.7611734287440777, 0.23882657125592233]
[0.0, 0.716209459900856, 0.28379054009914395]
[0.0, 0.5951674852520228, 0.4048325147479772]
[0.0, 0.6923391347378492, 0.30766086526215075]
[0.0, 0.7633361922949553, 0.2366638077050447]
[0.0, 0.6904436959326268, 0.3095563040673732]
[0.0, 0.7425995538942516, 0.2574004461057484]
[0.0, 0.812130379974842, 0.18786962002515795]
[0.0, 0.7729423968121409, 0.22705760318785906]
[0.0, 0.57833933994174, 0.42166066005826]
[0.0, 0.6443217814154923, 0.35567821858450765]
[0.0, 0.9100645571947098, 0.0899354428052902]
[0.0, 0.9495175841450691, 0.05048241585493085]
[0.0, 0.9258493641018868, 0.07415063589811322]
[0.0, 0.9443428871035576, 0.05565711289644237]
[0.0, 0.7264978684484958, 0.27350213155150416]
[1.0, 0.23746837362647055, 0.7625316263735294]
[1.0, 0.1650103822350502, 0.8349896177649498]
[1.0, 0.0923014110699296, 0.9076985889300704]
[1.0, 0.10796172861009837, 0.8920382713899017]
[1.0, 0.09112957440316677, 0.9088704255968332]
[1.0, 0.09773716643452644, 0.9022628335654735]
[1.0, 0.0814289903268218, 0.9185710096731782]
[1.0, 0.2448042618110776, 0.7551957381889224]
[1.0, 0.1130305390805006, 0.8869694609194994]
[1.0, 0.1780805427581072, 0.8219194572418929]
[1.0, 0.10891029115766288, 0.8910897088423371]
[1.0, 0.15979006823152303, 0.840209931768477]
[1.0, 0.13391891619190574, 0.8660810838080942]
[1.0, 0.1271030263788998, 0.8728969736211002]
[1.0, 0.1411390540935099, 0.8588609459064901]
[1.0, 0.09913989963009953, 0.9008601003699005]
[1.0, 0.21055229879915716, 0.7894477012008428]
[1.0, 0.1460410925745964, 0.8539589074254036]
[1.0, 0.15314607044681908, 0.846853929553181]
[1.0, 0.08796620797365903, 0.9120337920263409]
[1.0, 0.13734358005225658, 0.8626564199477434]
[1.0, 0.16145419035106898, 0.838545809648931]
[1.0, 0.38734409481287, 0.61265590518713]
[1.0, 0.25989381877705453, 0.7401061812229455]
[1.0, 0.3436965647339821, 0.656303435266018]
[1.0, 0.3581234210729599, 0.6418765789270401]
[1.0, 0.22038980178534984, 0.7796101982146502]
[1.0, 0.28801191871985793, 0.711988081280142]
[1.0, 0.2902229008823633, 0.7097770991176366]
[1.0, 0.13859849743545055, 0.8614015025645494]
[1.0, 0.24414683431386947, 0.7558531656861305]
[1.0, 0.2372412184998393, 0.7627587815001606]
[1.0, 0.18144861623644828, 0.8185513837635517]
[1.0, 0.1452930174395442, 0.8547069825604559]
[1.0, 0.2737185015529394, 0.7262814984470606]
[1.0, 0.18787060596048832, 0.8121293940395117]
[1.0, 0.17594274880364538, 0.8240572511963546]
[1.0, 0.22455942161381245, 0.7754405783861875]
[1.0, 0.15250743519514798, 0.847492564804852]
[1.0, 0.2165673813968897, 0.7834326186031103]
[1.0, 0.1443196901679039, 0.8556803098320961]
[1.0, 0.15323396492749453, 0.8467660350725055]
[1.0, 0.24697945468127727, 0.7530205453187228]
[1.0, 0.17514161873608827, 0.8248583812639118]
[1.0, 0.16880962919443845, 0.8311903708055616]
[1.0, 0.14501264072954656, 0.8549873592704534]
[1.0, 0.1623757182713598, 0.8376242817286402]
[1.0, 0.09250164417549968, 0.9074983558245003]
[1.0, 0.26349973913282154, 0.7365002608671785]
[1.0, 0.12220989000052214, 0.8777901099994778]
[1.0, 0.15066256877966225, 0.8493374312203378]
[1.0, 0.15558642976917325, 0.8444135702308267]
[1.0, 0.17966091632843018, 0.8203390836715698]
[1.0, 0.1494091859832406, 0.8505908140167594]
[1.0, 0.19372438982129098, 0.806275610178709]
[1.0, 0.14589580345898867, 0.8541041965410113]
[1.0, 0.1564419834688306, 0.8435580165311694]
[1.0, 0.16986975632607937, 0.8301302436739206]
[1.0, 0.2090393803268671, 0.7909606196731329]
[1.0, 0.12430984996259213, 0.8756901500374079]
[1.0, 0.16144111481495202, 0.838558885185048]
[1.0, 0.1747006221115589, 0.8252993778884411]
[1.0, 0.1709208383411169, 0.8290791616588831]
[1.0, 0.24700719233602286, 0.7529928076639771]
[1.0, 0.2837501943483949, 0.7162498056516051]
[1.0, 0.16076156668365002, 0.83923843331635]
[1.0, 0.10035558813251555, 0.8996444118674845]
[1.0, 0.15294449120759965, 0.8470555087924003]
[1.0, 0.14749508611857892, 0.8525049138814211]
[1.0, 0.37997324638068675, 0.6200267536193133]
[1.0, 0.18421470943838358, 0.8157852905616164]
[1.0, 0.19127845741808414, 0.8087215425819159]
[1.0, 0.10398100798018277, 0.8960189920198173]
[1.0, 0.1700289710983634, 0.8299710289016367]
[1.0, 0.1866534772142768, 0.8133465227857232]
[1.0, 0.1295719749201089, 0.870428025079891]
[1.0, 0.1326797562558204, 0.8673202437441796]
[1.0, 0.1437832768727094, 0.8562167231272906]
[1.0, 0.14929336611181498, 0.850706633888185]
[1.0, 0.11022094972431659, 0.8897790502756834]
[1.0, 0.14411313511431217, 0.8558868648856879]
[1.0, 0.14717988283373415, 0.8528201171662658]
[1.0, 0.09778064591810107, 0.9022193540818989]
[1.0, 0.14794272609055042, 0.8520572739094496]
[1.0, 0.38517931051552295, 0.614820689484477]
[1.0, 0.16824370559304952, 0.8317562944069505]
[1.0, 0.20090247586369514, 0.7990975241363049]
[1.0, 0.3299662613123655, 0.6700337386876345]
[1.0, 0.35917086884379384, 0.6408291311562062]
[1.0, 0.21446892134845258, 0.7855310786515475]
[1.0, 0.27096745669841765, 0.7290325433015823]
[1.0, 0.23800383511930703, 0.761996164880693]
[1.0, 0.4050935432314873, 0.5949064567685127]
[1.0, 0.3564799536019564, 0.6435200463980436]
[1.0, 0.16345306430011988, 0.8365469356998801]
[1.0, 0.375399228669703, 0.624600771330297]
[1.0, 0.41579039007425306, 0.584209609925747]
[1.0, 0.46674524251371624, 0.5332547574862838]
[1.0, 0.30525470729917287, 0.6947452927008271]
[1.0, 0.3747472252324224, 0.6252527747675776]
[1.0, 0.339933170452714, 0.660066829547286]
[1.0, 0.2370004679262638, 0.7629995320737362]
[1.0, 0.279544670060277, 0.7204553299397229]
[1.0, 0.17306089211255313, 0.8269391078874468]
[1.0, 0.13905642529949547, 0.8609435747005045]
[1.0, 0.3260467894375324, 0.6739532105624676]
[1.0, 0.2651343175768852, 0.7348656824231148]
[1.0, 0.35523937121033666, 0.6447606287896633]
[1.0, 0.30446412317454813, 0.6955358768254518]
[1.0, 0.23695750668644905, 0.7630424933135509]
[1.0, 0.20100179396569728, 0.7989982060343027]
[1.0, 0.12005924949422479, 0.8799407505057752]
[1.0, 0.12771719271317125, 0.8722828072868287]
[1.0, 0.13087497102096676, 0.8691250289790332]
[1.0, 0.27802078776061534, 0.7219792122393847]
[1.0, 0.2118697657994926, 0.7881302342005074]
[1.0, 0.18184374280273916, 0.8181562571972608]
[1.0, 0.14177466336637734, 0.8582253366336227]
[1.0, 0.21097459528595208, 0.7890254047140479]
[1.0, 0.33204977788031104, 0.6679502221196889]
[1.0, 0.4327123778313398, 0.5672876221686602]
[1.0, 0.17616797342896462, 0.8238320265710354]
[1.0, 0.3130366364121437, 0.6869633635878563]
[1.0, 0.2852070119045675, 0.7147929880954325]
[1.0, 0.17213333886116744, 0.8278666611388326]
[1.0, 0.1870921819843352, 0.8129078180156648]
[1.0, 0.2417818168923259, 0.7582181831076741]
[1.0, 0.16771577041596175, 0.8322842295840382]
[1.0, 0.4455665685608983, 0.5544334314391017]
[1.0, 0.18747833179309964, 0.8125216682069003]
[1.0, 0.12117177702486515, 0.8788282229751349]
[1.0, 0.28210092164576056, 0.7178990783542394]
[1.0, 0.09045037984848023, 0.9095496201515197]
[1.0, 0.21021105080842972, 0.7897889491915703]
[1.0, 0.23958350654691457, 0.7604164934530855]
[1.0, 0.12182463424280286, 0.8781753657571971]
[1.0, 0.20575508937239648, 0.7942449106276035]
[1.0, 0.14577868370339275, 0.8542213162966072]
[1.0, 0.2621769504621625, 0.7378230495378375]
[1.0, 0.20255536951124667, 0.7974446304887534]
[1.0, 0.14587529430165888, 0.8541247056983411]
[1.0, 0.13505236446857452, 0.8649476355314255]
[1.0, 0.25543945949524643, 0.7445605405047535]
[1.0, 0.12403013924136758, 0.8759698607586324]
[1.0, 0.10712867246940733, 0.8928713275305926]
[1.0, 0.14236958721652626, 0.8576304127834737]
[1.0, 0.163613895829767, 0.836386104170233]
[1.0, 0.10847409404814243, 0.8915259059518575]
[1.0, 0.31882989302277565, 0.6811701069772244]
[1.0, 0.3034542294964194, 0.6965457705035806]
[1.0, 0.1611330610141158, 0.8388669389858842]
[1.0, 0.13839907752349973, 0.8616009224765002]
[1.0, 0.2145769858174026, 0.7854230141825974]
[1.0, 0.2065436398051679, 0.7934563601948321]
[1.0, 0.14788123428821565, 0.8521187657117844]
[1.0, 0.2899812561273575, 0.7100187438726425]
[1.0, 0.13200497357174754, 0.8679950264282524]
[1.0, 0.22669119954109193, 0.773308800458908]
[1.0, 0.21938105866312982, 0.7806189413368702]
[1.0, 0.13017171640880407, 0.8698282835911959]
[1.0, 0.11501087691634894, 0.8849891230836511]
[1.0, 0.18775308765470983, 0.8122469123452902]
[1.0, 0.1185398153681308, 0.8814601846318693]
[1.0, 0.11015470210462809, 0.8898452978953719]
[1.0, 0.12423122376203537, 0.8757687762379647]
[1.0, 0.1743592032417655, 0.8256407967582345]
[1.0, 0.3526074387133121, 0.6473925612866879]
[1.0, 0.32209256041795015, 0.6779074395820499]
[1.0, 0.1853181391581893, 0.8146818608418107]
[1.0, 0.1756329033523798, 0.8243670966476202]
[1.0, 0.13105857908725738, 0.8689414209127426]
[1.0, 0.291730017401278, 0.708269982598722]
[1.0, 0.08502923939377069, 0.9149707606062293]
[1.0, 0.17561522502452134, 0.8243847749754787]
[1.0, 0.253833271432668, 0.746166728567332]
[1.0, 0.30399326913058755, 0.6960067308694124]
[1.0, 0.15281486984342338, 0.8471851301565766]
[1.0, 0.20732307286001742, 0.7926769271399826]
[1.0, 0.21384963511489333, 0.7861503648851067]
[1.0, 0.32558857440948485, 0.6744114255905151]
[1.0, 0.2346351315267384, 0.7653648684732616]
[1.0, 0.37863522276282313, 0.6213647772371769]
[1.0, 0.1591054224409163, 0.8408945775590837]
[1.0, 0.25593178197741506, 0.7440682180225849]
[1.0, 0.1596103309094906, 0.8403896690905094]
[1.0, 0.3428375181928277, 0.6571624818071723]
[1.0, 0.20778945160098375, 0.7922105483990163]
[1.0, 0.15040096373297274, 0.8495990362670273]
[1.0, 0.3545976259931922, 0.6454023740068078]
[1.0, 0.34944666758179665, 0.6505533324182033]
[1.0, 0.3634474151208997, 0.6365525848791003]
[1.0, 0.19013727201148867, 0.8098627279885113]
[1.0, 0.38578067302703856, 0.6142193269729614]
[1.0, 0.3234654236957431, 0.676534576304257]
[1.0, 0.21901543391868472, 0.7809845660813153]
[1.0, 0.2921912522986531, 0.7078087477013468]
[1.0, 0.30804116882383825, 0.6919588311761617]
[1.0, 0.32891751889139414, 0.6710824811086058]
[1.0, 0.215975448153913, 0.784024551846087]
[1.0, 0.1841996444389224, 0.8158003555610776]
[1.0, 0.3342732563242316, 0.6657267436757683]
[1.0, 0.1553852330893278, 0.8446147669106722]
[1.0, 0.19366056695580483, 0.8063394330441952]
[1.0, 0.2394816529005766, 0.7605183470994235]
[1.0, 0.4070701691135764, 0.5929298308864236]
[1.0, 0.17720973243936897, 0.822790267560631]
[1.0, 0.1989673258550465, 0.8010326741449535]
[1.0, 0.2530566094815731, 0.7469433905184268]
[1.0, 0.24988130304962397, 0.750118696950376]
[1.0, 0.2015170575119555, 0.7984829424880445]
[1.0, 0.12683736722916364, 0.8731626327708364]
[1.0, 0.18419882573187352, 0.8158011742681265]
[1.0, 0.19784811738878488, 0.8021518826112151]
[1.0, 0.1685418698936701, 0.83145813010633]
[1.0, 0.3431259747222066, 0.6568740252777934]
[1.0, 0.27519050940871237, 0.7248094905912876]
[1.0, 0.21595990229398013, 0.7840400977060199]
[1.0, 0.2907332675904036, 0.7092667324095965]
[1.0, 0.20763150120154023, 0.7923684987984598]
[1.0, 0.15603476136922836, 0.8439652386307717]
[1.0, 0.18821996616199613, 0.8117800338380039]
[1.0, 0.11731458062306047, 0.8826854193769396]
[1.0, 0.2131947868131101, 0.7868052131868899]
[1.0, 0.11285796301439405, 0.887142036985606]
[1.0, 0.2729275093600154, 0.7270724906399846]
[1.0, 0.16994696030393242, 0.8300530396960676]
[1.0, 0.2165403499826789, 0.7834596500173211]
[1.0, 0.2021240975894034, 0.7978759024105966]
[1.0, 0.3089217904210091, 0.6910782095789909]
[1.0, 0.21996189361438157, 0.7800381063856184]
[1.0, 0.19268127078190445, 0.8073187292180956]
[1.0, 0.15236347295343877, 0.8476365270465612]
[1.0, 0.1746811025030911, 0.8253188974969089]
[1.0, 0.3311898907274008, 0.6688101092725992]
[1.0, 0.17255711469799281, 0.8274428853020072]
[1.0, 0.47718555212020874, 0.5228144478797913]
[1.0, 0.23323776567354798, 0.766762234326452]
[1.0, 0.2597655473090708, 0.7402344526909292]
[1.0, 0.2551535963267088, 0.7448464036732911]
[1.0, 0.3381754777021706, 0.6618245222978294]
[1.0, 0.2668442686274648, 0.7331557313725352]
[1.0, 0.23268880432471634, 0.7673111956752836]
[1.0, 0.18722059730440377, 0.8127794026955962]
[1.0, 0.1554340320173651, 0.844565967982635]
[1.0, 0.33461811441928146, 0.6653818855807185]
[1.0, 0.49494063764810564, 0.5050593623518944]
[1.0, 0.13564762514084577, 0.8643523748591542]
[0.0, 0.5585088893026113, 0.44149111069738867]
[1.0, 0.20239796329289675, 0.7976020367071033]
[1.0, 0.4738440226018429, 0.5261559773981571]
[1.0, 0.20253261655569077, 0.7974673834443092]
[1.0, 0.37976652055978777, 0.6202334794402122]
[1.0, 0.33946188412606715, 0.6605381158739329]
[1.0, 0.393877749145031, 0.6061222508549691]
[1.0, 0.19255408586934208, 0.8074459141306579]
[1.0, 0.1623216257058084, 0.8376783742941916]
[1.0, 0.3072619054839015, 0.6927380945160986]
[1.0, 0.21883665410801767, 0.7811633458919823]
[1.0, 0.18851058207452298, 0.811489417925477]
[1.0, 0.19684983802028, 0.80315016197972]
[1.0, 0.21572879567742348, 0.7842712043225766]
[1.0, 0.39935482665896416, 0.6006451733410358]
[1.0, 0.24974854476749897, 0.750251455232501]
[1.0, 0.2933929545804858, 0.7066070454195141]
[1.0, 0.20793009653687478, 0.7920699034631252]
[1.0, 0.33986626878380777, 0.6601337312161922]
[1.0, 0.2520150253176689, 0.747984974682331]
[1.0, 0.11819668611511588, 0.8818033138848841]
[1.0, 0.14464735630899667, 0.8553526436910033]
[1.0, 0.18007186148315668, 0.8199281385168433]
[1.0, 0.1543040205910802, 0.8456959794089198]
[1.0, 0.1920582177862525, 0.8079417822137475]
[1.0, 0.13217286370694636, 0.8678271362930536]
[1.0, 0.22114433370530606, 0.7788556662946939]
[1.0, 0.09872574721463025, 0.9012742527853698]
[1.0, 0.2210476116091013, 0.7789523883908986]
[1.0, 0.12890922371298075, 0.8710907762870193]
[1.0, 0.1769889947026968, 0.8230110052973032]
[1.0, 0.16217061769217253, 0.8378293823078274]
[1.0, 0.1433034548163414, 0.8566965451836586]
[1.0, 0.18645875599235295, 0.813541244007647]
[1.0, 0.25910752823576333, 0.7408924717642367]
[1.0, 0.18264976309612393, 0.8173502369038761]
[1.0, 0.3352294310927391, 0.6647705689072609]
[1.0, 0.25999160423874856, 0.7400083957612514]
[1.0, 0.19692210976034402, 0.803077890239656]
[1.0, 0.3294696968793869, 0.6705303031206131]
[1.0, 0.3809078399837017, 0.6190921600162983]
[1.0, 0.3767773651331663, 0.6232226348668337]
[1.0, 0.44239300284534694, 0.5576069971546531]
[1.0, 0.27012825703248383, 0.7298717429675161]
[1.0, 0.26701809719204905, 0.732981902807951]
[1.0, 0.3574000177718699, 0.6425999822281301]
[1.0, 0.4387848710268736, 0.5612151289731264]
[1.0, 0.22943181542679666, 0.7705681845732033]
[1.0, 0.14530298145487905, 0.8546970185451209]
[1.0, 0.27588808299973605, 0.7241119170002639]
[1.0, 0.2550367926806211, 0.7449632073193788]
[1.0, 0.23077434765174984, 0.7692256523482501]
[1.0, 0.2717841439321637, 0.7282158560678362]
[1.0, 0.18609126299619674, 0.8139087370038033]
[1.0, 0.19267281293869018, 0.8073271870613098]
[1.0, 0.3229013629257679, 0.6770986370742321]
[1.0, 0.2820446606725454, 0.7179553393274546]
[1.0, 0.42169912248849867, 0.5783008775115013]
[1.0, 0.3358511313796043, 0.6641488686203957]
[1.0, 0.22179921627044677, 0.7782007837295533]
[1.0, 0.3917123323865235, 0.6082876676134765]
[1.0, 0.14456172816455365, 0.8554382718354463]
[1.0, 0.4337375335022807, 0.5662624664977193]
[1.0, 0.2430351907014847, 0.7569648092985153]
[1.0, 0.18724093571305275, 0.8127590642869472]
[1.0, 0.25341610841453077, 0.7465838915854692]
[1.0, 0.18094067201018332, 0.8190593279898166]
[1.0, 0.3100564648211002, 0.6899435351788998]
[1.0, 0.19825566295534372, 0.8017443370446563]
[1.0, 0.2960993630066514, 0.7039006369933486]
[1.0, 0.2300029903277755, 0.7699970096722245]
[1.0, 0.21093193754553796, 0.789068062454462]
[1.0, 0.3485021173208952, 0.6514978826791048]
[1.0, 0.19116205278784038, 0.8088379472121596]
[1.0, 0.19206456311047077, 0.8079354368895293]
[1.0, 0.18633409464731812, 0.8136659053526819]
[1.0, 0.1742396880313754, 0.8257603119686245]
[1.0, 0.23804105162620545, 0.7619589483737945]
[1.0, 0.2906066549569368, 0.7093933450430632]
[1.0, 0.3959457164257765, 0.6040542835742235]
[1.0, 0.48882266446948053, 0.5111773355305195]
[1.0, 0.17279333852231502, 0.827206661477685]
[1.0, 0.2079130459576845, 0.7920869540423154]
[1.0, 0.15931995735503734, 0.8406800426449627]
[1.0, 0.22117002125829457, 0.7788299787417055]
[1.0, 0.16991779275238514, 0.8300822072476148]
[1.0, 0.2953175999596715, 0.7046824000403284]
[1.0, 0.27235564302653076, 0.7276443569734692]
[1.0, 0.2967992508970201, 0.7032007491029799]
[1.0, 0.14774805545806885, 0.8522519445419312]
[1.0, 0.2098065783083439, 0.7901934216916561]
[1.0, 0.29767471328377726, 0.7023252867162227]
[1.0, 0.17991171017289162, 0.8200882898271084]
[1.0, 0.2309909690916538, 0.7690090309083462]
[1.0, 0.2125895255804062, 0.7874104744195938]
[1.0, 0.2843823403120041, 0.715617659687996]
[0.0, 0.8180651231110097, 0.18193487688899035]
[0.0, 0.8644269745796919, 0.13557302542030814]
[0.0, 0.9081950286030769, 0.09180497139692312]
[0.0, 0.8876202657818795, 0.11237973421812053]
[0.0, 0.8875445291399956, 0.1124554708600044]
[0.0, 0.8149956883490086, 0.1850043116509914]
[0.0, 0.8710998663306236, 0.12890013366937636]
[0.0, 0.8781901223957539, 0.12180987760424611]
[0.0, 0.9180584034323692, 0.08194159656763078]
[0.0, 0.8776318228244782, 0.12236817717552184]
[0.0, 0.9044959524273872, 0.09550404757261277]
[0.0, 0.8981450328230858, 0.10185496717691422]
[0.0, 0.9208720424771308, 0.07912795752286916]
[0.0, 0.8962115600705147, 0.10378843992948528]
[0.0, 0.8870506045222283, 0.11294939547777172]
[0.0, 0.9141694456338882, 0.08583055436611176]
[0.0, 0.8834630060195923, 0.11653699398040773]
[0.0, 0.8555678803473711, 0.14443211965262892]
[0.0, 0.8163659846782685, 0.18363401532173151]
[0.0, 0.7562882750853896, 0.24371172491461035]
[0.0, 0.7604721606522798, 0.23952783934772015]
[0.0, 0.8959536257386208, 0.1040463742613792]
[0.0, 0.8778875270485877, 0.12211247295141225]
[0.0, 0.9017688158154488, 0.09823118418455123]
[0.0, 0.9012742471694947, 0.09872575283050533]
[0.0, 0.874446167498827, 0.12555383250117302]
[0.0, 0.8505460053682328, 0.14945399463176723]
[0.0, 0.8405329333245755, 0.15946706667542454]
[0.0, 0.9143972358107567, 0.08560276418924329]
[0.0, 0.7721859511733055, 0.22781404882669454]
[0.0, 0.8198708006739617, 0.18012919932603833]
[0.0, 0.8574447806179524, 0.14255521938204763]
[0.0, 0.820213902592659, 0.17978609740734097]
[0.0, 0.9046853518486023, 0.09531464815139767]
[0.0, 0.677689666301012, 0.322310333698988]
[0.0, 0.7730238261073827, 0.22697617389261726]
[0.0, 0.8241546356678009, 0.1758453643321991]
[0.0, 0.8220936447381973, 0.17790635526180265]
[0.0, 0.8005811348930001, 0.1994188651069999]
[0.0, 0.7015853323042393, 0.29841466769576075]
[0.0, 0.8332028909027577, 0.16679710909724232]
[0.0, 0.8941746196150779, 0.10582538038492206]
[0.0, 0.7560311603546143, 0.24396883964538574]
[0.0, 0.8562634620070457, 0.14373653799295427]
[0.0, 0.728013025559485, 0.271986974440515]
[0.0, 0.6221868233196437, 0.3778131766803563]
[0.0, 0.8216223917901516, 0.17837760820984838]
[0.0, 0.7052636850625277, 0.2947363149374723]
[0.0, 0.6064759667217732, 0.3935240332782268]
[0.0, 0.8107199057936668, 0.18928009420633318]
[0.0, 0.7873834845423698, 0.21261651545763016]
[0.0, 0.726893648467958, 0.273106351532042]
[0.0, 0.7928199899196625, 0.20718001008033748]
[0.0, 0.6192694399133325, 0.3807305600866675]
[0.0, 0.8784801329672337, 0.1215198670327663]
[0.0, 0.8553517884016038, 0.14464821159839625]
[0.0, 0.869499200284481, 0.13050079971551898]
[0.0, 0.7592916799336672, 0.2407083200663328]
[0.0, 0.7827693969011307, 0.21723060309886932]
[0.0, 0.7648497939109802, 0.23515020608901982]
[0.0, 0.7691094794869423, 0.2308905205130577]
[0.0, 0.9299376741051674, 0.07006232589483263]
[0.0, 0.8909188428521156, 0.10908115714788436]
[0.0, 0.7863667257130146, 0.21363327428698542]
[0.0, 0.8467839661240578, 0.15321603387594218]
[0.0, 0.8462916639447212, 0.15370833605527878]
[0.0, 0.7354873551800847, 0.2645126448199153]
[0.0, 0.821872274428606, 0.178127725571394]
[0.0, 0.7762168499827385, 0.22378315001726146]
[0.0, 0.8537318068742752, 0.1462681931257248]
[0.0, 0.7829298961162567, 0.21707010388374326]
[0.0, 0.8334472799301147, 0.1665527200698853]
[0.0, 0.7319952903687954, 0.2680047096312046]
[0.0, 0.7774465197324752, 0.22255348026752475]
[0.0, 0.8773953801393509, 0.12260461986064908]
[0.0, 0.8460555177927017, 0.15394448220729828]
[0.0, 0.85453171312809, 0.14546828687191005]
[0.0, 0.8384200295805931, 0.16157997041940686]
[0.0, 0.7562073273956775, 0.24379267260432247]
[0.0, 0.8276503257453441, 0.17234967425465586]
[0.0, 0.8096059896051884, 0.19039401039481163]
[0.0, 0.8044854892045259, 0.1955145107954741]
[0.0, 0.8207908472418786, 0.17920915275812144]
[0.0, 0.7895571494102478, 0.2104428505897522]
[0.0, 0.7454987837374211, 0.25450121626257893]
[0.0, 0.7735939146578312, 0.22640608534216877]
[0.0, 0.6974935905635357, 0.30250640943646434]
[0.0, 0.7960030452162027, 0.2039969547837973]
[0.0, 0.7677073415368796, 0.23229265846312042]
[0.0, 0.8249271982908248, 0.17507280170917516]
[0.0, 0.8161866021156311, 0.1838133978843689]
[0.0, 0.8109831255674362, 0.18901687443256376]
[0.0, 0.7541925060749054, 0.2458074939250946]
[0.0, 0.7981195765733718, 0.20188042342662815]
[0.0, 0.8255488739907741, 0.17445112600922585]
[0.0, 0.8438901661336422, 0.1561098338663578]
[0.0, 0.8749802446365357, 0.12501975536346432]
[0.0, 0.8362365952134132, 0.1637634047865868]
[0.0, 0.7854035472869874, 0.21459645271301264]
[0.0, 0.9101815888285637, 0.0898184111714363]
[0.0, 0.5929568826779723, 0.4070431173220277]
[0.0, 0.7688458237051964, 0.23115417629480361]
[0.0, 0.6487623598054051, 0.3512376401945949]
[0.0, 0.7597777933627367, 0.24022220663726335]
[0.0, 0.7886820846796035, 0.21131791532039645]
[0.0, 0.8693041145801544, 0.13069588541984556]
[0.0, 0.7534086802601814, 0.24659131973981863]
[0.0, 0.862230669260025, 0.137769330739975]
[0.0, 0.8343528220057488, 0.16564717799425122]
[0.0, 0.8622381362318993, 0.13776186376810073]
[0.0, 0.8197827985975892, 0.18021720140241082]
[0.0, 0.8571857953816653, 0.14281420461833472]
[0.0, 0.8199886500835418, 0.18001134991645817]
[0.0, 0.829055047929287, 0.17094495207071303]
[0.0, 0.8817298647761345, 0.11827013522386554]
[0.0, 0.7521240467950702, 0.24787595320492983]
[0.0, 0.7739073621481657, 0.2260926378518343]
[0.0, 0.7295749799162149, 0.2704250200837851]
[0.0, 0.7397202038764954, 0.2602797961235046]
[0.0, 0.7541771533712744, 0.24582284662872556]
[0.0, 0.8007303337752819, 0.1992696662247181]
[0.0, 0.7867023427784443, 0.2132976572215557]
[0.0, 0.827701555043459, 0.172298444956541]
[0.0, 0.8867630326747894, 0.1132369673252106]
[0.0, 0.8790858447551727, 0.12091415524482729]
[0.0, 0.8710206392407417, 0.1289793607592583]
[0.0, 0.8756424704194069, 0.1243575295805931]
[0.0, 0.8373205754160881, 0.16267942458391194]
[0.0, 0.8472745610773563, 0.15272543892264367]
[0.0, 0.8783145878463984, 0.12168541215360162]
[0.0, 0.8708782264590263, 0.12912177354097365]
[0.0, 0.792628838121891, 0.207371161878109]
[0.0, 0.790594395250082, 0.20940560474991798]
[0.0, 0.7207651240751147, 0.2792348759248853]
[0.0, 0.7786859998106956, 0.22131400018930436]
[0.0, 0.748791897892952, 0.251208102107048]
[0.0, 0.7215727631375194, 0.2784272368624806]
[0.0, 0.7484636004269123, 0.2515363995730877]
[0.0, 0.8495588573813438, 0.15044114261865615]
[0.0, 0.7777946436405182, 0.2222053563594818]
[0.0, 0.8827667635679245, 0.1172332364320755]
[0.0, 0.8098815470933914, 0.19011845290660856]
[0.0, 0.7495114123821258, 0.2504885876178742]
[0.0, 0.7703239031136035, 0.22967609688639645]
[0.0, 0.7466121332719922, 0.25338786672800784]
[0.0, 0.6127473495528102, 0.3872526504471898]
[0.0, 0.7490255186893046, 0.25097448131069544]
[0.0, 0.857204450070858, 0.142795549929142]
[0.0, 0.7432105423510075, 0.2567894576489925]
[0.0, 0.7347332841157913, 0.2652667158842087]
[0.0, 0.764821519330144, 0.23517848066985603]
[0.0, 0.8081965285539627, 0.19180347144603727]
[0.0, 0.6380584307014943, 0.36194156929850574]
[0.0, 0.7272885484993458, 0.27271145150065423]
[0.0, 0.8408037766814231, 0.15919622331857686]
[0.0, 0.69499187707901, 0.30500812292099]
[0.0, 0.729439723342657, 0.27056027665734295]
[0.0, 0.7926925737410784, 0.20730742625892162]
[0.0, 0.7690943433344364, 0.23090565666556362]
[0.0, 0.7566953107714653, 0.24330468922853465]
[0.0, 0.7174114128947258, 0.28258858710527424]
[0.0, 0.8067386296391487, 0.19326137036085134]
[0.0, 0.7077204512897879, 0.2922795487102121]
[0.0, 0.7768798115104437, 0.22312018848955628]
[0.0, 0.7551904528588057, 0.2448095471411943]
[0.0, 0.7875699940323829, 0.21243000596761707]
[0.0, 0.6831485343817622, 0.31685146561823785]
[0.0, 0.6184747453033924, 0.3815252546966076]
[0.0, 0.8290678024291992, 0.1709321975708008]
[0.0, 0.6821459548175335, 0.3178540451824665]
[0.0, 0.7459844353795052, 0.2540155646204948]
[0.0, 0.8400254854559899, 0.15997451454401013]
[0.0, 0.8429098987579345, 0.15709010124206546]
[0.0, 0.8827942970395088, 0.11720570296049115]
[0.0, 0.8425367552042008, 0.1574632447957992]
[0.0, 0.8414558316767216, 0.15854416832327844]
[0.0, 0.8486315220594406, 0.1513684779405594]
[0.0, 0.8703663465380669, 0.12963365346193312]
[0.0, 0.8895312324166298, 0.11046876758337021]
[0.0, 0.7932058909535408, 0.20679410904645923]
[0.0, 0.858975712954998, 0.14102428704500203]
[0.0, 0.8492398399859666, 0.15076016001403336]
[0.0, 0.8734992378950119, 0.12650076210498806]
[0.0, 0.9032720053195953, 0.09672799468040472]
[0.0, 0.9219321355223655, 0.07806786447763447]
[0.0, 0.8916251969337463, 0.10837480306625369]
[0.0, 0.9125560587644577, 0.08744394123554233]
[0.0, 0.8846188536286355, 0.11538114637136454]
[0.0, 0.7982920292019844, 0.2017079707980156]
[0.0, 0.7876511229574681, 0.2123488770425319]
[0.0, 0.8661693821847439, 0.13383061781525607]
[0.0, 0.8259529902786017, 0.1740470097213983]
[0.0, 0.8469920313358307, 0.15300796866416932]
[0.0, 0.8585045915842057, 0.14149540841579433]
[0.0, 0.8594595330953598, 0.14054046690464017]
[0.0, 0.8567919161915779, 0.1432080838084221]
[0.0, 0.8883409696817398, 0.11165903031826019]
[0.0, 0.7571516505256295, 0.2428483494743705]
[0.0, 0.8281654235720635, 0.17183457642793654]
[0.0, 0.8487407684326171, 0.15125923156738286]
[0.0, 0.8326930476725102, 0.16730695232748982]
[0.0, 0.8510033769905567, 0.14899662300944327]
[0.0, 0.8979243814945221, 0.10207561850547786]
[0.0, 0.8943027716875076, 0.1056972283124924]
[0.0, 0.7789936122857034, 0.2210063877142966]
[0.0, 0.7667658048868179, 0.2332341951131821]
[0.0, 0.755302350372076, 0.24469764962792395]
[0.0, 0.8709384981542826, 0.1290615018457174]
[0.0, 0.7472035011649132, 0.2527964988350868]
[0.0, 0.804072178453207, 0.195927821546793]
[0.0, 0.8674136438965797, 0.1325863561034203]
[0.0, 0.8277433528006077, 0.17225664719939227]
[0.0, 0.846537868231535, 0.15346213176846502]
[0.0, 0.8867061758041381, 0.11329382419586187]
[0.0, 0.8278390261530876, 0.17216097384691242]
[0.0, 0.8813581484556198, 0.11864185154438023]
[0.0, 0.8612649866938591, 0.1387350133061409]
[0.0, 0.8244648140668869, 0.17553518593311312]
[0.0, 0.8465979563444853, 0.15340204365551469]
[0.0, 0.7364666554331779, 0.2635333445668221]
[0.0, 0.8507291507720948, 0.14927084922790523]
[0.0, 0.8020706059038639, 0.19792939409613608]
[0.0, 0.8278438767790794, 0.17215612322092055]
[0.0, 0.8769013494253158, 0.12309865057468417]
[0.0, 0.8904280268400907, 0.1095719731599093]
[0.0, 0.8939613738656044, 0.10603862613439563]
[0.0, 0.8566307473182678, 0.14336925268173217]
[0.0, 0.8709331697225571, 0.12906683027744292]
[0.0, 0.9032665026187897, 0.09673349738121029]
[0.0, 0.8688529694080352, 0.13114703059196475]
[0.0, 0.9927727243304253, 0.0072272756695747065]
[0.0, 0.989888109266758, 0.010111890733242035]
[0.0, 0.9912342628836632, 0.00876573711633677]
[0.0, 0.989888109266758, 0.010111890733242035]
[0.0, 0.9912342628836632, 0.00876573711633677]
[0.0, 0.9845675963163376, 0.015432403683662388]
[0.0, 0.9861060577630997, 0.013893942236900325]
[0.0, 0.9912342628836632, 0.00876573711633677]
[0.0, 0.9863156026601791, 0.013684397339820853]
[0.0, 0.9863156026601791, 0.013684397339820853]
[0.0, 0.8269080517441034, 0.17309194825589658]
[0.0, 0.9005121389776468, 0.09948786102235319]
[0.0, 0.9454657199978829, 0.05453428000211713]
[0.0, 0.8559170559793711, 0.14408294402062893]
[0.0, 0.8531718792021274, 0.14682812079787255]
[0.0, 0.8049575415998698, 0.19504245840013024]
[0.0, 0.8542742957919836, 0.14572570420801645]
[0.0, 0.8859905895590782, 0.11400941044092183]
[0.0, 0.8392471051216126, 0.1607528948783874]
[0.0, 0.8469582944363355, 0.15304170556366448]
[0.0, 0.9026901060342789, 0.0973098939657211]
[0.0, 0.9274334713816643, 0.07256652861833568]
[0.0, 0.9490752622485161, 0.05092473775148387]
[0.0, 0.9480675774812698, 0.051932422518730204]
[0.0, 0.9251071664690972, 0.07489283353090281]
[0.0, 0.9410370749235153, 0.05896292507648471]
[0.0, 0.9408549004793167, 0.05914509952068325]
[0.0, 0.9376737928390503, 0.06232620716094972]
[0.0, 0.9136246076226234, 0.08637539237737657]
[0.0, 0.864040942788124, 0.13595905721187596]
[0.0, 0.9442266947031022, 0.055773305296897835]
[0.0, 0.8806624460220337, 0.1193375539779663]
[0.0, 0.8536482427269221, 0.14635175727307792]
[0.0, 0.8565346118807793, 0.14346538811922072]
[0.0, 0.840110721886158, 0.15988927811384201]
[0.0, 0.8945172458887101, 0.10548275411128993]
[0.0, 0.9006372088193894, 0.09936279118061064]
[0.0, 0.7966623850166797, 0.20333761498332026]
[0.0, 0.882941487133503, 0.11705851286649704]
[0.0, 0.8877320593595505, 0.11226794064044954]
[0.0, 0.8864656686782837, 0.11353433132171631]
[0.0, 0.9111616930365563, 0.08883830696344375]
[0.0, 0.8560823519527913, 0.14391764804720875]
[0.0, 0.8573289883136749, 0.14267101168632512]
[0.0, 0.8708857855200768, 0.12911421447992322]
[0.0, 0.8507058706879616, 0.14929412931203845]
[0.0, 0.8195867985859513, 0.1804132014140487]
[0.0, 0.841057510972023, 0.15894248902797703]
[0.0, 0.8172934188693762, 0.18270658113062377]
[0.0, 0.8400892809033393, 0.15991071909666066]
[0.0, 0.8086360666155815, 0.19136393338441848]
[0.0, 0.8568416807055473, 0.14315831929445266]
[0.0, 0.843203596174717, 0.15679640382528304]
[0.0, 0.8092972344905138, 0.19070276550948617]
[0.0, 0.7598850129544735, 0.24011498704552647]
[0.0, 0.8369490371644497, 0.16305096283555032]
[0.0, 0.8595582883059979, 0.1404417116940021]
[0.0, 0.8978782480955124, 0.10212175190448758]
[0.0, 0.9188369098305702, 0.0811630901694298]
[0.0, 0.9099973699450493, 0.09000263005495068]
[0.0, 0.9494465854763985, 0.050553414523601514]
[0.0, 0.8958394560217857, 0.10416054397821428]
[0.0, 0.8079471355676651, 0.19205286443233494]
[1.0, 0.12193214118480683, 0.8780678588151931]
[1.0, 0.09646661583334208, 0.903533384166658]
[1.0, 0.046623376607894895, 0.953376623392105]
[1.0, 0.06528308928012848, 0.9347169107198715]
[1.0, 0.05444080851972103, 0.945559191480279]
[1.0, 0.08882363822311162, 0.9111763617768884]
[1.0, 0.07316422417759895, 0.9268357758224011]
[1.0, 0.06783149082213641, 0.9321685091778635]
[1.0, 0.08944399464875459, 0.9105560053512454]
[1.0, 0.11862686906009913, 0.8813731309399009]
[1.0, 0.12411706510931253, 0.8758829348906875]
[1.0, 0.06519085574895143, 0.9348091442510486]
[1.0, 0.06871186334639788, 0.9312881366536021]
[1.0, 0.16629305619746446, 0.8337069438025355]
[1.0, 0.14781675066798924, 0.8521832493320107]
[1.0, 0.384761676043272, 0.6152383239567281]
[1.0, 0.13212766468524934, 0.8678723353147506]
[1.0, 0.2006999571621418, 0.7993000428378582]
[1.0, 0.10283606350421906, 0.897163936495781]
[1.0, 0.08923710353672504, 0.910762896463275]
[1.0, 0.11509864635765553, 0.8849013536423445]
[1.0, 0.10209524303674698, 0.897904756963253]
[1.0, 0.10513242706656456, 0.8948675729334354]
[1.0, 0.08671789646148681, 0.9132821035385132]
[1.0, 0.23227859511971474, 0.7677214048802853]
[1.0, 0.11231079109013081, 0.8876892089098691]
[1.0, 0.11370069712400437, 0.8862993028759957]
[1.0, 0.10275105051696301, 0.897248949483037]
[1.0, 0.14687804266810417, 0.8531219573318958]
[1.0, 0.13274450965225695, 0.8672554903477431]
[1.0, 0.16973512455821038, 0.8302648754417896]
[1.0, 0.09102139197289943, 0.9089786080271005]
[1.0, 0.0914503962919116, 0.9085496037080885]
[1.0, 0.08299689199775458, 0.9170031080022454]
[1.0, 0.09512460306286812, 0.9048753969371319]
[1.0, 0.11262229681015015, 0.8873777031898499]
[1.0, 0.10727374285459518, 0.8927262571454049]
[1.0, 0.1181011962145567, 0.8818988037854433]
[1.0, 0.09491192150861025, 0.9050880784913897]
[1.0, 0.16072572205215693, 0.839274277947843]
[1.0, 0.13257447563111782, 0.8674255243688822]
[1.0, 0.1790907996147871, 0.8209092003852129]
[1.0, 0.2585010704398155, 0.7414989295601845]
[1.0, 0.16519492894411086, 0.8348050710558892]
[1.0, 0.15894482985138894, 0.8410551701486111]
[1.0, 0.2493805332481861, 0.7506194667518139]
[1.0, 0.2524486066401005, 0.7475513933598995]
[1.0, 0.23432914244011044, 0.7656708575598896]
[1.0, 0.2666325678117573, 0.7333674321882426]
[1.0, 0.32826118618249894, 0.6717388138175011]
[1.0, 0.21218784108757974, 0.7878121589124203]
[1.0, 0.27359418470412494, 0.726405815295875]
[1.0, 0.15473487965762614, 0.8452651203423739]
[1.0, 0.18079734180122614, 0.8192026581987739]
[1.0, 0.3091688682883978, 0.6908311317116023]
[1.0, 0.28641134381294253, 0.7135886561870575]
[1.0, 0.4332841607183218, 0.5667158392816782]
[1.0, 0.35134120885282755, 0.6486587911471724]
[1.0, 0.2974238421022892, 0.7025761578977108]
[1.0, 0.1932707642018795, 0.8067292357981205]
[1.0, 0.14409786097705365, 0.8559021390229463]
[1.0, 0.14890869915485383, 0.8510913008451462]
[1.0, 0.25014230359345674, 0.7498576964065433]
[1.0, 0.17861442605033517, 0.8213855739496648]
[1.0, 0.2771699333190918, 0.7228300666809082]
[1.0, 0.13886000402271748, 0.8611399959772825]
[1.0, 0.32755168294534087, 0.6724483170546591]
[1.0, 0.1801511114835739, 0.8198488885164261]
[1.0, 0.27330745553597807, 0.726692544464022]
[1.0, 0.22221278458833693, 0.7777872154116631]
[1.0, 0.2100625497661531, 0.7899374502338469]
[1.0, 0.35497234597802163, 0.6450276540219784]
[1.0, 0.2880318880081177, 0.7119681119918824]
[1.0, 0.2399807547032833, 0.7600192452967167]
[1.0, 0.2164236332476139, 0.7835763667523861]
[1.0, 0.276103000510484, 0.723896999489516]
[1.0, 0.3979486868530512, 0.6020513131469488]
[1.0, 0.3755175254307687, 0.6244824745692312]
[1.0, 0.2757521246373653, 0.7242478753626347]
[1.0, 0.2260678589902818, 0.7739321410097182]
[1.0, 0.23177888080477715, 0.7682211191952228]
[1.0, 0.16656295463442802, 0.833437045365572]
[1.0, 0.23039055459201335, 0.7696094454079867]
[1.0, 0.14935527712106705, 0.8506447228789329]
[1.0, 0.11605051822960377, 0.8839494817703962]
[1.0, 0.0816220686584711, 0.9183779313415289]
[1.0, 0.059055733140558, 0.940944266859442]
[1.0, 0.11074470227584243, 0.8892552977241576]
[1.0, 0.07937683578580618, 0.9206231642141938]
[1.0, 0.13787683572620155, 0.8621231642737984]
[1.0, 0.04567485060542822, 0.9543251493945718]
[1.0, 0.03443335399031639, 0.9655666460096836]
[1.0, 0.035674850605428216, 0.9643251493945718]
[1.0, 0.02895793478935957, 0.9710420652106404]
[1.0, 0.035674850605428216, 0.9643251493945718]
[1.0, 0.17441132001578807, 0.8255886799842119]
[1.0, 0.04205612910911441, 0.9579438708908856]
[1.0, 0.11998233653604984, 0.8800176634639502]
[1.0, 0.03921353543177247, 0.9607864645682276]
[1.0, 0.029333319906145336, 0.9706666800938547]
[1.0, 0.04539666324853897, 0.954603336751461]
[1.0, 0.05815171182155609, 0.9418482881784439]
[1.0, 0.06539666324853897, 0.934603336751461]
[1.0, 0.0479725519567728, 0.9520274480432271]
[1.0, 0.08155669130384922, 0.9184433086961508]
[1.0, 0.09795271076261997, 0.9020472892373801]
[1.0, 0.06534120388329029, 0.9346587961167097]
[1.0, 0.047153571620583534, 0.9528464283794165]
[1.0, 0.06495545202866197, 0.9350445479713381]
[1.0, 0.03915969813242555, 0.9608403018675744]
[1.0, 0.05311133101582527, 0.9468886689841747]
[1.0, 0.052889597117900845, 0.9471104028820991]
[1.0, 0.0342825723439455, 0.9657174276560545]
[1.0, 0.11099150868132711, 0.8890084913186729]
[1.0, 0.034372684620320795, 0.9656273153796792]
[1.0, 0.09353119106963277, 0.9064688089303672]
[1.0, 0.03046857502311468, 0.9695314249768853]
[1.0, 0.03580125603824854, 0.9641987439617514]
[1.0, 0.08753035202622414, 0.9124696479737758]
[1.0, 0.11976570576429367, 0.8802342942357063]
[1.0, 0.12829621016979217, 0.8717037898302078]
[1.0, 0.04656149033457041, 0.9534385096654296]
[1.0, 0.05090137626975775, 0.9490986237302422]
[1.0, 0.07004997286945581, 0.9299500271305442]
[1.0, 0.05145047221332789, 0.9485495277866721]
[1.0, 0.2327351251244545, 0.7672648748755455]
[1.0, 0.18358835965394973, 0.8164116403460503]
[1.0, 0.25075118113309147, 0.7492488188669085]
[1.0, 0.10540923878550529, 0.8945907612144948]
[1.0, 0.1280700907856226, 0.8719299092143774]
[1.0, 0.059007551465183494, 0.9409924485348165]
[1.0, 0.14412360230460763, 0.8558763976953924]
[1.0, 0.07595392646268011, 0.9240460735373199]
[1.0, 0.09190811619162559, 0.9080918838083745]
[1.0, 0.07902740109711885, 0.9209725989028812]
[1.0, 0.07081845495849848, 0.9291815450415015]
[1.0, 0.1853516109287739, 0.8146483890712262]
[1.0, 0.15188155099749565, 0.8481184490025043]
[1.0, 0.2846028885245323, 0.7153971114754677]
[0.0, 0.8206016282737255, 0.17939837172627449]
[0.0, 0.9275656273961067, 0.0724343726038933]
[0.0, 0.9457918870449066, 0.054208112955093424]
[0.0, 0.9229466468095779, 0.07705335319042206]
[0.0, 0.8986593621969223, 0.10134063780307767]
[0.0, 0.9032001304626465, 0.09679986953735353]
[0.0, 0.8870061963796616, 0.1129938036203384]
[0.0, 0.8719284379482269, 0.12807156205177306]
[0.0, 0.8795958736538887, 0.1204041263461113]
[0.0, 0.7847021297365427, 0.21529787026345726]
[0.0, 0.8155324971675872, 0.18446750283241276]
[0.0, 0.9198712977766991, 0.08012870222330093]
[0.0, 0.9012670108675956, 0.09873298913240436]
[0.0, 0.9498157608509064, 0.050184239149093646]
[0.0, 0.897336797863245, 0.10266320213675495]
[0.0, 0.8878769993782043, 0.1121230006217957]
[0.0, 0.9291252839565277, 0.07087471604347229]
[0.0, 0.9110271176695823, 0.08897288233041767]
[0.0, 0.8950754624605178, 0.10492453753948217]
[0.0, 0.8967173209786415, 0.10328267902135846]
[0.0, 0.9000204002857208, 0.09997959971427917]
[0.0, 0.8768802744150161, 0.12311972558498385]
[0.0, 0.9338652777671814, 0.06613472223281858]
[0.0, 0.8919125807285309, 0.10808741927146914]
[0.0, 0.9184070697426796, 0.0815929302573204]
[0.0, 0.9266749504208565, 0.07332504957914354]
[0.0, 0.9180981841683388, 0.08190181583166123]
[0.0, 0.9134438011050224, 0.08655619889497757]
[0.0, 0.9229770204424859, 0.07702297955751414]
[0.0, 0.9185964426398278, 0.08140355736017224]
[0.0, 0.8689543184638023, 0.13104568153619767]
[0.0, 0.8716465204954147, 0.1283534795045853]
[0.0, 0.8028723114728927, 0.19712768852710727]
[0.0, 0.8163895964622497, 0.18361040353775027]
[0.0, 0.858804642111063, 0.141195357888937]
[0.0, 0.8089734135568142, 0.19102658644318582]
[0.0, 0.8732553136348724, 0.1267446863651276]
[0.0, 0.8662967798113823, 0.1337032201886177]
[0.0, 0.8468143707513809, 0.15318562924861912]
[0.0, 0.8718571257591248, 0.12814287424087523]
[0.0, 0.8270611298084259, 0.17293887019157406]
[0.0, 0.8449943882226943, 0.15500561177730565]
[0.0, 0.824009716808796, 0.17599028319120402]
[0.0, 0.7982184645533562, 0.2017815354466438]
[0.0, 0.8766463851928711, 0.12335361480712892]
[0.0, 0.8200941267609596, 0.1799058732390404]
[0.0, 0.8296724234521389, 0.17032757654786113]
[0.0, 0.8019306928664446, 0.19806930713355542]
[0.0, 0.8728850091993808, 0.12711499080061917]
[0.0, 0.7862111285328865, 0.21378887146711345]
[0.0, 0.8612367007136345, 0.13876329928636555]
[0.0, 0.8257260602712632, 0.17427393972873684]
[0.0, 0.8337724149227143, 0.16622758507728574]
[0.0, 0.706862309873104, 0.29313769012689594]
[0.0, 0.8703378853201866, 0.12966211467981337]
[0.0, 0.8145049288868904, 0.1854950711131096]
[0.0, 0.868430500626564, 0.13156949937343598]
[0.0, 0.837424347102642, 0.16257565289735798]
[0.0, 0.7286157432943583, 0.2713842567056417]
[0.0, 0.7760079883038997, 0.22399201169610028]
[0.0, 0.8062752771377564, 0.19372472286224363]
[0.0, 0.8410495832562447, 0.15895041674375532]
[0.0, 0.8377212759852409, 0.16227872401475907]
[0.0, 0.8319849506020546, 0.16801504939794543]
[0.0, 0.8204543195664883, 0.1795456804335117]
[0.0, 0.8128879693895579, 0.18711203061044213]
[0.0, 0.8353903079032898, 0.16460969209671017]
[0.0, 0.8783004578202963, 0.12169954217970369]
[0.0, 0.9004966670274734, 0.09950333297252656]
[0.0, 0.8456663249433041, 0.15433367505669593]
[0.0, 0.8963216415047646, 0.10367835849523543]
[0.0, 0.895393139719963, 0.10460686028003696]
[0.0, 0.8869852128624917, 0.11301478713750834]
[0.0, 0.8986968651413918, 0.1013031348586082]
[0.0, 0.8999477106332779, 0.10005228936672206]
[0.0, 0.8763158255815506, 0.12368417441844937]
[0.0, 0.8992134438455105, 0.1007865561544895]
[0.0, 0.8537809936702252, 0.1462190063297748]
[0.0, 0.7932306008227169, 0.2067693991772831]
[0.0, 0.9259888145327568, 0.07401118546724317]
[0.0, 0.88456373244524, 0.11543626755476]
[0.0, 0.8140092262625694, 0.18599077373743056]
[0.0, 0.8639376193284989, 0.13606238067150112]
[0.0, 0.8793959146738053, 0.12060408532619471]
[0.0, 0.909375778734684, 0.090624221265316]
[0.0, 0.8627058467268944, 0.13729415327310557]
[0.0, 0.8554506275057793, 0.14454937249422073]
[0.0, 0.8627616333961486, 0.13723836660385136]
[0.0, 0.8730336934328079, 0.1269663065671921]
[0.0, 0.9380021023750306, 0.061997897624969434]
[0.0, 0.9429387390613556, 0.05706126093864439]
[0.0, 0.924405876994133, 0.07559412300586699]
[0.0, 0.8919975954294205, 0.10800240457057952]
[1.0, 0.20354433059692384, 0.7964556694030762]
[1.0, 0.14911839896813034, 0.8508816010318696]
[1.0, 0.18181339314207434, 0.8181866068579257]
[1.0, 0.3341297174990177, 0.6658702825009823]
[1.0, 0.3710299647971988, 0.6289700352028011]
[1.0, 0.258869347050786, 0.741130652949214]
[0.0, 0.771467000991106, 0.228532999008894]
[0.0, 0.8793195833265781, 0.12068041667342189]
[0.0, 0.883989107310772, 0.11601089268922804]
[0.0, 0.8536574837565422, 0.14634251624345784]
[0.0, 0.8700422301888466, 0.12995776981115337]
[0.0, 0.8907044997811318, 0.10929550021886825]
[0.0, 0.8652465032041072, 0.13475349679589277]
[0.0, 0.8526588234305382, 0.14734117656946177]
[0.0, 0.901693026125431, 0.09830697387456899]
[0.0, 0.8967977082729339, 0.10320229172706608]
[0.0, 0.8968524503707885, 0.10314754962921147]
[0.0, 0.9062488883733749, 0.09375111162662508]
[0.0, 0.8201564601063729, 0.1798435398936271]
[0.0, 0.8297843089699746, 0.17021569103002543]
[0.0, 0.8550838312506676, 0.14491616874933244]
[0.0, 0.8701072230935096, 0.12989277690649037]
[0.0, 0.7701536530256271, 0.2298463469743729]
[0.0, 0.8488871952146292, 0.1511128047853708]
[0.0, 0.746361634656787, 0.25363836534321305]
[0.0, 0.8028385550528765, 0.1971614449471235]
[0.0, 0.8515851408243179, 0.1484148591756821]
[0.0, 0.8196407509595156, 0.1803592490404844]
[0.0, 0.8444471424818039, 0.15555285751819614]
[0.0, 0.7294942975789308, 0.2705057024210692]
[0.0, 0.9066080889105796, 0.09339191108942035]
[0.0, 0.8884422042220831, 0.11155779577791691]
[0.0, 0.8981028380990028, 0.10189716190099718]
[0.0, 0.9123280408978462, 0.08767195910215375]
[0.0, 0.8974655163288117, 0.10253448367118834]
[1.0, 0.2872940404713154, 0.7127059595286847]
[1.0, 0.2319119556248188, 0.7680880443751812]
[1.0, 0.3359560379385948, 0.6640439620614051]
[1.0, 0.3003153443336487, 0.6996846556663513]
[1.0, 0.40809566900134087, 0.5919043309986591]
[1.0, 0.3725366452336311, 0.6274633547663688]
[1.0, 0.3174887593090534, 0.6825112406909466]
[1.0, 0.3050973618030548, 0.6949026381969452]
[0.0, 0.859059228003025, 0.14094077199697497]
[0.0, 0.8571212658286095, 0.14287873417139052]
[0.0, 0.8882768326997756, 0.11172316730022436]
[0.0, 0.7708394174277783, 0.22916058257222172]
[0.0, 0.8586524173617363, 0.14134758263826375]
[0.0, 0.7738375410437583, 0.22616245895624165]
[0.0, 0.8070044222474099, 0.19299557775259013]
[0.0, 0.7993131530284882, 0.20068684697151185]
[0.0, 0.8247267470508813, 0.17527325294911866]
[0.0, 0.8703912815451622, 0.1296087184548378]
[0.0, 0.8244679060578346, 0.1755320939421654]
[0.0, 0.8168891376256943, 0.18311086237430574]
[0.0, 0.8188203802704811, 0.1811796197295189]
[0.0, 0.8765341180562973, 0.12346588194370267]
[0.0, 0.8285387623310089, 0.17146123766899113]
[0.0, 0.8854446285963058, 0.1145553714036942]
[0.0, 0.8960282573103905, 0.10397174268960951]
[0.0, 0.8453273664414883, 0.15467263355851169]
[0.0, 0.799861099421978, 0.20013890057802197]
[0.0, 0.8611265433579683, 0.13887345664203166]
[0.0, 0.8897028595209122, 0.11029714047908779]
[0.0, 0.8221369174867869, 0.17786308251321314]
[0.0, 0.8645266628265381, 0.13547333717346188]
[0.0, 0.8888655906915665, 0.11113440930843355]
[0.0, 0.828282818570733, 0.17171718142926695]
[0.0, 0.857651665508747, 0.14234833449125295]
[0.0, 0.7789164018630982, 0.22108359813690182]
[0.0, 0.8122490753233432, 0.18775092467665677]
[0.0, 0.8328873819112778, 0.16711261808872224]
[0.0, 0.7443949407339097, 0.25560505926609034]
[0.0, 0.6787286272644997, 0.3212713727355003]
[0.0, 0.7713942468166352, 0.22860575318336485]
[0.0, 0.892780274450779, 0.10721972554922099]
[0.0, 0.6744253266602754, 0.32557467333972456]
[0.0, 0.8476651227474212, 0.15233487725257877]
[0.0, 0.7125687679648399, 0.2874312320351601]
[0.0, 0.885365080833435, 0.11463491916656499]
[0.0, 0.7808711542934179, 0.2191288457065821]
[0.0, 0.8297450816631318, 0.17025491833686823]
[0.0, 0.9007645931839943, 0.09923540681600573]
[0.0, 0.7668681959807873, 0.23313180401921274]
[0.0, 0.8651033663749694, 0.13489663362503057]
[0.0, 0.8484573251008988, 0.15154267489910123]
[0.0, 0.7441053001023828, 0.25589469989761715]
[0.0, 0.6881554743647575, 0.31184452563524245]
[0.0, 0.8198487675189972, 0.18015123248100284]
[0.0, 0.7493488050997257, 0.2506511949002743]
[0.0, 0.7914352062344551, 0.20856479376554493]
[0.0, 0.8653648185729981, 0.13463518142700193]
[0.0, 0.8362639781832695, 0.16373602181673053]
[0.0, 0.8244352984428406, 0.17556470155715942]
[0.0, 0.8613450512290001, 0.13865494877099993]
[0.0, 0.8394479990005493, 0.16055200099945066]
[0.0, 0.7678137037158013, 0.23218629628419873]
[0.0, 0.7758770052343607, 0.22412299476563935]
[0.0, 0.7750751936994493, 0.22492480630055067]
[0.0, 0.8269230702519417, 0.17307692974805833]
[0.0, 0.6948457527160644, 0.3051542472839356]
[0.0, 0.8514893040060997, 0.14851069599390032]
[0.0, 0.8669519183039666, 0.13304808169603344]
[0.0, 0.8067574115097522, 0.19324258849024778]
[0.0, 0.8959001171588897, 0.10409988284111027]
[0.0, 0.8180483204126358, 0.18195167958736425]
[0.0, 0.7986470293998719, 0.20135297060012813]
[0.0, 0.8092566491663455, 0.19074335083365446]
[0.0, 0.7370973157882691, 0.2629026842117309]
[0.0, 0.8078198876976966, 0.19218011230230336]
[0.0, 0.789747373610735, 0.210252626389265]
[0.0, 0.851123395562172, 0.14887660443782802]
[0.0, 0.7978757026791573, 0.2021242973208427]
[0.0, 0.8697147873044014, 0.13028521269559856]
[0.0, 0.7690498100593686, 0.23095018994063143]
[0.0, 0.8490705971419811, 0.15092940285801892]
[0.0, 0.8235756409168243, 0.17642435908317566]
[0.0, 0.8062287673354149, 0.19377123266458507]
[0.0, 0.815522633343935, 0.18447736665606496]
[0.0, 0.8031333960220217, 0.19686660397797828]
[0.0, 0.7657097370922565, 0.23429026290774346]
[0.0, 0.8605450814962388, 0.13945491850376124]
[0.0, 0.9086067107319832, 0.09139328926801682]
[0.0, 0.8439841958135367, 0.15601580418646332]
[0.0, 0.8436683169007302, 0.1563316830992698]
[0.0, 0.8026908327639103, 0.1973091672360897]
[0.0, 0.9014565733075142, 0.09854342669248584]
[0.0, 0.901803025007248, 0.09819697499275204]
[0.0, 0.8759141683578491, 0.12408583164215092]
[0.0, 0.8525130105018616, 0.14748698949813843]
[0.0, 0.7411973452568055, 0.2588026547431945]
[0.0, 0.7791935178637505, 0.22080648213624954]
[0.0, 0.7363190180063248, 0.2636809819936752]
[0.0, 0.6988809369504452, 0.3011190630495548]
[0.0, 0.6975048641860485, 0.3024951358139515]
[0.0, 0.8669774997234344, 0.1330225002765656]
[0.0, 0.6842438239231705, 0.3157561760768295]
[0.0, 0.8812760865688324, 0.11872391343116762]
[0.0, 0.8420394003391266, 0.1579605996608734]
[0.0, 0.7133208691701293, 0.28667913082987073]
[0.0, 0.8386884877085685, 0.16131151229143148]
[0.0, 0.8220013548433781, 0.1779986451566219]
[0.0, 0.8351276302337647, 0.16487236976623532]
[0.0, 0.8286629353463649, 0.17133706465363507]
[0.0, 0.8818388518691063, 0.11816114813089373]
[0.0, 0.8995446610450745, 0.10045533895492553]
[0.0, 0.8937307447195053, 0.10626925528049469]
[0.0, 0.9041865561902523, 0.09581344380974766]
[0.0, 0.8782905927300453, 0.12170940726995472]
[0.0, 0.9165289297699928, 0.08347107023000722]
[0.0, 0.9548677343130112, 0.045132265686988804]
[0.0, 0.9592539358139038, 0.040746064186096165]
[0.0, 0.9398781138658524, 0.060121886134147595]
[0.0, 0.8951648133993149, 0.10483518660068514]
[0.0, 0.959047212600708, 0.04095278739929198]
[0.0, 0.7890050679445266, 0.21099493205547337]
[0.0, 0.9522066599130631, 0.04779334008693692]
[0.0, 0.950393625497818, 0.04960637450218197]
[0.0, 0.8943845617771149, 0.1056154382228851]
[0.0, 0.9010516025125981, 0.09894839748740192]
[0.0, 0.944260094165802, 0.05573990583419797]
[0.0, 0.9248544085025787, 0.07514559149742128]
[0.0, 0.9608546704053879, 0.039145329594612144]
[0.0, 0.9689918178319931, 0.031008182168006937]
[0.0, 0.9603715991973877, 0.03962840080261232]
[0.0, 0.9348748099803924, 0.06512519001960759]
[0.0, 0.8312680850178004, 0.16873191498219964]
[0.0, 0.9571699792146683, 0.04283002078533171]
[0.0, 0.9424993282556534, 0.05750067174434659]
[0.0, 0.9321584802865982, 0.0678415197134018]
[0.0, 0.95067322909832, 0.04932677090168003]
[0.0, 0.945350162088871, 0.054649837911128984]
[0.0, 0.8950716364383697, 0.10492836356163027]
[0.0, 0.9213025093078613, 0.07869749069213872]
[0.0, 0.9556081736087799, 0.04439182639122008]
[0.0, 0.9371184819936752, 0.0628815180063248]
[0.0, 0.9606770998239518, 0.039322900176048226]
[0.0, 0.9322045260667801, 0.06779547393321994]
[0.0, 0.9201771026849747, 0.07982289731502534]
[0.0, 0.9420084542036057, 0.05799154579639432]
[0.0, 0.9415271070599556, 0.05847289294004443]
[0.0, 0.7416447655111551, 0.2583552344888449]
[0.0, 0.909227744936943, 0.09077225506305697]
[0.0, 0.9501782441139222, 0.049821755886077845]
[0.0, 0.8669784379005432, 0.1330215620994568]
[0.0, 0.9059161421656609, 0.09408385783433915]
[0.0, 0.8623981514573097, 0.1376018485426903]
[0.0, 0.9191041424870491, 0.08089585751295092]
[0.0, 0.9221307277679444, 0.07786927223205564]
[0.0, 0.9335612434148789, 0.0664387565851211]
[0.0, 0.9499657440185547, 0.050034255981445286]
[0.0, 0.8846846580505371, 0.11531534194946291]
[0.0, 0.9218565428256988, 0.07814345717430116]
[0.0, 0.7149012978374958, 0.2850987021625042]
[0.0, 0.8872828063368797, 0.11271719366312027]
[0.0, 0.8574113424122334, 0.14258865758776662]
[0.0, 0.8632039657235145, 0.13679603427648546]
[0.0, 0.9166350010037422, 0.08336499899625782]
[0.0, 0.9376381334662437, 0.062361866533756305]
[0.0, 0.9153163620829582, 0.08468363791704181]
[0.0, 0.9127716279029846, 0.0872283720970154]
[0.0, 0.8823763880133629, 0.11762361198663707]
[0.0, 0.8846580836176873, 0.11534191638231273]
[0.0, 0.9519702199101449, 0.048029780089855145]
[0.0, 0.9558619311451912, 0.044138068854808754]
[0.0, 0.8926158452033996, 0.10738415479660035]
[0.0, 0.8858869507908821, 0.11411304920911791]
[0.0, 0.8684913104772568, 0.1315086895227432]
[0.0, 0.7940112795867026, 0.2059887204132974]
[0.0, 0.8292393639683724, 0.1707606360316276]
[0.0, 0.9063107270002365, 0.09368927299976348]
[0.0, 0.8038403889536858, 0.1961596110463142]
[0.0, 0.7996656595170498, 0.20033434048295018]
[1.0, 0.4436025184392929, 0.5563974815607071]
[1.0, 0.20093795120716096, 0.799062048792839]
[1.0, 0.2883034760504961, 0.7116965239495039]
[1.0, 0.2889805480837822, 0.7110194519162178]
[1.0, 0.2748005499690771, 0.7251994500309229]
[1.0, 0.13328611373901367, 0.8667138862609863]
[1.0, 0.1623239830136299, 0.8376760169863701]
[1.0, 0.20450741440057754, 0.7954925855994225]
[1.0, 0.204885376393795, 0.795114623606205]
[1.0, 0.2835564076900482, 0.7164435923099518]
[0.0, 0.8439726722240448, 0.15602732777595518]
[0.0, 0.83506104439497, 0.16493895560503002]
[0.0, 0.8853768086433411, 0.11462319135665888]
[0.0, 0.9255960714817048, 0.07440392851829525]
[0.0, 0.8235117017477751, 0.1764882982522249]
[0.0, 0.7488822623342276, 0.2511177376657724]
[0.0, 0.8813617348670959, 0.1186382651329041]
[0.0, 0.762080601900816, 0.23791939809918405]
[0.0, 0.8392872683703899, 0.16071273162961008]
[0.0, 0.7544557094573975, 0.24554429054260252]
[0.0, 0.8088448195904493, 0.1911551804095507]
[0.0, 0.7667100104689598, 0.2332899895310402]
[0.0, 0.7597497794032096, 0.24025022059679035]
[0.0, 0.8575101369619369, 0.1424898630380631]
[0.0, 0.83323500841856, 0.16676499158143998]
[0.0, 0.8415815636515618, 0.15841843634843822]
[0.0, 0.8286577735841274, 0.1713422264158726]
[0.0, 0.8583195592463017, 0.14168044075369834]
[0.0, 0.8187487406283617, 0.18125125937163833]
[0.0, 0.8847745713591576, 0.1152254286408424]
[0.0, 0.9216483467817307, 0.07835165321826931]
[0.0, 0.8382224118709565, 0.16177758812904353]
[0.0, 0.7144335187599062, 0.28556648124009376]
[0.0, 0.8290330651402473, 0.17096693485975267]
[0.0, 0.8655869668722153, 0.13441303312778474]
[0.0, 0.7785531760752201, 0.22144682392477988]
[0.0, 0.9164495211839676, 0.08355047881603239]
[0.0, 0.88960853099823, 0.11039146900176999]
[0.0, 0.9318464511632919, 0.0681535488367081]
[0.0, 0.8973695395886898, 0.10263046041131019]
[0.0, 0.9215369173884391, 0.07846308261156087]
[0.0, 0.8961307248473167, 0.1038692751526833]
[0.0, 0.899254649579525, 0.10074535042047505]
[0.0, 0.9233162176609039, 0.07668378233909612]
[0.0, 0.9284337335824966, 0.07156626641750341]
[0.0, 0.9477686429023743, 0.05223135709762572]
[0.0, 0.9351013088226319, 0.06489869117736813]
[0.0, 0.9346156629920006, 0.0653843370079994]
[0.0, 0.9470041489601135, 0.052995851039886466]
[0.0, 0.9246707040071488, 0.07532929599285121]
[0.0, 0.9469500058889389, 0.05304999411106115]
[0.0, 0.9422944766283036, 0.05770552337169643]
[0.0, 0.9210542696714401, 0.0789457303285599]
[0.0, 0.927571474313736, 0.07242852568626401]
[0.0, 0.9258158332109452, 0.07418416678905482]
[0.0, 0.9189216613769531, 0.08107833862304692]
[0.0, 0.8930790460109711, 0.1069209539890289]
[0.0, 0.913341845870018, 0.08665815412998201]
[0.0, 0.8932508394122124, 0.1067491605877876]
[0.0, 0.9024833923578263, 0.09751660764217374]
[0.0, 0.9162971946597099, 0.08370280534029007]
[0.0, 0.9268773955106735, 0.0731226044893265]
[0.0, 0.9308636558055877, 0.06913634419441228]
[0.0, 0.881285699903965, 0.11871430009603501]
[0.0, 0.8806596118211746, 0.11934038817882542]
[0.0, 0.8965656924247741, 0.10343430757522587]
[0.0, 0.8574922889471054, 0.14250771105289461]
[0.0, 0.8895688173174858, 0.11043118268251417]
[0.0, 0.861818728633225, 0.13818127136677505]
[0.0, 0.8886723816394806, 0.11132761836051941]
[0.0, 0.8669540636241436, 0.13304593637585638]
[0.0, 0.9125376239418983, 0.0874623760581017]
[0.0, 0.880697382837534, 0.11930261716246604]
[0.0, 0.8681081512570381, 0.1318918487429619]
[0.0, 0.8984518158435821, 0.10154818415641786]
[0.0, 0.8579830557107926, 0.14201694428920741]
[0.0, 0.8887783938646316, 0.11122160613536836]
[0.0, 0.9160985440015793, 0.0839014559984207]
[0.0, 0.8654920449852943, 0.1345079550147057]
[0.0, 0.8817298316955566, 0.11827016830444337]
[0.0, 0.9040345788002014, 0.09596542119979856]
[0.0, 0.8941709527373314, 0.10582904726266862]
[0.0, 0.858060083463788, 0.14193991653621196]
[0.0, 0.825717565715313, 0.17428243428468704]
[0.0, 0.8446228904277087, 0.15537710957229134]
[0.0, 0.827232586145401, 0.17276741385459904]
[0.0, 0.7949627746641635, 0.20503722533583646]
[0.0, 0.8906846064329147, 0.1093153935670853]
[0.0, 0.7564639837667346, 0.24353601623326537]
[0.0, 0.834075686968863, 0.16592431303113697]
[0.0, 0.8082702298462391, 0.19172977015376091]
[0.0, 0.8380518025159835, 0.16194819748401645]
[0.0, 0.847982956469059, 0.15201704353094103]
[0.0, 0.8865808352828026, 0.11341916471719737]
[0.0, 0.8362467526644468, 0.1637532473355532]
[0.0, 0.8842039847373963, 0.11579601526260375]
[0.0, 0.8018331363797188, 0.19816686362028124]
[0.0, 0.6515217606723308, 0.3484782393276692]
[0.0, 0.8564472597837448, 0.1435527402162552]
[0.0, 0.8544077947735786, 0.14559220522642136]
[0.0, 0.9478169289231301, 0.052183071076869925]
[0.0, 0.9488346439599991, 0.05116535604000094]
[0.0, 0.926278578042984, 0.07372142195701603]
[0.0, 0.8561568608880044, 0.14384313911199564]
[0.0, 0.7606910959631205, 0.23930890403687954]
[0.0, 0.7175601165741682, 0.2824398834258318]
[1.0, 0.22553673718124628, 0.7744632628187538]
[1.0, 0.2552436025068164, 0.7447563974931837]
[1.0, 0.17575386952608824, 0.8242461304739117]
