[0.0, 0.6216983566433192, 0.3783016433566808]
[0.0, 0.6262271255254745, 0.37377287447452545]
[0.0, 0.6262271255254745, 0.37377287447452545]
[0.0, 0.6262271255254745, 0.37377287447452545]
java.lang.ArrayIndexOutOfBoundsException
java.lang.ArrayIndexOutOfBoundsException
java.lang.ArrayIndexOutOfBoundsException
java.lang.ArrayIndexOutOfBoundsException
java.lang.ArrayIndexOutOfBoundsException
java.lang.ArrayIndexOutOfBoundsException
java.lang.ArrayIndexOutOfBoundsException
java.lang.ArrayIndexOutOfBoundsException
java.lang.ArrayIndexOutOfBoundsException
java.lang.ArrayIndexOutOfBoundsException
java.lang.ArrayIndexOutOfBoundsException
java.lang.ArrayIndexOutOfBoundsException
java.lang.ArrayIndexOutOfBoundsException
java.lang.ArrayIndexOutOfBoundsException
[0.0, 0.882302494943142, 0.11769750505685805]
[0.0, 0.882302494943142, 0.11769750505685805]
[0.0, 0.882302494943142, 0.11769750505685805]
[0.0, 0.882302494943142, 0.11769750505685805]
[0.0, 0.882302494943142, 0.11769750505685805]
[0.0, 0.882302494943142, 0.11769750505685805]
[0.0, 0.882302494943142, 0.11769750505685805]
[0.0, 0.882302494943142, 0.11769750505685805]
[0.0, 0.882302494943142, 0.11769750505685805]
[0.0, 0.882302494943142, 0.11769750505685805]
[0.0, 0.882302494943142, 0.11769750505685805]
[0.0, 0.882302494943142, 0.11769750505685805]
[0.0, 0.882302494943142, 0.11769750505685805]
[0.0, 0.882302494943142, 0.11769750505685805]
[0.0, 0.882302494943142, 0.11769750505685805]
[0.0, 0.882302494943142, 0.11769750505685805]
[0.0, 0.882302494943142, 0.11769750505685805]
[0.0, 0.882302494943142, 0.11769750505685805]
[0.0, 0.882302494943142, 0.11769750505685805]
[0.0, 0.882302494943142, 0.11769750505685805]
java.lang.ArrayIndexOutOfBoundsException
