[25.917999992370607, 0.0]
[28.53, 0.0]
[28.53, 0.0]
[28.53, 0.0]
java.lang.ArrayIndexOutOfBoundsException
java.lang.ArrayIndexOutOfBoundsException
java.lang.ArrayIndexOutOfBoundsException
java.lang.ArrayIndexOutOfBoundsException
java.lang.ArrayIndexOutOfBoundsException
java.lang.ArrayIndexOutOfBoundsException
[16.836000061035158, 0.0]
[16.836000061035158, 0.0]
[16.836000061035158, 0.0]
[16.836000061035158, 0.0]
[16.836000061035158, 0.0]
[16.836000061035158, 0.0]
[16.836000061035158, 0.0]
[16.836000061035158, 0.0]
[16.836000061035158, 0.0]
[16.836000061035158, 0.0]
[16.836000061035158, 0.0]
[16.836000061035158, 0.0]
[16.836000061035158, 0.0]
[16.836000061035158, 0.0]
[16.836000061035158, 0.0]
[16.836000061035158, 0.0]
[16.836000061035158, 0.0]
[16.836000061035158, 0.0]
[16.836000061035158, 0.0]
[16.836000061035158, 0.0]
[28.53]
