[12.99209213256836, 0.0]
[14.760729789733887, 0.0]
[16.26323699951172, 0.0]
[20.186538696289062, 0.0]
[18.28797149658203, 0.0]
[23.18204116821289, 0.0]
[19.685304641723633, 0.0]
[24.30512237548828, 0.0]
[18.30009651184082, 0.0]
[19.07952117919922, 0.0]
[19.94165802001953, 0.0]
[21.051963806152344, 0.0]
[18.0009822845459, 0.0]
[18.145837783813477, 0.0]
[18.27079200744629, 0.0]
[18.988378524780273, 0.0]
[22.392730712890625, 0.0]
[13.960136413574219, 0.0]
[15.060979843139648, 0.0]
[14.485419273376465, 0.0]
[15.25980281829834, 0.0]
[15.546858787536621, 0.0]
[16.128170013427734, 0.0]
[17.92681121826172, 0.0]
[17.57381820678711, 0.0]
[18.8234920501709, 0.0]
[14.529020309448242, 0.0]
[16.27978515625, 0.0]
[28.258554458618164, 0.0]
[20.4810733795166, 0.0]
[23.327587127685547, 0.0]
[24.12740707397461, 0.0]
[34.3338508605957, 0.0]
[20.635496139526367, 0.0]
[35.94498062133789, 0.0]
[28.363004684448242, 0.0]
[25.978071212768555, 0.0]
[21.921072006225586, 0.0]
[13.347633361816406, 0.0]
[25.01531982421875, 0.0]
[13.088976860046387, 0.0]
[20.535078048706055, 0.0]
[16.960391998291016, 0.0]
[21.910924911499023, 0.0]
[12.049578666687012, 0.0]
[14.020596504211426, 0.0]
[16.808195114135742, 0.0]
[12.583710670471191, 0.0]
[29.7897891998291, 0.0]
[17.655628204345703, 0.0]
[20.359262466430664, 0.0]
[14.879408836364746, 0.0]
[28.389881134033203, 0.0]
[20.123519897460938, 0.0]
[26.780765533447266, 0.0]
[22.835050582885742, 0.0]
[16.048686981201172, 0.0]
[15.91576862335205, 0.0]
[14.899394989013672, 0.0]
[26.629432678222656, 0.0]
[13.089919090270996, 0.0]
[17.0806941986084, 0.0]
[17.080341339111328, 0.0]
[33.65104675292969, 0.0]
[26.996679306030273, 0.0]
[28.001239776611328, 0.0]
[14.788208961486816, 0.0]
[13.238578796386719, 0.0]
[15.799946784973145, 0.0]
[17.029272079467773, 0.0]
[17.032405853271484, 0.0]
[17.77927589416504, 0.0]
[29.069704055786133, 0.0]
[29.84990882873535, 0.0]
[30.69623374938965, 0.0]
[32.525596618652344, 0.0]
[23.61347198486328, 0.0]
[27.640539169311523, 0.0]
[28.751914978027344, 0.0]
[17.85648536682129, 0.0]
[11.298038482666016, 0.0]
[13.33249568939209, 0.0]
[13.936750411987305, 0.0]
[14.110360145568848, 0.0]
[19.061357498168945, 0.0]
[13.596924781799316, 0.0]
[20.459667205810547, 0.0]
[15.612712860107422, 0.0]
[19.39544105529785, 0.0]
[14.36949348449707, 0.0]
[15.07849407196045, 0.0]
[19.941648483276367, 0.0]
[15.922582626342773, 0.0]
[16.086029052734375, 0.0]
[17.97303009033203, 0.0]
[20.56648826599121, 0.0]
[21.78325653076172, 0.0]
[27.527069091796875, 0.0]
[20.237815856933594, 0.0]
[20.899232864379883, 0.0]
[24.930654525756836, 0.0]
[24.59120750427246, 0.0]
[13.228405952453613, 0.0]
[9.861138343811035, 0.0]
[30.74201774597168, 0.0]
[15.777429580688477, 0.0]
[26.196422576904297, 0.0]
[17.86194610595703, 0.0]
[18.05116844177246, 0.0]
[12.884354591369629, 0.0]
[12.987020492553711, 0.0]
[20.008756637573242, 0.0]
[34.92545700073242, 0.0]
[24.228185653686523, 0.0]
[32.472015380859375, 0.0]
[32.48650360107422, 0.0]
[36.81466293334961, 0.0]
[40.73945236206055, 0.0]
[32.34220504760742, 0.0]
[37.51805877685547, 0.0]
[37.313629150390625, 0.0]
[27.305904388427734, 0.0]
[36.295753479003906, 0.0]
[27.087963104248047, 0.0]
[22.596527099609375, 0.0]
[23.886245727539062, 0.0]
[31.907262802124023, 0.0]
[24.213520050048828, 0.0]
[21.633567810058594, 0.0]
[32.007049560546875, 0.0]
[38.936798095703125, 0.0]
[30.90166664123535, 0.0]
[33.47003936767578, 0.0]
[26.99862289428711, 0.0]
[26.99862289428711, 0.0]
[29.145854949951172, 0.0]
[25.946365356445312, 0.0]
[20.53510284423828, 0.0]
[19.75491714477539, 0.0]
[18.57193374633789, 0.0]
[19.433528900146484, 0.0]
[15.101189613342285, 0.0]
[35.5528678894043, 0.0]
[27.730384826660156, 0.0]
[25.461584091186523, 0.0]
[35.74882507324219, 0.0]
[32.67433547973633, 0.0]
[26.030603408813477, 0.0]
[28.129596710205078, 0.0]
[27.796960830688477, 0.0]
[15.82580852508545, 0.0]
[14.20419692993164, 0.0]
[14.71328067779541, 0.0]
[14.014376640319824, 0.0]
[11.204729080200195, 0.0]
[15.098095893859863, 0.0]
[18.89455795288086, 0.0]
[17.710697174072266, 0.0]
[12.103569984436035, 0.0]
[15.467857360839844, 0.0]
[30.569957733154297, 0.0]
[32.30938720703125, 0.0]
[17.801074981689453, 0.0]
[26.193208694458008, 0.0]
[25.972368240356445, 0.0]
[30.00971031188965, 0.0]
[24.66061019897461, 0.0]
[28.989084243774414, 0.0]
[27.463443756103516, 0.0]
[37.1125373840332, 0.0]
[31.06545639038086, 0.0]
[25.070415496826172, 0.0]
[13.045960426330566, 0.0]
[15.739279747009277, 0.0]
[12.042587280273438, 0.0]
[30.204137802124023, 0.0]
[34.466949462890625, 0.0]
[13.538261413574219, 0.0]
[10.060729026794434, 0.0]
[20.443815231323242, 0.0]
[25.097734451293945, 0.0]
[23.360719680786133, 0.0]
[24.51671028137207, 0.0]
[26.164274215698242, 0.0]
[36.00313186645508, 0.0]
[18.112354278564453, 0.0]
[13.98677921295166, 0.0]
[13.886528968811035, 0.0]
[14.741009712219238, 0.0]
[13.295195579528809, 0.0]
[13.810503959655762, 0.0]
[13.958377838134766, 0.0]
[15.134659767150879, 0.0]
[15.648665428161621, 0.0]
[17.976797103881836, 0.0]
[20.317066192626953, 0.0]
[22.10573387145996, 0.0]
[18.3270263671875, 0.0]
[17.644058227539062, 0.0]
[13.002546310424805, 0.0]
[14.321776390075684, 0.0]
[15.124597549438477, 0.0]
[18.04532814025879, 0.0]
[20.968645095825195, 0.0]
[20.96247673034668, 0.0]
[23.48061180114746, 0.0]
[16.380229949951172, 0.0]
[23.618730545043945, 0.0]
[26.93607521057129, 0.0]
[25.09739112854004, 0.0]
[13.409321784973145, 0.0]
[18.11044692993164, 0.0]
[22.096420288085938, 0.0]
[21.52232551574707, 0.0]
[18.911344528198242, 0.0]
[18.779375076293945, 0.0]
[23.193721771240234, 0.0]
[24.999975204467773, 0.0]
[25.80922508239746, 0.0]
[26.414562225341797, 0.0]
[28.44219207763672, 0.0]
[15.824146270751953, 0.0]
[14.212148666381836, 0.0]
[18.869739532470703, 0.0]
[17.21039581298828, 0.0]
[8.900674819946289, 0.0]
[31.129886627197266, 0.0]
[30.030181884765625, 0.0]
[32.55134963989258, 0.0]
[35.74986267089844, 0.0]
[32.179534912109375, 0.0]
[35.183868408203125, 0.0]
[44.01771926879883, 0.0]
[32.989479064941406, 0.0]
[36.008785247802734, 0.0]
[23.967687606811523, 0.0]
[32.992713928222656, 0.0]
[38.019493103027344, 0.0]
[34.073486328125, 0.0]
[33.704345703125, 0.0]
[18.17438316345215, 0.0]
[31.330095291137695, 0.0]
[31.403703689575195, 0.0]
[34.2845458984375, 0.0]
[37.06047058105469, 0.0]
[31.13451385498047, 0.0]
[33.003570556640625, 0.0]
[45.80200958251953, 0.0]
[18.939191818237305, 0.0]
[21.536497116088867, 0.0]
[23.74007797241211, 0.0]
[29.997350692749023, 0.0]
[16.500022888183594, 0.0]
[25.364295959472656, 0.0]
[23.172061920166016, 0.0]
[21.207843780517578, 0.0]
[15.033090591430664, 0.0]
[16.63777732849121, 0.0]
[35.795928955078125, 0.0]
[12.002408027648926, 0.0]
[11.285727500915527, 0.0]
[19.952207565307617, 0.0]
[14.993545532226562, 0.0]
[20.245134353637695, 0.0]
[20.675111770629883, 0.0]
[36.10603713989258, 0.0]
[37.626766204833984, 0.0]
[26.64385986328125, 0.0]
[19.934185028076172, 0.0]
[23.730010986328125, 0.0]
[16.95387077331543, 0.0]
[12.25533390045166, 0.0]
[26.835912704467773, 0.0]
[11.023818969726562, 0.0]
[23.637475967407227, 0.0]
[12.361106872558594, 0.0]
[25.06293487548828, 0.0]
[27.731857299804688, 0.0]
[24.0864200592041, 0.0]
[26.27892303466797, 0.0]
[30.06011390686035, 0.0]
[20.757776260375977, 0.0]
[19.236833572387695, 0.0]
[22.722002029418945, 0.0]
[24.893526077270508, 0.0]
[27.116798400878906, 0.0]
[28.12423324584961, 0.0]
[16.373001098632812, 0.0]
[25.4343204498291, 0.0]
[14.188041687011719, 0.0]
[38.899269104003906, 0.0]
[26.140172958374023, 0.0]
[12.898295402526855, 0.0]
[19.97196388244629, 0.0]
[21.77998924255371, 0.0]
[22.307510375976562, 0.0]
[13.97239875793457, 0.0]
[14.164742469787598, 0.0]
[14.110360145568848, 0.0]
[14.439299583435059, 0.0]
[17.98228645324707, 0.0]
[15.565972328186035, 0.0]
[34.8896484375, 0.0]
[38.24365234375, 0.0]
[34.44551467895508, 0.0]
[34.46047592163086, 0.0]
[27.41015625, 0.0]
[30.161130905151367, 0.0]
[23.179054260253906, 0.0]
[14.348657608032227, 0.0]
[13.919257164001465, 0.0]
[16.549266815185547, 0.0]
[18.132810592651367, 0.0]
[17.692800521850586, 0.0]
[19.35767936706543, 0.0]
[17.97114372253418, 0.0]
[21.323068618774414, 0.0]
[19.26209831237793, 0.0]
[13.591719627380371, 0.0]
[20.343852996826172, 0.0]
[22.94167137145996, 0.0]
[14.020319938659668, 0.0]
[13.632747650146484, 0.0]
[13.876402854919434, 0.0]
[15.692319869995117, 0.0]
[18.693580627441406, 0.0]
[15.98333740234375, 0.0]
[15.750539779663086, 0.0]
[30.87981414794922, 0.0]
[21.465173721313477, 0.0]
[19.43607521057129, 0.0]
[26.965145111083984, 0.0]
[33.022037506103516, 0.0]
[12.949861526489258, 0.0]
[24.411558151245117, 0.0]
[18.2934513092041, 0.0]
[25.991226196289062, 0.0]
[27.34068489074707, 0.0]
[34.41509246826172, 0.0]
[35.991485595703125, 0.0]
[40.91050720214844, 0.0]
[29.384449005126953, 0.0]
[24.948516845703125, 0.0]
[21.207324981689453, 0.0]
[23.496702194213867, 0.0]
[24.76732063293457, 0.0]
[30.24192237854004, 0.0]
[34.400386810302734, 0.0]
[25.983884811401367, 0.0]
[32.3607177734375, 0.0]
[20.286745071411133, 0.0]
[22.192771911621094, 0.0]
[31.82223892211914, 0.0]
[31.07963752746582, 0.0]
[31.950435638427734, 0.0]
[27.106887817382812, 0.0]
[26.12132453918457, 0.0]
[38.162696838378906, 0.0]
[27.8509521484375, 0.0]
[28.627344131469727, 0.0]
[32.30352020263672, 0.0]
[32.69791793823242, 0.0]
[33.981056213378906, 0.0]
[24.406681060791016, 0.0]
[29.812397003173828, 0.0]
[24.049543380737305, 0.0]
[24.269832611083984, 0.0]
[24.93933868408203, 0.0]
[26.78570556640625, 0.0]
[31.004152297973633, 0.0]
[25.41911506652832, 0.0]
[19.415008544921875, 0.0]
[19.910398483276367, 0.0]
[39.01255416870117, 0.0]
[37.377079010009766, 0.0]
[22.75712013244629, 0.0]
[34.95683670043945, 0.0]
[29.967924118041992, 0.0]
[25.975473403930664, 0.0]
[22.102920532226562, 0.0]
[43.246864318847656, 0.0]
[25.257709503173828, 0.0]
[26.05364227294922, 0.0]
[30.224782943725586, 0.0]
[33.355682373046875, 0.0]
[27.042306900024414, 0.0]
[43.92343521118164, 0.0]
[44.33513259887695, 0.0]
[42.778987884521484, 0.0]
[29.4166202545166, 0.0]
[32.065704345703125, 0.0]
[35.7800407409668, 0.0]
[28.989116668701172, 0.0]
[29.091588973999023, 0.0]
[29.510265350341797, 0.0]
[40.96653747558594, 0.0]
[31.573591232299805, 0.0]
[30.17831802368164, 0.0]
[25.97549819946289, 0.0]
[22.9992733001709, 0.0]
[19.184146881103516, 0.0]
[18.571748733520508, 0.0]
[21.48844337463379, 0.0]
[20.044567108154297, 0.0]
[17.123292922973633, 0.0]
[30.44281768798828, 0.0]
