[1.0, 0.0, 1.0]
[0.0, 0.9948058294685742, 0.005194170531425744]
[1.0, 0.0, 1.0]
[0.0, 1.0, 0.0]
[1.0, 0.0, 1.0]
[0.0, 1.0, 0.0]
[1.0, 0.0, 1.0]
[0.0, 1.0, 0.0]
[1.0, 0.0025314314368743165, 0.9974685685631256]
[0.0, 1.0, 0.0]
[0.0, 1.0, 0.0]
[1.0, 0.0, 1.0]
[0.0, 1.0, 0.0]
[0.0, 1.0, 0.0]
[1.0, 0.0, 1.0]
[0.0, 1.0, 0.0]
[0.0, 1.0, 0.0]
[1.0, 0.0, 1.0]
[0.0, 1.0, 0.0]
[0.0, 1.0, 0.0]
[1.0, 0.0, 1.0]
[0.0, 1.0, 0.0]
[0.0, 1.0, 0.0]
[1.0, 0.0, 1.0]
[0.0, 0.9950494604181721, 0.004950539581827831]
[0.0, 1.0, 0.0]
[0.0, 1.0, 0.0]
[1.0, 0.0, 1.0]
[0.0, 1.0, 0.0]
[0.0, 1.0, 0.0]
[1.0, 0.0, 1.0]
[0.0, 1.0, 0.0]
[0.0, 1.0, 0.0]
[0.0, 1.0, 0.0]
[1.0, 0.0, 1.0]
[0.0, 1.0, 0.0]
[0.0, 1.0, 0.0]
[0.0, 1.0, 0.0]
[1.0, 0.0, 1.0]
[0.0, 1.0, 0.0]
[0.0, 1.0, 0.0]
[0.0, 1.0, 0.0]
[1.0, 0.0, 1.0]
[0.0, 1.0, 0.0]
[0.0, 1.0, 0.0]
[0.0, 1.0, 0.0]
[1.0, 0.0, 1.0]
[0.0, 0.9990059552224815, 9.940447775184295E-4]
[0.0, 1.0, 0.0]
[0.0, 1.0, 0.0]
[1.0, 0.0, 1.0]
[0.0, 1.0, 0.0]
[0.0, 1.0, 0.0]
[0.0, 1.0, 0.0]
[1.0, 0.0, 1.0]
[0.0, 1.0, 0.0]
[0.0, 1.0, 0.0]
[0.0, 1.0, 0.0]
[1.0, 0.0, 1.0]
[0.0, 1.0, 0.0]
[0.0, 1.0, 0.0]
[0.0, 1.0, 0.0]
[1.0, 0.0, 1.0]
[0.0, 1.0, 0.0]
[0.0, 1.0, 0.0]
[0.0, 1.0, 0.0]
[0.0, 1.0, 0.0]
[1.0, 0.0, 1.0]
[0.0, 1.0, 0.0]
[0.0, 1.0, 0.0]
[0.0, 1.0, 0.0]
[1.0, 0.0, 1.0]
[0.0, 1.0, 0.0]
[0.0, 1.0, 0.0]
[0.0, 1.0, 0.0]
[0.0, 1.0, 0.0]
[1.0, 0.0, 1.0]
[0.0, 1.0, 0.0]
[0.0, 1.0, 0.0]
[0.0, 0.9958026244092582, 0.00419737559074185]
[1.0, 0.0, 1.0]
[0.0, 1.0, 0.0]
[0.0, 1.0, 0.0]
[0.0, 0.9950494604181721, 0.004950539581827831]
[0.0, 1.0, 0.0]
[1.0, 0.0, 1.0]
[0.0, 1.0, 0.0]
[0.0, 1.0, 0.0]
[0.0, 0.9890757722971736, 0.01092422770282636]
[1.0, 0.0, 1.0]
[1.0, 0.0, 1.0]
[0.0, 1.0, 0.0]
[0.0, 1.0, 0.0]
[0.0, 0.7584020363280999, 0.2415979636719]
[1.0, 0.0, 1.0]
[0.0, 1.0, 0.0]
[0.0, 1.0, 0.0]
[0.0, 1.0, 0.0]
[0.0, 1.0, 0.0]
[1.0, 0.0, 1.0]
[1.0, 0.0, 1.0]
[0.0, 1.0, 0.0]
[0.0, 0.9949991973272512, 0.005000802672748807]
[0.0, 1.0, 0.0]
[0.0, 1.0, 0.0]
[1.0, 0.010049407588621863, 0.9899505924113781]
[0.0, 0.9950494604181721, 0.004950539581827831]
[0.0, 1.0, 0.0]
[0.0, 1.0, 0.0]
[0.0, 0.9827085683023605, 0.01729143169763953]
[1.0, 0.0, 1.0]
[1.0, 0.0, 1.0]
[0.0, 1.0, 0.0]
[0.0, 1.0, 0.0]
[0.0, 1.0, 0.0]
[0.0, 1.0, 0.0]
[0.0, 1.0, 0.0]
[1.0, 0.0, 1.0]
[0.0, 1.0, 0.0]
[0.0, 1.0, 0.0]
[0.0, 1.0, 0.0]
[0.0, 1.0, 0.0]
[0.0, 1.0, 0.0]
[1.0, 0.020501654444369685, 0.9794983455556303]
[1.0, 0.0, 1.0]
[0.0, 0.9970451402301715, 0.0029548597698283723]
[0.0, 0.9969495226017603, 0.003050477398239744]
[0.0, 0.9970451402301715, 0.0029548597698283723]
[0.0, 0.9971056233170297, 0.002894376682970234]
[0.0, 0.9920232715952395, 0.007976728404760526]
[0.0, 0.9970756944814066, 0.0029243055185933]
[1.0, 0.008782563167865728, 0.9912174368321344]
[1.0, 0.008964700864376991, 0.991035299135623]
[1.0, 0.009154553095617012, 0.990845446904383]
[1.0, 0.008872697389228162, 0.9911273026107719]
[0.0, 0.9970451402301715, 0.0029548597698283723]
[0.0, 0.9915906996292857, 0.008409300370714294]
[0.0, 0.9971056233170297, 0.002894376682970234]
[0.0, 0.9970139407525973, 0.0029860592474027408]
[0.0, 0.9969820753923254, 0.0030179246076745565]
[0.0, 0.9971636800106254, 0.0028363199893746568]
[1.0, 0.028813154460990923, 0.971186845539009]
[1.0, 0.34854460018597344, 0.6514553998140264]
[1.0, 0.009285652605881184, 0.9907143473941188]
[1.0, 0.008782563167865728, 0.9912174368321344]
[1.0, 0.008782563167865728, 0.9912174368321344]
[0.0, 1.0, 0.0]
[0.0, 1.0, 0.0]
[0.0, 0.9628129498678818, 0.037187050132118225]
[0.0, 1.0, 0.0]
[0.0, 1.0, 0.0]
[0.0, 1.0, 0.0]
[0.0, 1.0, 0.0]
[1.0, 0.0, 1.0]
[1.0, 0.0, 1.0]
[1.0, 0.0, 1.0]
[1.0, 0.0, 1.0]
[1.0, 0.0, 1.0]
[1.0, 0.020501654444369685, 0.9794983455556303]
[0.0, 1.0, 0.0]
[0.0, 0.9949991973272512, 0.005000802672748807]
[0.0, 0.9891731315290739, 0.010826868470926154]
[0.0, 1.0, 0.0]
[0.0, 1.0, 0.0]
[0.0, 1.0, 0.0]
[0.0, 1.0, 0.0]
[0.0, 1.0, 0.0]
[0.0, 1.0, 0.0]
[1.0, 0.0, 1.0]
[1.0, 0.0, 1.0]
[1.0, 0.0, 1.0]
[1.0, 0.0, 1.0]
[1.0, 0.0, 1.0]
[1.0, 0.0, 1.0]
[0.0, 1.0, 0.0]
[0.0, 1.0, 0.0]
[0.0, 1.0, 0.0]
[0.0, 0.931795370390583, 0.06820462960941702]
[0.0, 0.99484209178015, 0.00515790821984998]
[0.0, 1.0, 0.0]
[0.0, 1.0, 0.0]
[0.0, 1.0, 0.0]
[0.0, 1.0, 0.0]
[1.0, 0.0, 1.0]
[1.0, 0.0, 1.0]
[1.0, 0.0, 1.0]
[1.0, 0.020924237033152927, 0.9790757629668471]
[1.0, 0.0, 1.0]
[1.0, 0.0, 1.0]
[1.0, 0.0, 1.0]
[0.0, 1.0, 0.0]
[0.0, 1.0, 0.0]
[0.0, 1.0, 0.0]
[0.0, 0.9406557924849586, 0.059344207515041464]
[0.0, 1.0, 0.0]
[0.0, 1.0, 0.0]
[0.0, 1.0, 0.0]
[0.0, 0.9914626439258453, 0.008537356074154795]
[0.0, 1.0, 0.0]
[1.0, 0.0, 1.0]
[1.0, 0.0, 1.0]
[1.0, 0.0, 1.0]
[1.0, 0.0, 1.0]
[1.0, 0.0, 1.0]
[1.0, 0.0, 1.0]
[1.0, 0.0, 1.0]
[0.0, 0.9950494604181721, 0.004950539581827831]
[0.0, 1.0, 0.0]
[0.0, 1.0, 0.0]
[0.0, 1.0, 0.0]
[0.0, 1.0, 0.0]
[0.0, 1.0, 0.0]
[0.0, 0.9950494604181721, 0.004950539581827831]
[0.0, 1.0, 0.0]
[0.0, 1.0, 0.0]
[0.0, 1.0, 0.0]
[1.0, 1.079879443585062E-4, 0.9998920120556415]
[1.0, 1.0907867129737357E-4, 0.9998909213287026]
[1.0, 1.1998587427441753E-4, 0.9998800141257256]
[1.0, 1.1132758900930784E-4, 0.9998886724109908]
[1.0, 1.1488039004057204E-4, 0.9998851196099593]
[1.0, 0.1501582234963602, 0.8498417765036397]
[1.0, 1.0907867129737357E-4, 0.9998909213287026]
[0.0, 0.9899465970052916, 0.010053402994708416]
[0.0, 1.0, 0.0]
[0.0, 0.951334432394855, 0.048665567605144885]
[0.0, 1.0, 0.0]
[0.0, 1.0, 0.0]
[0.0, 1.0, 0.0]
[0.0, 1.0, 0.0]
[0.0, 1.0, 0.0]
[0.0, 1.0, 0.0]
[0.0, 1.0, 0.0]
[1.0, 1.079879443585062E-4, 0.9998920120556415]
[1.0, 1.0907867129737357E-4, 0.9998909213287026]
[1.0, 1.1367119253123992E-4, 0.9998863288074687]
[1.0, 1.1248718519869166E-4, 0.9998875128148014]
[1.0, 1.079879443585062E-4, 0.9998920120556415]
[1.0, 1.0907867129737357E-4, 0.9998909213287026]
[1.0, 1.079879443585062E-4, 0.9998920120556415]
[0.0, 1.0, 0.0]
[0.0, 1.0, 0.0]
[0.0, 1.0, 0.0]
[0.0, 1.0, 0.0]
[0.0, 1.0, 0.0]
[0.0, 1.0, 0.0]
[0.0, 1.0, 0.0]
[0.0, 1.0, 0.0]
[0.0, 1.0, 0.0]
[0.0, 1.0, 0.0]
[1.0, 0.5370719006609252, 0.4629280993390747]
[0.0, 0.547843064500455, 0.452156935499545]
[0.0, 0.5814397224631396, 0.41856027753686037]
[0.0, 0.5973699514135103, 0.40263004858648954]
[0.0, 0.5857409133271202, 0.41425908667287975]
[0.0, 0.5795419233797579, 0.4204580766202422]
[0.0, 0.5730241039375463, 0.4269758960624537]
[0.0, 1.0, 0.0]
[0.0, 1.0, 0.0]
[0.0, 1.0, 0.0]
[0.0, 1.0, 0.0]
[0.0, 1.0, 0.0]
[0.0, 1.0, 0.0]
[0.0, 1.0, 0.0]
[0.0, 1.0, 0.0]
[0.0, 1.0, 0.0]
[0.0, 0.7681196916048816, 0.23188030839511833]
[1.0, 0.5114481228037729, 0.48855187719622717]
[0.0, 0.547843064500455, 0.452156935499545]
[0.0, 0.6155031260636679, 0.3844968739363322]
[0.0, 0.5899739782765425, 0.41002602172345753]
[0.0, 0.5888339157323914, 0.4111660842676086]
[0.0, 0.584047750791726, 0.415952249208274]
[0.0, 0.5730241039375463, 0.4269758960624537]
[0.0, 0.587603823086572, 0.412396176913428]
[0.0, 1.0, 0.0]
[0.0, 1.0, 0.0]
[0.0, 1.0, 0.0]
[0.0, 1.0, 0.0]
[0.0, 1.0, 0.0]
[0.0, 1.0, 0.0]
[0.0, 1.0, 0.0]
[0.0, 0.9947156042176912, 0.005284395782308871]
[0.0, 1.0, 0.0]
[0.0, 1.0, 0.0]
[1.0, 0.5370719006609252, 0.4629280993390747]
[0.0, 0.547843064500455, 0.452156935499545]
[0.0, 0.5814397224631396, 0.41856027753686037]
[0.0, 0.5927801227667664, 0.4072198772332336]
[0.0, 0.5708498032572356, 0.42915019674276444]
[0.0, 0.5559520180739094, 0.4440479819260907]
[0.0, 0.5730241039375463, 0.4269758960624537]
[0.0, 0.7681196916048816, 0.23188030839511833]
[0.0, 1.0, 0.0]
[0.0, 1.0, 0.0]
[0.0, 1.0, 0.0]
[0.0, 1.0, 0.0]
[0.0, 1.0, 0.0]
[0.0, 1.0, 0.0]
[0.0, 1.0, 0.0]
[0.0, 1.0, 0.0]
[0.0, 1.0, 0.0]
[0.0, 0.7681196916048816, 0.23188030839511833]
[0.0, 0.547843064500455, 0.452156935499545]
[0.0, 0.547843064500455, 0.452156935499545]
[0.0, 0.5751050870721455, 0.42489491292785453]
[0.0, 0.5818076724125628, 0.4181923275874372]
[0.0, 0.5450825040766455, 0.45491749592335456]
[0.0, 0.7286051411870992, 0.2713948588129007]
[0.0, 0.7681196916048816, 0.23188030839511833]
[0.0, 1.0, 0.0]
[0.0, 1.0, 0.0]
[0.0, 1.0, 0.0]
[0.0, 1.0, 0.0]
[0.0, 0.99484209178015, 0.00515790821984998]
[0.0, 1.0, 0.0]
[0.0, 1.0, 0.0]
[0.0, 1.0, 0.0]
[0.0, 1.0, 0.0]
[0.0, 1.0, 0.0]
[1.0, 0.5037571385632702, 0.4962428614367298]
[0.0, 0.547843064500455, 0.452156935499545]
[0.0, 0.547843064500455, 0.452156935499545]
[0.0, 0.7783611196778114, 0.22163888032218856]
[0.0, 0.5907170718179304, 0.40928292818206957]
[0.0, 0.5559520180739094, 0.4440479819260907]
[0.0, 0.7370999173484786, 0.2629000826515215]
[0.0, 0.5730241039375463, 0.4269758960624537]
[0.0, 1.0, 0.0]
[0.0, 1.0, 0.0]
[0.0, 1.0, 0.0]
[0.0, 1.0, 0.0]
[0.0, 1.0, 0.0]
[0.0, 1.0, 0.0]
[0.0, 1.0, 0.0]
[0.0, 1.0, 0.0]
[0.0, 0.9949479031196927, 0.005052096880307226]
[0.0, 1.0, 0.0]
[1.0, 0.5114481228037729, 0.48855187719622717]
[0.0, 0.547843064500455, 0.452156935499545]
[0.0, 0.547843064500455, 0.452156935499545]
[0.0, 0.5708498032572356, 0.42915019674276444]
[0.0, 0.6046048205116143, 0.3953951794883856]
[0.0, 0.5559520180739094, 0.4440479819260907]
[0.0, 0.5559520180739094, 0.4440479819260907]
[0.0, 0.7681196916048816, 0.23188030839511833]
[0.0, 1.0, 0.0]
[0.0, 1.0, 0.0]
[0.0, 0.9952496752132195, 0.004750324786780543]
[0.0, 1.0, 0.0]
[0.0, 1.0, 0.0]
[0.0, 1.0, 0.0]
[0.0, 1.0, 0.0]
[0.0, 0.9974412423380629, 0.002558757661937124]
[0.0, 1.0, 0.0]
[0.0, 1.0, 0.0]
[1.0, 0.5300610392485531, 0.469938960751447]
[0.0, 0.547843064500455, 0.452156935499545]
[0.0, 0.6065335016285207, 0.3934664983714793]
[0.0, 0.6142318747285379, 0.38576812527146204]
[0.0, 0.7622281681813703, 0.23777183181862974]
[0.0, 0.7417428760010225, 0.25825712399897754]
[0.0, 0.5730241039375463, 0.4269758960624537]
[0.0, 0.5772012398117323, 0.4227987601882677]
[0.0, 1.0, 0.0]
[0.0, 1.0, 0.0]
[0.0, 1.0, 0.0]
[0.0, 1.0, 0.0]
[0.0, 1.0, 0.0]
[0.0, 1.0, 0.0]
[0.0, 1.0, 0.0]
[0.0, 1.0, 0.0]
[0.0, 0.7681196916048816, 0.23188030839511833]
[0.0, 1.0, 0.0]
[0.0, 0.5410475532878396, 0.4589524467121605]
[0.0, 0.547843064500455, 0.452156935499545]
[0.0, 0.574397670679451, 0.4256023293205489]
[0.0, 0.7783611196778114, 0.22163888032218856]
[0.0, 0.7670275774483518, 0.2329724225516481]
[0.0, 0.560097185153071, 0.43990281484692884]
[0.0, 0.7681196916048816, 0.23188030839511833]
[0.0, 0.5625253934886678, 0.43747460651133213]
[0.0, 0.9950494604181721, 0.004950539581827831]
[0.0, 1.0, 0.0]
[0.0, 1.0, 0.0]
[0.0, 0.7783611196778114, 0.22163888032218856]
[0.0, 0.7783611196778114, 0.22163888032218856]
[0.0, 1.0, 0.0]
[0.0, 1.0, 0.0]
[0.0, 1.0, 0.0]
[0.0, 0.7681196916048816, 0.23188030839511833]
[0.0, 1.0, 0.0]
[1.0, 0.5370719006609252, 0.4629280993390747]
[0.0, 0.547843064500455, 0.452156935499545]
[0.0, 0.5666570278265899, 0.4333429721734101]
[0.0, 0.5708498032572356, 0.42915019674276444]
[0.0, 0.7670275774483518, 0.2329724225516481]
[0.0, 0.5729120473022912, 0.4270879526977088]
[0.0, 0.7681196916048816, 0.23188030839511833]
[0.0, 0.7681196916048816, 0.23188030839511833]
[0.0, 1.0, 0.0]
[0.0, 0.547843064500455, 0.452156935499545]
[0.0, 1.0, 0.0]
[0.0, 0.7783611196778114, 0.22163888032218856]
[0.0, 1.0, 0.0]
[0.0, 1.0, 0.0]
[0.0, 1.0, 0.0]
[0.0, 1.0, 0.0]
[0.0, 1.0, 0.0]
[1.0, 0.5114481228037729, 0.48855187719622717]
[0.0, 0.547843064500455, 0.452156935499545]
[0.0, 0.547843064500455, 0.452156935499545]
[0.0, 0.5708498032572356, 0.42915019674276444]
[0.0, 0.564304629132504, 0.435695370867496]
[0.0, 0.560097185153071, 0.43990281484692884]
[0.0, 0.5666570278265899, 0.4333429721734101]
[0.0, 0.5730241039375463, 0.4269758960624537]
[0.0, 1.0, 0.0]
[0.0, 1.0, 0.0]
[0.0, 1.0, 0.0]
[0.0, 1.0, 0.0]
[0.0, 1.0, 0.0]
[0.0, 1.0, 0.0]
[0.0, 1.0, 0.0]
[0.0, 1.0, 0.0]
[0.0, 1.0, 0.0]
[0.0, 0.7681196916048816, 0.23188030839511833]
[0.0, 0.547843064500455, 0.452156935499545]
[0.0, 0.7356065503763323, 0.26439344962366773]
[0.0, 0.5814397224631396, 0.41856027753686037]
[0.0, 0.5882602872581166, 0.41173971274188337]
[0.0, 0.5909394118431835, 0.4090605881568164]
[0.0, 0.7417428760010225, 0.25825712399897754]
[0.0, 0.7681196916048816, 0.23188030839511833]
[0.0, 1.0, 0.0]
[0.0, 1.0, 0.0]
[0.0, 1.0, 0.0]
[0.0, 0.7856741046315395, 0.21432589536846053]
[0.0, 1.0, 0.0]
[0.0, 1.0, 0.0]
[0.0, 1.0, 0.0]
[0.0, 1.0, 0.0]
[0.0, 1.0, 0.0]
[1.0, 0.5317437807955775, 0.46825621920442256]
[0.0, 0.547843064500455, 0.452156935499545]
[0.0, 0.547843064500455, 0.452156935499545]
[0.0, 0.5666570278265899, 0.4333429721734101]
[0.0, 0.564304629132504, 0.435695370867496]
[0.0, 0.5886241910949851, 0.4113758089050149]
[0.0, 0.7681196916048816, 0.23188030839511833]
[0.0, 0.5730241039375463, 0.4269758960624537]
[1.0, 0.5370719006609252, 0.4629280993390747]
[0.0, 1.0, 0.0]
[0.0, 0.8070845091867048, 0.19291549081329515]
[0.0, 1.0, 0.0]
[0.0, 1.0, 0.0]
[0.0, 1.0, 0.0]
[0.0, 0.9947875064327412, 0.005212493567258847]
[0.0, 1.0, 0.0]
[0.0, 1.0, 0.0]
[0.0, 0.5410475532878396, 0.4589524467121605]
[0.0, 0.547843064500455, 0.452156935499545]
[0.0, 0.5708498032572356, 0.42915019674276444]
[0.0, 0.5973699514135103, 0.40263004858648954]
[0.0, 0.5909394118431835, 0.4090605881568164]
[0.0, 0.7417428760010225, 0.25825712399897754]
[0.0, 0.7218394672900855, 0.2781605327099144]
[0.0, 0.9848413900748291, 0.015158609925171006]
[0.0, 1.0, 0.0]
[0.0, 1.0, 0.0]
[0.0, 1.0, 0.0]
[0.0, 0.7783611196778114, 0.22163888032218856]
[0.0, 1.0, 0.0]
[0.0, 1.0, 0.0]
[0.0, 1.0, 0.0]
[0.0, 1.0, 0.0]
[1.0, 0.5114481228037729, 0.48855187719622717]
[0.0, 0.547843064500455, 0.452156935499545]
[0.0, 0.6428023523395551, 0.3571976476604449]
[0.0, 0.7783611196778114, 0.22163888032218856]
[0.0, 0.5863270409924028, 0.4136729590075972]
[0.0, 0.7652108828262415, 0.2347891171737585]
[0.0, 0.5730241039375463, 0.4269758960624537]
[0.0, 0.7681196916048816, 0.23188030839511833]
[0.0, 1.0, 0.0]
[0.0, 1.0, 0.0]
[0.0, 1.0, 0.0]
[0.0, 1.0, 0.0]
[0.0, 1.0, 0.0]
[0.0, 1.0, 0.0]
[0.0, 0.7417428760010225, 0.25825712399897754]
[0.0, 1.0, 0.0]
[0.0, 1.0, 0.0]
[1.0, 0.5370719006609252, 0.4629280993390747]
[0.0, 0.547843064500455, 0.452156935499545]
[0.0, 0.7856741046315395, 0.21432589536846053]
[0.0, 0.5882602872581166, 0.41173971274188337]
[0.0, 0.5794242876378325, 0.4205757123621675]
[0.0, 0.5559520180739094, 0.4440479819260907]
[0.0, 0.5857409133271202, 0.41425908667287975]
[0.0, 1.0, 0.0]
[0.0, 1.0, 0.0]
[0.0, 1.0, 0.0]
[0.0, 1.0, 0.0]
[0.0, 1.0, 0.0]
[0.0, 0.7670275774483518, 0.2329724225516481]
[0.0, 0.7877993338547921, 0.21220066614520788]
[0.0, 0.7681196916048816, 0.23188030839511833]
[0.0, 1.0, 0.0]
[1.0, 0.5075734980337814, 0.4924265019662187]
[0.0, 0.547843064500455, 0.452156935499545]
[0.0, 0.6405048103628325, 0.35949518963716753]
[0.0, 0.5666570278265899, 0.4333429721734101]
[0.0, 0.5863270409924028, 0.4136729590075972]
[0.0, 0.5913917102635416, 0.4086082897364584]
[0.0, 0.5857409133271202, 0.41425908667287975]
[0.0, 0.5730241039375463, 0.4269758960624537]
[0.0, 0.547843064500455, 0.452156935499545]
[0.0, 1.0, 0.0]
[0.0, 1.0, 0.0]
[0.0, 1.0, 0.0]
[0.0, 0.7591686947709457, 0.24083130522905422]
[0.0, 0.7728356221947038, 0.22716437780529616]
[0.0, 1.0, 0.0]
[0.0, 0.7681196916048816, 0.23188030839511833]
[0.0, 1.0, 0.0]
[0.0, 0.547843064500455, 0.452156935499545]
[0.0, 0.547843064500455, 0.452156935499545]
[0.0, 0.5814397224631396, 0.41856027753686037]
[0.0, 0.5907170718179304, 0.40928292818206957]
[0.0, 0.5666570278265899, 0.4333429721734101]
[0.0, 0.560097185153071, 0.43990281484692884]
[0.0, 0.5857409133271202, 0.41425908667287975]
[0.0, 1.0, 0.0]
[0.0, 1.0, 0.0]
[0.0, 1.0, 0.0]
[0.0, 1.0, 0.0]
[0.0, 1.0, 0.0]
[0.0, 1.0, 0.0]
[0.0, 1.0, 0.0]
[0.0, 1.0, 0.0]
[0.0, 1.0, 0.0]
[0.0, 1.0, 0.0]
[0.0, 0.5410475532878396, 0.4589524467121605]
[0.0, 0.547843064500455, 0.452156935499545]
[0.0, 0.5857409133271202, 0.41425908667287975]
[0.0, 0.6673636549478075, 0.3326363450521925]
[0.0, 0.7622281681813703, 0.23777183181862974]
[0.0, 0.5559520180739094, 0.4440479819260907]
[0.0, 0.7681196916048816, 0.23188030839511833]
[0.0, 0.9849953195575846, 0.015004680442415411]
[0.0, 1.0, 0.0]
[0.0, 0.547843064500455, 0.452156935499545]
[0.0, 1.0, 0.0]
[0.0, 0.7856741046315395, 0.21432589536846053]
[0.0, 0.7783611196778114, 0.22163888032218856]
[0.0, 0.8266063072478813, 0.17339369275211866]
[0.0, 1.0, 0.0]
[0.0, 0.9936522021994957, 0.0063477978005042]
[0.0, 1.0, 0.0]
[1.0, 0.5075734980337814, 0.4924265019662187]
[0.0, 0.7356065503763323, 0.26439344962366773]
[0.0, 0.6129464829940265, 0.38705351700597346]
[0.0, 0.5666570278265899, 0.4333429721734101]
[0.0, 0.7670275774483518, 0.2329724225516481]
[0.0, 0.5559520180739094, 0.4440479819260907]
[0.0, 0.5772012398117323, 0.4227987601882677]
[0.0, 0.7681196916048816, 0.23188030839511833]
[0.0, 1.0, 0.0]
[0.0, 1.0, 0.0]
[0.0, 1.0, 0.0]
[0.0, 0.7783611196778114, 0.22163888032218856]
[0.0, 0.7783611196778114, 0.22163888032218856]
[0.0, 0.7670275774483518, 0.2329724225516481]
[0.0, 1.0, 0.0]
[0.0, 0.7417428760010225, 0.25825712399897754]
[0.0, 1.0, 0.0]
[1.0, 0.5114481228037729, 0.48855187719622717]
[0.0, 0.547843064500455, 0.452156935499545]
[0.0, 0.7356065503763323, 0.26439344962366773]
[0.0, 0.5810868113457179, 0.4189131886542821]
[0.0, 0.564304629132504, 0.435695370867496]
[0.0, 0.6126260518210984, 0.3873739481789016]
[0.0, 0.7681196916048816, 0.23188030839511833]
[0.0, 0.5730241039375463, 0.4269758960624537]
[0.0, 1.0, 0.0]
[0.0, 0.547843064500455, 0.452156935499545]
[0.0, 1.0, 0.0]
[0.0, 1.0, 0.0]
[0.0, 1.0, 0.0]
[0.0, 1.0, 0.0]
[0.0, 0.7728356221947038, 0.22716437780529616]
[0.0, 0.7417428760010225, 0.25825712399897754]
[0.0, 0.7681196916048816, 0.23188030839511833]
[0.0, 0.7681196916048816, 0.23188030839511833]
[1.0, 0.5370719006609252, 0.4629280993390747]
[0.0, 0.547843064500455, 0.452156935499545]
[0.0, 0.5932643359847595, 0.40673566401524064]
[0.0, 0.609380327689573, 0.39061967231042705]
[0.0, 0.5843001297670004, 0.4156998702329996]
[0.0, 0.560097185153071, 0.43990281484692884]
[0.0, 0.7681196916048816, 0.23188030839511833]
[0.0, 0.7681196916048816, 0.23188030839511833]
[0.0, 1.0, 0.0]
[0.0, 1.0, 0.0]
[0.0, 1.0, 0.0]
[0.0, 1.0, 0.0]
[0.0, 0.7783611196778114, 0.22163888032218856]
[0.0, 1.0, 0.0]
[0.0, 0.8576650703076483, 0.14233492969235173]
[0.0, 1.0, 0.0]
[0.0, 1.0, 0.0]
[1.0, 0.5114481228037729, 0.48855187719622717]
[0.0, 0.547843064500455, 0.452156935499545]
[0.0, 0.7356065503763323, 0.26439344962366773]
[0.0, 0.5666570278265899, 0.4333429721734101]
[0.0, 0.6727674929514699, 0.3272325070485302]
[0.0, 0.5751050870721455, 0.42489491292785453]
[0.0, 0.7417428760010225, 0.25825712399897754]
[0.0, 0.6063878401737693, 0.39361215982623066]
[1.0, 0.5114481228037729, 0.48855187719622717]
[0.0, 0.9924794220406229, 0.007520577959377036]
[0.0, 1.0, 0.0]
[0.0, 1.0, 0.0]
[0.0, 0.7783611196778114, 0.22163888032218856]
[0.0, 1.0, 0.0]
[0.0, 1.0, 0.0]
[0.0, 0.7877993338547921, 0.21220066614520788]
[0.0, 1.0, 0.0]
[0.0, 0.7681196916048816, 0.23188030839511833]
[0.0, 0.6232536912297901, 0.37674630877020987]
[1.0, 0.5370719006609252, 0.4629280993390747]
[0.0, 0.7356065503763323, 0.26439344962366773]
[0.0, 0.6857871498172959, 0.314212850182704]
[0.0, 0.7783611196778114, 0.22163888032218856]
[0.0, 0.5882602872581166, 0.41173971274188337]
[0.0, 0.5729120473022912, 0.4270879526977088]
[0.0, 0.560097185153071, 0.43990281484692884]
[0.0, 0.5814397224631396, 0.41856027753686037]
[1.0, 0.5300610392485531, 0.469938960751447]
[0.0, 1.0, 0.0]
[0.0, 1.0, 0.0]
[0.0, 0.7856741046315395, 0.21432589536846053]
[0.0, 0.7783611196778114, 0.22163888032218856]
[0.0, 1.0, 0.0]
[0.0, 1.0, 0.0]
[0.0, 1.0, 0.0]
[0.0, 1.0, 0.0]
[0.0, 1.0, 0.0]
[0.0, 0.5461006628720382, 0.4538993371279618]
[0.0, 0.547843064500455, 0.452156935499545]
[0.0, 0.547843064500455, 0.452156935499545]
[0.0, 0.6413148447797787, 0.35868515522022126]
[0.0, 0.5912658133384924, 0.4087341866615076]
[0.0, 0.5838088559498764, 0.41619114405012353]
[0.0, 0.7728356221947038, 0.22716437780529616]
[0.0, 0.5860261185017173, 0.41397388149828274]
[0.0, 0.801444323351383, 0.198555676648617]
[1.0, 0.5300610392485531, 0.469938960751447]
[0.0, 1.0, 0.0]
[0.0, 1.0, 0.0]
[0.0, 0.7856741046315395, 0.21432589536846053]
[0.0, 1.0, 0.0]
[0.0, 1.0, 0.0]
[0.0, 1.0, 0.0]
[0.0, 1.0, 0.0]
[0.0, 1.0, 0.0]
[0.0, 0.5772012398117323, 0.4227987601882677]
[1.0, 0.5114481228037729, 0.48855187719622717]
[0.0, 0.547843064500455, 0.452156935499545]
[0.0, 0.547843064500455, 0.452156935499545]
[0.0, 0.7856741046315395, 0.21432589536846053]
[0.0, 0.5751050870721455, 0.42489491292785453]
[0.0, 0.5575567157972554, 0.44244328420274454]
[0.0, 0.5559520180739094, 0.4440479819260907]
[0.0, 0.5730241039375463, 0.4269758960624537]
[0.0, 0.7681196916048816, 0.23188030839511833]
[0.0, 1.0, 0.0]
[0.0, 1.0, 0.0]
[0.0, 0.8047673139425299, 0.19523268605747007]
[0.0, 0.7783611196778114, 0.22163888032218856]
[0.0, 1.0, 0.0]
[0.0, 1.0, 0.0]
[0.0, 1.0, 0.0]
[0.0, 0.9930944868835542, 0.006905513116445883]
[0.0, 0.7681196916048816, 0.23188030839511833]
[0.0, 0.6232536912297901, 0.37674630877020987]
[0.0, 0.547843064500455, 0.452156935499545]
[0.0, 0.547843064500455, 0.452156935499545]
[0.0, 0.7988331505651478, 0.2011668494348521]
[0.0, 0.5694453343804159, 0.4305546656195841]
[0.0, 0.5863270409924028, 0.4136729590075972]
[0.0, 0.5685757641050562, 0.4314242358949439]
[0.0, 0.7370999173484786, 0.2629000826515215]
[0.0, 0.5730241039375463, 0.4269758960624537]
[0.0, 1.0, 0.0]
[0.0, 1.0, 0.0]
[0.0, 1.0, 0.0]
[0.0, 0.7951418540658507, 0.20485814593414936]
[0.0, 0.790379627446357, 0.20962037255364302]
[0.0, 1.0, 0.0]
[0.0, 1.0, 0.0]
[0.0, 0.7652108828262415, 0.2347891171737585]
[0.0, 0.7417428760010225, 0.25825712399897754]
[0.0, 1.0, 0.0]
[0.0, 0.7681196916048816, 0.23188030839511833]
[1.0, 0.5283368304912768, 0.4716631695087232]
[0.0, 0.7356065503763323, 0.26439344962366773]
[0.0, 0.547843064500455, 0.452156935499545]
[0.0, 0.7356065503763323, 0.26439344962366773]
[0.0, 0.574397670679451, 0.4256023293205489]
[0.0, 0.5794242876378325, 0.4205757123621675]
[0.0, 0.6189355121635969, 0.3810644878364031]
[0.0, 0.5559520180739094, 0.4440479819260907]
[0.0, 0.5730241039375463, 0.4269758960624537]
[0.0, 0.9793274427883952, 0.020672557211604683]
[0.0, 0.547843064500455, 0.452156935499545]
[0.0, 1.0, 0.0]
[0.0, 0.547843064500455, 0.452156935499545]
[0.0, 1.0, 0.0]
[0.0, 0.7734354411252771, 0.2265645588747229]
[0.0, 0.7783611196778114, 0.22163888032218856]
[0.0, 1.0, 0.0]
[0.0, 0.7877993338547921, 0.21220066614520788]
[0.0, 0.7417428760010225, 0.25825712399897754]
[0.0, 0.7681196916048816, 0.23188030839511833]
[0.0, 1.0, 0.0]
[1.0, 0.5228345589753235, 0.4771654410246765]
[0.0, 0.7356065503763323, 0.26439344962366773]
[0.0, 0.547843064500455, 0.452156935499545]
[0.0, 0.547843064500455, 0.452156935499545]
[0.0, 0.6261018064101861, 0.3738981935898139]
[0.0, 0.6761366473361466, 0.3238633526638534]
[0.0, 0.564304629132504, 0.435695370867496]
[0.0, 0.5729120473022912, 0.4270879526977088]
[0.0, 0.7681196916048816, 0.23188030839511833]
[0.0, 0.5772012398117323, 0.4227987601882677]
[0.0, 1.0, 0.0]
[1.0, 0.5370719006609252, 0.4629280993390747]
[0.0, 1.0, 0.0]
[0.0, 1.0, 0.0]
[0.0, 1.0, 0.0]
[0.0, 1.0, 0.0]
[0.0, 1.0, 0.0]
[0.0, 0.7622281681813703, 0.23777183181862974]
[0.0, 0.7417428760010225, 0.25825712399897754]
[0.0, 0.7496664240659874, 0.2503335759340126]
[0.0, 0.7681196916048816, 0.23188030839511833]
[0.0, 0.7681196916048816, 0.23188030839511833]
[1.0, 0.5317437807955775, 0.46825621920442256]
[0.0, 0.547843064500455, 0.452156935499545]
[0.0, 0.547843064500455, 0.452156935499545]
[0.0, 0.7356065503763323, 0.26439344962366773]
[0.0, 0.7783611196778114, 0.22163888032218856]
[0.0, 0.5927801227667664, 0.4072198772332336]
[0.0, 0.7851547250344845, 0.21484527496551545]
[0.0, 0.7417428760010225, 0.25825712399897754]
[0.0, 0.7681196916048816, 0.23188030839511833]
[0.0, 0.7681196916048816, 0.23188030839511833]
[0.0, 1.0, 0.0]
[0.0, 1.0, 0.0]
[0.0, 1.0, 0.0]
[0.0, 1.0, 0.0]
[0.0, 1.0, 0.0]
[0.0, 1.0, 0.0]
[0.0, 0.7670275774483518, 0.2329724225516481]
[0.0, 0.7803645071172011, 0.219635492882799]
[0.0, 1.0, 0.0]
[0.0, 1.0, 0.0]
[0.0, 0.7681196916048816, 0.23188030839511833]
[0.0, 0.6232536912297901, 0.37674630877020987]
[0.0, 0.7127641066285206, 0.2872358933714794]
[0.0, 0.547843064500455, 0.452156935499545]
[0.0, 0.547843064500455, 0.452156935499545]
[0.0, 0.6376260224462622, 0.3623739775537379]
[0.0, 0.5779773635387613, 0.42202263646123866]
[0.0, 0.7670275774483518, 0.2329724225516481]
[0.0, 0.5666570278265899, 0.4333429721734101]
[0.0, 0.7370999173484786, 0.2629000826515215]
[0.0, 0.7681196916048816, 0.23188030839511833]
[0.0, 0.7681196916048816, 0.23188030839511833]
[0.0, 1.0, 0.0]
[0.0, 1.0, 0.0]
[0.0, 1.0, 0.0]
[0.0, 1.0, 0.0]
[0.0, 0.7799184190908446, 0.22008158090915544]
[0.0, 1.0, 0.0]
[0.0, 0.7670275774483518, 0.2329724225516481]
[0.0, 0.7728356221947038, 0.22716437780529616]
[0.0, 1.0, 0.0]
[0.0, 0.7620718270922345, 0.23792817290776538]
[0.0, 0.7681196916048816, 0.23188030839511833]
[0.0, 0.6232536912297901, 0.37674630877020987]
[1.0, 0.5075734980337814, 0.4924265019662187]
[0.0, 0.5758682936065096, 0.4241317063934903]
[0.0, 0.547843064500455, 0.452156935499545]
[0.0, 0.802393776181927, 0.19760622381807302]
[0.0, 0.5666570278265899, 0.4333429721734101]
[0.0, 0.7670275774483518, 0.2329724225516481]
[0.0, 0.5838088559498764, 0.41619114405012353]
[0.0, 0.7417428760010225, 0.25825712399897754]
[0.0, 0.7681196916048816, 0.23188030839511833]
[0.0, 0.7990749316242125, 0.20092506837578747]
[0.0, 1.0, 0.0]
[0.0, 1.0, 0.0]
[0.0, 1.0, 0.0]
[0.0, 0.547843064500455, 0.452156935499545]
[0.0, 0.790379627446357, 0.20962037255364302]
[0.0, 0.7783611196778114, 0.22163888032218856]
[0.0, 0.7670275774483518, 0.2329724225516481]
[0.0, 0.7728356221947038, 0.22716437780529616]
[0.0, 0.7417428760010225, 0.25825712399897754]
[0.0, 1.0, 0.0]
[0.0, 0.7634609662286518, 0.23653903377134816]
[0.0, 1.0, 0.0]
[1.0, 0.5317437807955775, 0.46825621920442256]
[0.0, 0.547843064500455, 0.452156935499545]
[0.0, 0.7356065503763323, 0.26439344962366773]
[0.0, 0.547843064500455, 0.452156935499545]
[0.0, 0.5786684680404484, 0.4213315319595516]
[0.0, 0.6020314117318991, 0.397968588268101]
[0.0, 0.5751050870721455, 0.42489491292785453]
[0.0, 0.7417428760010225, 0.25825712399897754]
[0.0, 0.7417428760010225, 0.25825712399897754]
[0.0, 0.5730241039375463, 0.4269758960624537]
[1.0, 0.5114481228037729, 0.48855187719622717]
[0.0, 1.0, 0.0]
[0.0, 1.0, 0.0]
[0.0, 1.0, 0.0]
[0.0, 1.0, 0.0]
[0.0, 0.7783611196778114, 0.22163888032218856]
[0.0, 1.0, 0.0]
[0.0, 0.7670275774483518, 0.2329724225516481]
[0.0, 0.7803645071172011, 0.219635492882799]
[0.0, 0.7417428760010225, 0.25825712399897754]
[0.0, 0.9965041316279895, 0.0034958683720106754]
[0.0, 1.0, 0.0]
[0.0, 0.6232536912297901, 0.37674630877020987]
[1.0, 0.5075734980337814, 0.4924265019662187]
[0.0, 0.547843064500455, 0.452156935499545]
[0.0, 0.547843064500455, 0.452156935499545]
[0.0, 0.547843064500455, 0.452156935499545]
[0.0, 0.7783611196778114, 0.22163888032218856]
[0.0, 0.7591686947709457, 0.24083130522905422]
[0.0, 0.7728356221947038, 0.22716437780529616]
[0.0, 0.5952877826250458, 0.4047122173749542]
[0.0, 0.7681196916048816, 0.23188030839511833]
[0.0, 0.5772012398117323, 0.4227987601882677]
[1.0, 0.5075734980337814, 0.4924265019662187]
[0.0, 1.0, 0.0]
[0.0, 0.547843064500455, 0.452156935499545]
[0.0, 0.547843064500455, 0.452156935499545]
[0.0, 1.0, 0.0]
[0.0, 0.7783611196778114, 0.22163888032218856]
[0.0, 1.0, 0.0]
[0.0, 1.0, 0.0]
[0.0, 1.0, 0.0]
[0.0, 1.0, 0.0]
[0.0, 1.0, 0.0]
[0.0, 1.0, 0.0]
[0.0, 0.5559520180739094, 0.4440479819260907]
[1.0, 0.5114481228037729, 0.48855187719622717]
[0.0, 0.7356065503763323, 0.26439344962366773]
[0.0, 0.547843064500455, 0.452156935499545]
[0.0, 0.547843064500455, 0.452156935499545]
[0.0, 0.5751050870721455, 0.42489491292785453]
[0.0, 0.7783611196778114, 0.22163888032218856]
[0.0, 0.7670275774483518, 0.2329724225516481]
[0.0, 0.6027941880499736, 0.3972058119500264]
[0.0, 0.7417428760010225, 0.25825712399897754]
[0.0, 0.5730241039375463, 0.4269758960624537]
[0.0, 0.9763495284708129, 0.02365047152918706]
[0.0, 0.547843064500455, 0.452156935499545]
[0.0, 1.0, 0.0]
[0.0, 1.0, 0.0]
[0.0, 1.0, 0.0]
[0.0, 1.0, 0.0]
[0.0, 0.7783611196778114, 0.22163888032218856]
[0.0, 1.0, 0.0]
[0.0, 1.0, 0.0]
[0.0, 0.777609818154606, 0.22239018184539402]
[0.0, 0.7417428760010225, 0.25825712399897754]
[0.0, 0.7681196916048816, 0.23188030839511833]
[0.0, 1.0, 0.0]
[0.0, 0.6232536912297901, 0.37674630877020987]
[1.0, 0.5075734980337814, 0.4924265019662187]
[0.0, 0.547843064500455, 0.452156935499545]
[0.0, 0.7356065503763323, 0.26439344962366773]
[0.0, 0.7356065503763323, 0.26439344962366773]
[0.0, 0.7783611196778114, 0.22163888032218856]
[0.0, 0.6142318747285379, 0.38576812527146204]
[0.0, 0.5909394118431835, 0.4090605881568164]
[0.0, 0.777609818154606, 0.22239018184539402]
[0.0, 0.5559520180739094, 0.4440479819260907]
[0.0, 0.7681196916048816, 0.23188030839511833]
[1.0, 0.5037571385632702, 0.4962428614367298]
[0.0, 0.547843064500455, 0.452156935499545]
[0.0, 1.0, 0.0]
[0.0, 0.547843064500455, 0.452156935499545]
[0.0, 0.547843064500455, 0.452156935499545]
[0.0, 0.8047673139425299, 0.19523268605747007]
[0.0, 1.0, 0.0]
[0.0, 1.0, 0.0]
[0.0, 0.7670275774483518, 0.2329724225516481]
[0.0, 0.7877993338547921, 0.21220066614520788]
[0.0, 0.7417428760010225, 0.25825712399897754]
[0.0, 1.0, 0.0]
[0.0, 1.0, 0.0]
[0.0, 0.7681196916048816, 0.23188030839511833]
[1.0, 0.5228345589753235, 0.4771654410246765]
[0.0, 0.547843064500455, 0.452156935499545]
[0.0, 0.7356065503763323, 0.26439344962366773]
[0.0, 0.7356065503763323, 0.26439344962366773]
[0.0, 0.6772167285819887, 0.3227832714180113]
[0.0, 0.6930227421732014, 0.3069772578267987]
[0.0, 0.5794242876378325, 0.4205757123621675]
[0.0, 0.7652108828262415, 0.2347891171737585]
[0.0, 0.7417428760010225, 0.25825712399897754]
[0.0, 0.5832753305057355, 0.4167246694942645]
[0.0, 0.7681196916048816, 0.23188030839511833]
[0.0, 0.9763495284708129, 0.02365047152918706]
[0.0, 0.547843064500455, 0.452156935499545]
[0.0, 1.0, 0.0]
[0.0, 0.547843064500455, 0.452156935499545]
[0.0, 1.0, 0.0]
[0.0, 0.547843064500455, 0.452156935499545]
[0.0, 1.0, 0.0]
[0.0, 0.7783611196778114, 0.22163888032218856]
[0.0, 0.7670275774483518, 0.2329724225516481]
[0.0, 0.7728356221947038, 0.22716437780529616]
[0.0, 1.0, 0.0]
[0.0, 1.0, 0.0]
[0.0, 0.7681196916048816, 0.23188030839511833]
[0.0, 1.0, 0.0]
[1.0, 0.5114481228037729, 0.48855187719622717]
[1.0, 0.5370719006609252, 0.4629280993390747]
[0.0, 0.547843064500455, 0.452156935499545]
[0.0, 0.547843064500455, 0.452156935499545]
[0.0, 0.6740720878724684, 0.3259279121275317]
[0.0, 0.7856741046315395, 0.21432589536846053]
[0.0, 0.5794242876378325, 0.4205757123621675]
[0.0, 0.7728356221947038, 0.22716437780529616]
[0.0, 0.7652108828262415, 0.2347891171737585]
[0.0, 0.7417428760010225, 0.25825712399897754]
[0.0, 0.5730241039375463, 0.4269758960624537]
[1.0, 0.5037571385632702, 0.4962428614367298]
[0.0, 1.0, 0.0]
[0.0, 0.547843064500455, 0.452156935499545]
[0.0, 1.0, 0.0]
[0.0, 0.547843064500455, 0.452156935499545]
[0.0, 0.547843064500455, 0.452156935499545]
[0.0, 1.0, 0.0]
[0.0, 0.7783611196778114, 0.22163888032218856]
[0.0, 0.7670275774483518, 0.2329724225516481]
[0.0, 0.7728356221947038, 0.22716437780529616]
[0.0, 1.0, 0.0]
[0.0, 0.7417428760010225, 0.25825712399897754]
[0.0, 1.0, 0.0]
[0.0, 0.7681196916048816, 0.23188030839511833]
[0.0, 0.6232536912297901, 0.37674630877020987]
[1.0, 0.5075734980337814, 0.4924265019662187]
[0.0, 0.547843064500455, 0.452156935499545]
[0.0, 0.547843064500455, 0.452156935499545]
[0.0, 0.547843064500455, 0.452156935499545]
[0.0, 0.7783611196778114, 0.22163888032218856]
[0.0, 0.7783611196778114, 0.22163888032218856]
[0.0, 0.7670275774483518, 0.2329724225516481]
[0.0, 0.7728356221947038, 0.22716437780529616]
[0.0, 0.7417428760010225, 0.25825712399897754]
[0.0, 0.5945370698829372, 0.4054629301170628]
[0.0, 0.7681196916048816, 0.23188030839511833]
[1.0, 0.5037571385632702, 0.4962428614367298]
[0.0, 1.0, 0.0]
[0.0, 0.547843064500455, 0.452156935499545]
[0.0, 0.547843064500455, 0.452156935499545]
[0.0, 1.0, 0.0]
[0.0, 0.547843064500455, 0.452156935499545]
[0.0, 0.7856741046315395, 0.21432589536846053]
[0.0, 0.7783611196778114, 0.22163888032218856]
[0.0, 0.7591686947709457, 0.24083130522905422]
[0.0, 1.0, 0.0]
[0.0, 1.0, 0.0]
[0.0, 0.9966605648337071, 0.0033394351662927864]
[0.0, 0.7681196916048816, 0.23188030839511833]
[0.0, 0.7681196916048816, 0.23188030839511833]
[0.0, 0.6232536912297901, 0.37674630877020987]
[1.0, 0.5075734980337814, 0.4924265019662187]
[0.0, 0.547843064500455, 0.452156935499545]
[0.0, 0.547843064500455, 0.452156935499545]
[0.0, 0.547843064500455, 0.452156935499545]
[0.0, 0.5945370698829372, 0.4054629301170628]
[0.0, 0.7856741046315395, 0.21432589536846053]
[0.0, 0.7591686947709457, 0.24083130522905422]
[0.0, 0.7728356221947038, 0.22716437780529616]
[0.0, 0.5559520180739094, 0.4440479819260907]
[0.0, 0.7681196916048816, 0.23188030839511833]
[0.0, 0.7681196916048816, 0.23188030839511833]
[0.0, 0.7681196916048816, 0.23188030839511833]
[0.0, 1.0, 0.0]
[0.0, 1.0, 0.0]
[0.0, 0.547843064500455, 0.452156935499545]
[0.0, 0.547843064500455, 0.452156935499545]
[0.0, 1.0, 0.0]
[0.0, 1.0, 0.0]
[0.0, 1.0, 0.0]
[0.0, 0.7783611196778114, 0.22163888032218856]
[0.0, 0.7670275774483518, 0.2329724225516481]
[0.0, 0.7877993338547921, 0.21220066614520788]
[0.0, 0.7417428760010225, 0.25825712399897754]
[0.0, 0.9958078889661981, 0.004192111033801889]
[0.0, 0.7681196916048816, 0.23188030839511833]
[0.0, 0.7681196916048816, 0.23188030839511833]
[1.0, 0.5114481228037729, 0.48855187719622717]
[0.0, 0.547843064500455, 0.452156935499545]
[0.0, 0.7356065503763323, 0.26439344962366773]
[0.0, 0.547843064500455, 0.452156935499545]
[0.0, 0.547843064500455, 0.452156935499545]
[0.0, 0.7783611196778114, 0.22163888032218856]
[0.0, 0.7783611196778114, 0.22163888032218856]
[0.0, 0.7670275774483518, 0.2329724225516481]
[0.0, 0.7877993338547921, 0.21220066614520788]
[0.0, 0.7417428760010225, 0.25825712399897754]
[0.0, 0.5945370698829372, 0.4054629301170628]
[0.0, 0.7681196916048816, 0.23188030839511833]
[0.0, 0.560097185153071, 0.43990281484692884]
[0.0, 1.0, 0.0]
[0.0, 1.0, 0.0]
[0.0, 1.0, 0.0]
[0.0, 0.547843064500455, 0.452156935499545]
[0.0, 1.0, 0.0]
[0.0, 0.8188084356159437, 0.18119156438405631]
[0.0, 1.0, 0.0]
[0.0, 0.7783611196778114, 0.22163888032218856]
[0.0, 0.7670275774483518, 0.2329724225516481]
[0.0, 1.0, 0.0]
[0.0, 0.5559520180739094, 0.4440479819260907]
[0.0, 1.0, 0.0]
[0.0, 0.7681196916048816, 0.23188030839511833]
[0.0, 0.7681196916048816, 0.23188030839511833]
[0.0, 0.5461006628720382, 0.4538993371279618]
[0.0, 0.547843064500455, 0.452156935499545]
[0.0, 0.547843064500455, 0.452156935499545]
[0.0, 0.547843064500455, 0.452156935499545]
[0.0, 0.547843064500455, 0.452156935499545]
[0.0, 0.6358398842451674, 0.36416011575483265]
[0.0, 0.7783611196778114, 0.22163888032218856]
[0.0, 0.7591686947709457, 0.24083130522905422]
[0.0, 0.7728356221947038, 0.22716437780529616]
[0.0, 0.7417428760010225, 0.25825712399897754]
[0.0, 0.7620718270922345, 0.23792817290776538]
[0.0, 0.5857409133271202, 0.41425908667287975]
[0.0, 0.7681196916048816, 0.23188030839511833]
[0.0, 1.0, 0.0]
[1.0, 0.5370719006609252, 0.4629280993390747]
[0.0, 0.547843064500455, 0.452156935499545]
[0.0, 0.547843064500455, 0.452156935499545]
[0.0, 1.0, 0.0]
[0.0, 1.0, 0.0]
[0.0, 0.7783611196778114, 0.22163888032218856]
[0.0, 0.7783611196778114, 0.22163888032218856]
[0.0, 1.0, 0.0]
[0.0, 0.7877993338547921, 0.21220066614520788]
[0.0, 1.0, 0.0]
[0.0, 0.7681196916048816, 0.23188030839511833]
[0.0, 0.7681196916048816, 0.23188030839511833]
[0.0, 0.7681196916048816, 0.23188030839511833]
[0.0, 0.6232536912297901, 0.37674630877020987]
[1.0, 0.5075734980337814, 0.4924265019662187]
[0.0, 0.547843064500455, 0.452156935499545]
[0.0, 0.7356065503763323, 0.26439344962366773]
[0.0, 0.547843064500455, 0.452156935499545]
[0.0, 0.7218975962334814, 0.2781024037665185]
[0.0, 0.5945370698829372, 0.4054629301170628]
[0.0, 0.7591686947709457, 0.24083130522905422]
[0.0, 0.7728356221947038, 0.22716437780529616]
[0.0, 0.7496664240659874, 0.2503335759340126]
[0.0, 0.7605119373951595, 0.23948806260484043]
[0.0, 0.7681196916048816, 0.23188030839511833]
[0.0, 0.7681196916048816, 0.23188030839511833]
[1.0, 0.5075734980337814, 0.4924265019662187]
[1.0, 0.5370719006609252, 0.4629280993390747]
[0.0, 0.547843064500455, 0.452156935499545]
[0.0, 1.0, 0.0]
[0.0, 1.0, 0.0]
[0.0, 0.8140504012389131, 0.18594959876108685]
[0.0, 0.7856741046315395, 0.21432589536846053]
[0.0, 1.0, 0.0]
[0.0, 0.7670275774483518, 0.2329724225516481]
[0.0, 0.7574884467193203, 0.24251155328067975]
[0.0, 0.7417428760010225, 0.25825712399897754]
[0.0, 1.0, 0.0]
[0.0, 0.7681196916048816, 0.23188030839511833]
[0.0, 0.7681196916048816, 0.23188030839511833]
[0.0, 0.5461006628720382, 0.4538993371279618]
[0.0, 0.724658270381786, 0.27534172961821407]
[0.0, 0.547843064500455, 0.452156935499545]
[0.0, 0.547843064500455, 0.452156935499545]
[0.0, 0.547843064500455, 0.452156935499545]
[0.0, 0.6854332260846115, 0.3145667739153885]
[0.0, 0.7783611196778114, 0.22163888032218856]
[0.0, 0.581786113013538, 0.418213886986462]
[0.0, 0.7728356221947038, 0.22716437780529616]
[0.0, 0.7417428760010225, 0.25825712399897754]
[0.0, 0.7681196916048816, 0.23188030839511833]
[0.0, 0.7681196916048816, 0.23188030839511833]
[0.0, 0.9848413900748291, 0.015158609925171006]
[0.0, 0.547843064500455, 0.452156935499545]
[0.0, 0.547843064500455, 0.452156935499545]
[0.0, 0.547843064500455, 0.452156935499545]
[0.0, 0.547843064500455, 0.452156935499545]
[0.0, 1.0, 0.0]
[0.0, 1.0, 0.0]
[0.0, 0.7783611196778114, 0.22163888032218856]
[0.0, 1.0, 0.0]
[0.0, 0.7622281681813703, 0.23777183181862974]
[0.0, 0.7728356221947038, 0.22716437780529616]
[0.0, 1.0, 0.0]
[0.0, 0.7681196916048816, 0.23188030839511833]
[0.0, 0.7681196916048816, 0.23188030839511833]
[0.0, 1.0, 0.0]
[1.0, 0.5114481228037729, 0.48855187719622717]
[0.0, 0.547843064500455, 0.452156935499545]
[0.0, 0.547843064500455, 0.452156935499545]
[0.0, 0.547843064500455, 0.452156935499545]
[0.0, 0.7356065503763323, 0.26439344962366773]
[0.0, 0.7783611196778114, 0.22163888032218856]
[0.0, 0.7652108828262415, 0.2347891171737585]
[0.0, 0.7670275774483518, 0.2329724225516481]
[0.0, 0.7652108828262415, 0.2347891171737585]
[0.0, 0.5559520180739094, 0.4440479819260907]
[0.0, 0.7681196916048816, 0.23188030839511833]
[0.0, 0.5772012398117323, 0.4227987601882677]
[1.0, 0.5075734980337814, 0.4924265019662187]
[0.0, 1.0, 0.0]
[0.0, 0.547843064500455, 0.452156935499545]
[0.0, 0.547843064500455, 0.452156935499545]
[0.0, 0.547843064500455, 0.452156935499545]
[0.0, 1.0, 0.0]
[0.0, 0.7783611196778114, 0.22163888032218856]
[0.0, 0.7783611196778114, 0.22163888032218856]
[0.0, 0.7670275774483518, 0.2329724225516481]
[0.0, 1.0, 0.0]
[0.0, 0.7417428760010225, 0.25825712399897754]
[0.0, 0.7417428760010225, 0.25825712399897754]
[0.0, 0.7681196916048816, 0.23188030839511833]
[0.0, 0.7681196916048816, 0.23188030839511833]
[0.0, 0.7681196916048816, 0.23188030839511833]
[1.0, 0.5114481228037729, 0.48855187719622717]
[0.0, 0.547843064500455, 0.452156935499545]
[0.0, 0.7356065503763323, 0.26439344962366773]
[0.0, 0.547843064500455, 0.452156935499545]
[0.0, 0.6361623482189639, 0.36383765178103616]
[0.0, 0.7783611196778114, 0.22163888032218856]
[0.0, 0.6585183548616027, 0.34148164513839724]
[0.0, 0.5927801227667664, 0.4072198772332336]
[0.0, 0.7417428760010225, 0.25825712399897754]
[0.0, 0.7605119373951595, 0.23948806260484043]
[0.0, 0.7681196916048816, 0.23188030839511833]
[0.0, 0.7681196916048816, 0.23188030839511833]
[0.0, 0.547843064500455, 0.452156935499545]
[1.0, 0.5370719006609252, 0.4629280993390747]
[0.0, 1.0, 0.0]
[0.0, 0.547843064500455, 0.452156935499545]
[0.0, 0.8047673139425299, 0.19523268605747007]
[0.0, 1.0, 0.0]
[0.0, 1.0, 0.0]
[0.0, 1.0, 0.0]
[0.0, 1.0, 0.0]
[0.0, 1.0, 0.0]
[0.0, 0.7417428760010225, 0.25825712399897754]
[0.0, 0.5730241039375463, 0.4269758960624537]
[0.0, 0.7681196916048816, 0.23188030839511833]
[0.0, 0.6232536912297901, 0.37674630877020987]
[1.0, 0.5300610392485531, 0.469938960751447]
[0.0, 0.547843064500455, 0.452156935499545]
[0.0, 0.7356065503763323, 0.26439344962366773]
[0.0, 0.7356065503763323, 0.26439344962366773]
[0.0, 0.7783611196778114, 0.22163888032218856]
[0.0, 0.7605119373951595, 0.23948806260484043]
[0.0, 0.7670275774483518, 0.2329724225516481]
[0.0, 0.7877993338547921, 0.21220066614520788]
[0.0, 0.5666570278265899, 0.4333429721734101]
[0.0, 0.7681196916048816, 0.23188030839511833]
[0.0, 0.5990349675344016, 0.4009650324655984]
[0.0, 0.547843064500455, 0.452156935499545]
[1.0, 0.5370719006609252, 0.4629280993390747]
[0.0, 1.0, 0.0]
[0.0, 0.547843064500455, 0.452156935499545]
[0.0, 1.0, 0.0]
[0.0, 0.7783611196778114, 0.22163888032218856]
[0.0, 1.0, 0.0]
[0.0, 0.7670275774483518, 0.2329724225516481]
[0.0, 1.0, 0.0]
[0.0, 0.7417428760010225, 0.25825712399897754]
[0.0, 0.7417428760010225, 0.25825712399897754]
[0.0, 1.0, 0.0]
[0.0, 0.7681196916048816, 0.23188030839511833]
[1.0, 0.5114481228037729, 0.48855187719622717]
[1.0, 0.5370719006609252, 0.4629280993390747]
[0.0, 0.547843064500455, 0.452156935499545]
[0.0, 0.547843064500455, 0.452156935499545]
[0.0, 0.5920219996386169, 0.4079780003613832]
[0.0, 0.5860261185017173, 0.41397388149828274]
[0.0, 0.564304629132504, 0.435695370867496]
[0.0, 0.581786113013538, 0.418213886986462]
[0.0, 0.7417428760010225, 0.25825712399897754]
[0.0, 0.7681196916048816, 0.23188030839511833]
[0.0, 0.7681196916048816, 0.23188030839511833]
[0.0, 0.547843064500455, 0.452156935499545]
[1.0, 0.5370719006609252, 0.4629280993390747]
[0.0, 0.547843064500455, 0.452156935499545]
[0.0, 0.547843064500455, 0.452156935499545]
[0.0, 1.0, 0.0]
[0.0, 0.7783611196778114, 0.22163888032218856]
[0.0, 0.7783611196778114, 0.22163888032218856]
[0.0, 1.0, 0.0]
[0.0, 1.0, 0.0]
[0.0, 0.7417428760010225, 0.25825712399897754]
[0.0, 0.7417428760010225, 0.25825712399897754]
[0.0, 0.7681196916048816, 0.23188030839511833]
[0.0, 0.7681196916048816, 0.23188030839511833]
[0.0, 0.6232536912297901, 0.37674630877020987]
[0.0, 0.547843064500455, 0.452156935499545]
[0.0, 0.547843064500455, 0.452156935499545]
[0.0, 0.7537635831680618, 0.24623641683193825]
[0.0, 0.683058764218437, 0.31694123578156286]
[0.0, 0.6350689948642327, 0.3649310051357673]
[0.0, 0.5794242876378325, 0.4205757123621675]
[0.0, 0.7728356221947038, 0.22716437780529616]
[0.0, 0.5773149807521331, 0.4226850192478669]
[0.0, 0.7681196916048816, 0.23188030839511833]
[0.0, 0.7681196916048816, 0.23188030839511833]
[1.0, 0.5114481228037729, 0.48855187719622717]
[1.0, 0.5370719006609252, 0.4629280993390747]
[0.0, 0.547843064500455, 0.452156935499545]
[0.0, 1.0, 0.0]
[0.0, 0.8047673139425299, 0.19523268605747007]
[0.0, 0.7783611196778114, 0.22163888032218856]
[0.0, 1.0, 0.0]
[0.0, 0.7670275774483518, 0.2329724225516481]
[0.0, 1.0, 0.0]
[0.0, 1.0, 0.0]
[0.0, 0.7417428760010225, 0.25825712399897754]
[0.0, 0.7681196916048816, 0.23188030839511833]
[0.0, 0.7681196916048816, 0.23188030839511833]
[0.0, 1.0, 0.0]
[1.0, 0.5114481228037729, 0.48855187719622717]
[0.0, 0.7302434507924405, 0.2697565492075595]
[0.0, 0.547843064500455, 0.452156935499545]
[0.0, 0.6518743516872701, 0.34812564831272996]
[0.0, 0.68746912671636, 0.31253087328364004]
[0.0, 0.5708498032572356, 0.42915019674276444]
[0.0, 0.5863270409924028, 0.4136729590075972]
[0.0, 0.581786113013538, 0.418213886986462]
[0.0, 0.560097185153071, 0.43990281484692884]
[0.0, 0.7681196916048816, 0.23188030839511833]
[0.0, 0.5772012398117323, 0.4227987601882677]
[0.0, 1.0, 0.0]
[0.0, 1.0, 0.0]
[0.0, 0.547843064500455, 0.452156935499545]
[0.0, 0.547843064500455, 0.452156935499545]
[0.0, 0.8209333813820537, 0.1790666186179462]
[0.0, 1.0, 0.0]
[0.0, 0.7783611196778114, 0.22163888032218856]
[0.0, 1.0, 0.0]
[0.0, 1.0, 0.0]
[0.0, 1.0, 0.0]
[0.0, 1.0, 0.0]
[0.0, 0.7681196916048816, 0.23188030839511833]
[0.0, 0.7681196916048816, 0.23188030839511833]
[0.0, 1.0, 0.0]
[1.0, 0.5037571385632702, 0.4962428614367298]
[0.0, 0.547843064500455, 0.452156935499545]
[0.0, 0.547843064500455, 0.452156935499545]
[0.0, 0.547843064500455, 0.452156935499545]
[0.0, 0.5817581281948183, 0.4182418718051817]
[0.0, 0.7783611196778114, 0.22163888032218856]
[0.0, 0.6140096746437085, 0.3859903253562915]
[0.0, 0.6189355121635969, 0.3810644878364031]
[0.0, 0.5886241910949851, 0.4113758089050149]
[0.0, 0.7417428760010225, 0.25825712399897754]
[0.0, 0.5730241039375463, 0.4269758960624537]
[0.0, 0.5559520180739094, 0.4440479819260907]
[0.0, 0.547843064500455, 0.452156935499545]
[0.0, 0.547843064500455, 0.452156935499545]
[0.0, 0.547843064500455, 0.452156935499545]
[0.0, 0.547843064500455, 0.452156935499545]
[0.0, 1.0, 0.0]
[0.0, 0.7783611196778114, 0.22163888032218856]
[0.0, 0.7652108828262415, 0.2347891171737585]
[0.0, 0.7670275774483518, 0.2329724225516481]
[0.0, 0.7877993338547921, 0.21220066614520788]
[0.0, 0.7417428760010225, 0.25825712399897754]
[0.0, 0.993611032213054, 0.0063889677869459465]
[0.0, 0.7681196916048816, 0.23188030839511833]
[0.0, 0.7681196916048816, 0.23188030839511833]
[0.0, 0.7681196916048816, 0.23188030839511833]
[1.0, 0.5114481228037729, 0.48855187719622717]
[1.0, 0.5193775882955047, 0.4806224117044953]
[0.0, 0.547843064500455, 0.452156935499545]
[0.0, 0.547843064500455, 0.452156935499545]
[0.0, 0.7856741046315395, 0.21432589536846053]
[0.0, 0.7856741046315395, 0.21432589536846053]
[0.0, 0.7783611196778114, 0.22163888032218856]
[0.0, 0.7670275774483518, 0.2329724225516481]
[0.0, 0.5661949626515521, 0.43380503734844783]
[0.0, 0.7417428760010225, 0.25825712399897754]
[0.0, 0.7681196916048816, 0.23188030839511833]
[0.0, 0.5772012398117323, 0.4227987601882677]
[0.0, 1.0, 0.0]
[0.0, 0.547843064500455, 0.452156935499545]
[0.0, 0.547843064500455, 0.452156935499545]
[0.0, 0.547843064500455, 0.452156935499545]
[0.0, 0.8047673139425299, 0.19523268605747007]
[0.0, 0.7783611196778114, 0.22163888032218856]
[0.0, 0.7783611196778114, 0.22163888032218856]
[0.0, 0.7670275774483518, 0.2329724225516481]
[0.0, 0.7877993338547921, 0.21220066614520788]
[0.0, 0.7417428760010225, 0.25825712399897754]
[0.0, 1.0, 0.0]
[0.0, 0.7681196916048816, 0.23188030839511833]
[0.0, 0.7681196916048816, 0.23188030839511833]
[0.0, 0.7681196916048816, 0.23188030839511833]
[1.0, 0.5037571385632702, 0.4962428614367298]
[1.0, 0.5340446645605922, 0.46595533543940787]
[0.0, 0.547843064500455, 0.452156935499545]
[0.0, 0.547843064500455, 0.452156935499545]
[0.0, 0.574397670679451, 0.4256023293205489]
[0.0, 0.6197641792002617, 0.38023582079973833]
[0.0, 0.6673636549478075, 0.3326363450521925]
[0.0, 0.5890088005740142, 0.41099119942598583]
[0.0, 0.5559520180739094, 0.4440479819260907]
[0.0, 0.5666570278265899, 0.4333429721734101]
[0.0, 0.5990349675344016, 0.4009650324655984]
[0.0, 0.7681196916048816, 0.23188030839511833]
[0.0, 0.547843064500455, 0.452156935499545]
[0.0, 0.547843064500455, 0.452156935499545]
[0.0, 0.547843064500455, 0.452156935499545]
[0.0, 0.547843064500455, 0.452156935499545]
[0.0, 0.7783611196778114, 0.22163888032218856]
[0.0, 1.0, 0.0]
[0.0, 1.0, 0.0]
[0.0, 0.7728356221947038, 0.22716437780529616]
[0.0, 0.7652108828262415, 0.2347891171737585]
[0.0, 0.7417428760010225, 0.25825712399897754]
[0.0, 0.7681196916048816, 0.23188030839511833]
[0.0, 1.0, 0.0]
[0.0, 0.7681196916048816, 0.23188030839511833]
[1.0, 0.5037571385632702, 0.4962428614367298]
[0.0, 0.547843064500455, 0.452156935499545]
[0.0, 0.547843064500455, 0.452156935499545]
[0.0, 0.6646483600452668, 0.3353516399547332]
[0.0, 0.7783611196778114, 0.22163888032218856]
[0.0, 0.7783611196778114, 0.22163888032218856]
[0.0, 0.7670275774483518, 0.2329724225516481]
[0.0, 0.777609818154606, 0.22239018184539402]
[0.0, 0.5795419233797579, 0.4204580766202422]
[0.0, 0.5730241039375463, 0.4269758960624537]
[0.0, 0.7681196916048816, 0.23188030839511833]
[1.0, 0.5075734980337814, 0.4924265019662187]
[0.0, 0.547843064500455, 0.452156935499545]
[0.0, 0.547843064500455, 0.452156935499545]
[0.0, 0.547843064500455, 0.452156935499545]
[0.0, 0.7808087902724283, 0.2191912097275717]
[0.0, 0.7783611196778114, 0.22163888032218856]
[0.0, 0.7670275774483518, 0.2329724225516481]
[0.0, 0.7728356221947038, 0.22716437780529616]
[0.0, 0.7417428760010225, 0.25825712399897754]
[0.0, 0.7417428760010225, 0.25825712399897754]
[0.0, 1.0, 0.0]
[0.0, 0.7681196916048816, 0.23188030839511833]
[0.0, 1.0, 0.0]
[1.0, 0.5075734980337814, 0.4924265019662187]
[0.0, 0.547843064500455, 0.452156935499545]
[0.0, 0.547843064500455, 0.452156935499545]
[0.0, 0.7799184190908446, 0.22008158090915544]
[0.0, 0.7783611196778114, 0.22163888032218856]
[0.0, 0.5863270409924028, 0.4136729590075972]
[0.0, 0.7728356221947038, 0.22716437780529616]
[0.0, 0.7417428760010225, 0.25825712399897754]
[0.0, 0.7681196916048816, 0.23188030839511833]
[0.0, 0.5730241039375463, 0.4269758960624537]
[0.0, 0.7681196916048816, 0.23188030839511833]
[1.0, 0.5370719006609252, 0.4629280993390747]
[0.0, 0.547843064500455, 0.452156935499545]
[0.0, 0.547843064500455, 0.452156935499545]
[0.0, 0.8188084356159437, 0.18119156438405631]
[0.0, 1.0, 0.0]
[0.0, 0.7605119373951595, 0.23948806260484043]
[0.0, 0.777609818154606, 0.22239018184539402]
[0.0, 0.777609818154606, 0.22239018184539402]
[0.0, 0.7417428760010225, 0.25825712399897754]
[0.0, 1.0, 0.0]
[0.0, 0.7681196916048816, 0.23188030839511833]
[0.0, 0.7681196916048816, 0.23188030839511833]
[0.0, 0.7681196916048816, 0.23188030839511833]
[1.0, 0.5153823574633437, 0.4846176425366563]
[0.0, 0.547843064500455, 0.452156935499545]
[0.0, 0.547843064500455, 0.452156935499545]
[0.0, 0.68746912671636, 0.31253087328364004]
[0.0, 0.5901062144240361, 0.40989378557596384]
[0.0, 0.8489608850575237, 0.15103911494247627]
[0.0, 0.7877993338547921, 0.21220066614520788]
[0.0, 0.7417428760010225, 0.25825712399897754]
[0.0, 0.5945370698829372, 0.4054629301170628]
[0.0, 0.7681196916048816, 0.23188030839511833]
[1.0, 0.5075734980337814, 0.4924265019662187]
[0.0, 0.547843064500455, 0.452156935499545]
[0.0, 0.547843064500455, 0.452156935499545]
[0.0, 0.547843064500455, 0.452156935499545]
[0.0, 0.7783611196778114, 0.22163888032218856]
[0.0, 1.0, 0.0]
[0.0, 0.7670275774483518, 0.2329724225516481]
[0.0, 0.7803645071172011, 0.219635492882799]
[0.0, 0.7417428760010225, 0.25825712399897754]
[0.0, 0.7681196916048816, 0.23188030839511833]
[0.0, 0.7681196916048816, 0.23188030839511833]
[0.0, 0.7681196916048816, 0.23188030839511833]
[0.0, 0.7681196916048816, 0.23188030839511833]
[1.0, 0.5300610392485531, 0.469938960751447]
[0.0, 0.547843064500455, 0.452156935499545]
[0.0, 0.547843064500455, 0.452156935499545]
[0.0, 0.7783611196778114, 0.22163888032218856]
[0.0, 0.7783611196778114, 0.22163888032218856]
[0.0, 0.8244437925557491, 0.17555620744425088]
[0.0, 0.5685757641050562, 0.4314242358949439]
[0.0, 0.5795419233797579, 0.4204580766202422]
[0.0, 0.7681196916048816, 0.23188030839511833]
[0.0, 0.7681196916048816, 0.23188030839511833]
[1.0, 0.5114481228037729, 0.48855187719622717]
[0.0, 0.547843064500455, 0.452156935499545]
[0.0, 0.547843064500455, 0.452156935499545]
[0.0, 0.547843064500455, 0.452156935499545]
[0.0, 0.7783611196778114, 0.22163888032218856]
[0.0, 0.7591686947709457, 0.24083130522905422]
[0.0, 1.0, 0.0]
[0.0, 0.7803645071172011, 0.219635492882799]
[0.0, 0.7417428760010225, 0.25825712399897754]
[0.0, 0.7681196916048816, 0.23188030839511833]
[0.0, 0.7681196916048816, 0.23188030839511833]
[0.0, 0.7681196916048816, 0.23188030839511833]
[1.0, 0.5228345589753235, 0.4771654410246765]
[1.0, 0.5370719006609252, 0.4629280993390747]
[0.0, 0.547843064500455, 0.452156935499545]
[0.0, 0.8070845091867048, 0.19291549081329515]
[0.0, 0.68746912671636, 0.31253087328364004]
[0.0, 0.6644896978935555, 0.3355103021064444]
[0.0, 0.7670275774483518, 0.2329724225516481]
[0.0, 0.7652108828262415, 0.2347891171737585]
[0.0, 0.5795419233797579, 0.4204580766202422]
[0.0, 0.7681196916048816, 0.23188030839511833]
[0.0, 0.7681196916048816, 0.23188030839511833]
[0.0, 0.547843064500455, 0.452156935499545]
[0.0, 1.0, 0.0]
[0.0, 0.547843064500455, 0.452156935499545]
[0.0, 0.7953564307696666, 0.20464356923033336]
[0.0, 0.7783611196778114, 0.22163888032218856]
[0.0, 0.7591686947709457, 0.24083130522905422]
[0.0, 0.7670275774483518, 0.2329724225516481]
[0.0, 0.7728356221947038, 0.22716437780529616]
[0.0, 0.7417428760010225, 0.25825712399897754]
[0.0, 0.7681196916048816, 0.23188030839511833]
[0.0, 0.7681196916048816, 0.23188030839511833]
[0.0, 0.7681196916048816, 0.23188030839511833]
[1.0, 0.5114481228037729, 0.48855187719622717]
[0.0, 0.7302434507924405, 0.2697565492075595]
[0.0, 0.547843064500455, 0.452156935499545]
[0.0, 0.8070845091867048, 0.19291549081329515]
[0.0, 0.5708498032572356, 0.42915019674276444]
[0.0, 0.7591686947709457, 0.24083130522905422]
[0.0, 0.7670275774483518, 0.2329724225516481]
[0.0, 0.5685757641050562, 0.4314242358949439]
[0.0, 0.7417428760010225, 0.25825712399897754]
[0.0, 0.5730241039375463, 0.4269758960624537]
[0.0, 0.7681196916048816, 0.23188030839511833]
[1.0, 0.5075734980337814, 0.4924265019662187]
[0.0, 0.547843064500455, 0.452156935499545]
[0.0, 0.547843064500455, 0.452156935499545]
[0.0, 0.8188084356159437, 0.18119156438405631]
[0.0, 0.7783611196778114, 0.22163888032218856]
[0.0, 0.7783611196778114, 0.22163888032218856]
[0.0, 0.7670275774483518, 0.2329724225516481]
[0.0, 0.7574884467193203, 0.24251155328067975]
[0.0, 0.7417428760010225, 0.25825712399897754]
[0.0, 0.7681196916048816, 0.23188030839511833]
[0.0, 0.7681196916048816, 0.23188030839511833]
[0.0, 1.0, 0.0]
[0.0, 0.5461006628720382, 0.4538993371279618]
[0.0, 0.547843064500455, 0.452156935499545]
[0.0, 0.7399744013682773, 0.26002559863172275]
[0.0, 0.547843064500455, 0.452156935499545]
[0.0, 0.5810868113457179, 0.4189131886542821]
[0.0, 0.7591686947709457, 0.24083130522905422]
[0.0, 0.777609818154606, 0.22239018184539402]
[0.0, 0.564304629132504, 0.435695370867496]
[0.0, 0.5795419233797579, 0.4204580766202422]
[0.0, 0.7681196916048816, 0.23188030839511833]
[0.0, 0.7681196916048816, 0.23188030839511833]
[1.0, 0.5075734980337814, 0.4924265019662187]
[0.0, 0.547843064500455, 0.452156935499545]
[0.0, 0.547843064500455, 0.452156935499545]
[0.0, 0.547843064500455, 0.452156935499545]
[0.0, 0.7783611196778114, 0.22163888032218856]
[0.0, 1.0, 0.0]
[0.0, 0.7670275774483518, 0.2329724225516481]
[0.0, 0.7574884467193203, 0.24251155328067975]
[0.0, 0.7417428760010225, 0.25825712399897754]
[0.0, 0.7605119373951595, 0.23948806260484043]
[0.0, 0.7681196916048816, 0.23188030839511833]
[0.0, 1.0, 0.0]
[0.0, 0.7681196916048816, 0.23188030839511833]
[1.0, 0.5300610392485531, 0.469938960751447]
[0.0, 0.547843064500455, 0.452156935499545]
[0.0, 0.7356065503763323, 0.26439344962366773]
[0.0, 0.6728446689639022, 0.3271553310360979]
[0.0, 0.7783611196778114, 0.22163888032218856]
[0.0, 0.7670275774483518, 0.2329724225516481]
[0.0, 0.6091616232385861, 0.3908383767614138]
[0.0, 0.7417428760010225, 0.25825712399897754]
[0.0, 0.7620718270922345, 0.23792817290776538]
[0.0, 0.5945370698829372, 0.4054629301170628]
[0.0, 0.6275195007800312, 0.37248049921996884]
[1.0, 0.5300610392485531, 0.469938960751447]
[0.0, 0.547843064500455, 0.452156935499545]
[0.0, 1.0, 0.0]
[0.0, 1.0, 0.0]
[0.0, 0.7783611196778114, 0.22163888032218856]
[0.0, 0.7783611196778114, 0.22163888032218856]
[0.0, 0.7670275774483518, 0.2329724225516481]
[0.0, 0.7803645071172011, 0.219635492882799]
[0.0, 0.7496664240659874, 0.2503335759340126]
[0.0, 0.7605119373951595, 0.23948806260484043]
[0.0, 1.0, 0.0]
[0.0, 0.7681196916048816, 0.23188030839511833]
[0.0, 1.0, 0.0]
[0.0, 0.7127641066285206, 0.2872358933714794]
[0.0, 0.547843064500455, 0.452156935499545]
[0.0, 0.547843064500455, 0.452156935499545]
[0.0, 0.7976175883129151, 0.20238241168708496]
[0.0, 0.6754319601960868, 0.32456803980391336]
[0.0, 0.7783611196778114, 0.22163888032218856]
[0.0, 0.7670275774483518, 0.2329724225516481]
[0.0, 0.5685757641050562, 0.4314242358949439]
[0.0, 0.7417428760010225, 0.25825712399897754]
[0.0, 0.7681196916048816, 0.23188030839511833]
[0.0, 0.7681196916048816, 0.23188030839511833]
[0.0, 0.7681196916048816, 0.23188030839511833]
[0.0, 0.547843064500455, 0.452156935499545]
[0.0, 0.547843064500455, 0.452156935499545]
[0.0, 0.547843064500455, 0.452156935499545]
[0.0, 0.8059328282450497, 0.19406717175495028]
[0.0, 0.7783611196778114, 0.22163888032218856]
[0.0, 0.7605119373951595, 0.23948806260484043]
[0.0, 0.777609818154606, 0.22239018184539402]
[0.0, 0.7851547250344845, 0.21484527496551545]
[0.0, 0.7417428760010225, 0.25825712399897754]
[0.0, 0.7620718270922345, 0.23792817290776538]
[0.0, 0.7681196916048816, 0.23188030839511833]
[0.0, 1.0, 0.0]
[0.0, 0.7127641066285206, 0.2872358933714794]
[0.0, 0.547843064500455, 0.452156935499545]
[0.0, 0.547843064500455, 0.452156935499545]
[0.0, 0.7143528621255802, 0.28564713787441987]
[0.0, 0.7783611196778114, 0.22163888032218856]
[0.0, 0.7783611196778114, 0.22163888032218856]
[0.0, 0.7622281681813703, 0.23777183181862974]
[0.0, 0.7803645071172011, 0.219635492882799]
[0.0, 0.560097185153071, 0.43990281484692884]
[0.0, 0.7681196916048816, 0.23188030839511833]
[0.0, 0.5730241039375463, 0.4269758960624537]
[0.0, 0.6101381400291236, 0.38986185997087647]
[0.0, 0.547843064500455, 0.452156935499545]
[0.0, 1.0, 0.0]
[0.0, 1.0, 0.0]
[0.0, 0.8140504012389131, 0.18594959876108685]
[0.0, 0.7783611196778114, 0.22163888032218856]
[0.0, 0.7605119373951595, 0.23948806260484043]
[0.0, 0.7670275774483518, 0.2329724225516481]
[0.0, 0.7652108828262415, 0.2347891171737585]
[0.0, 0.7417428760010225, 0.25825712399897754]
[0.0, 0.7417428760010225, 0.25825712399897754]
[0.0, 0.7681196916048816, 0.23188030839511833]
[0.0, 0.7681196916048816, 0.23188030839511833]
[1.0, 0.5037571385632702, 0.4962428614367298]
[1.0, 0.5300610392485531, 0.469938960751447]
[0.0, 0.547843064500455, 0.452156935499545]
[0.0, 0.547843064500455, 0.452156935499545]
[0.0, 0.7808087902724283, 0.2191912097275717]
[0.0, 0.5794242876378325, 0.4205757123621675]
[0.0, 0.7670275774483518, 0.2329724225516481]
[0.0, 0.8351963774703999, 0.1648036225296001]
[0.0, 0.7496664240659874, 0.2503335759340126]
[0.0, 0.7681196916048816, 0.23188030839511833]
[0.0, 0.7681196916048816, 0.23188030839511833]
[0.0, 0.7681196916048816, 0.23188030839511833]
[1.0, 0.5300610392485531, 0.469938960751447]
[0.0, 1.0, 0.0]
[0.0, 0.547843064500455, 0.452156935499545]
[0.0, 0.8047673139425299, 0.19523268605747007]
[0.0, 1.0, 0.0]
[0.0, 0.7591686947709457, 0.24083130522905422]
[0.0, 0.7670275774483518, 0.2329724225516481]
[0.0, 0.7728356221947038, 0.22716437780529616]
[0.0, 0.7417428760010225, 0.25825712399897754]
[0.0, 0.7681196916048816, 0.23188030839511833]
[0.0, 0.7681196916048816, 0.23188030839511833]
[0.0, 0.7681196916048816, 0.23188030839511833]
[1.0, 0.5114481228037729, 0.48855187719622717]
[1.0, 0.5370719006609252, 0.4629280993390747]
[0.0, 0.547843064500455, 0.452156935499545]
[0.0, 0.8140504012389131, 0.18594959876108685]
[0.0, 0.7783611196778114, 0.22163888032218856]
[0.0, 0.7591686947709457, 0.24083130522905422]
[0.0, 0.7728356221947038, 0.22716437780529616]
[0.0, 0.777609818154606, 0.22239018184539402]
[0.0, 0.7417428760010225, 0.25825712399897754]
[0.0, 0.7681196916048816, 0.23188030839511833]
[0.0, 0.7681196916048816, 0.23188030839511833]
[1.0, 0.5075734980337814, 0.4924265019662187]
[0.0, 0.547843064500455, 0.452156935499545]
[0.0, 0.547843064500455, 0.452156935499545]
[0.0, 1.0, 0.0]
[0.0, 0.7783611196778114, 0.22163888032218856]
[0.0, 0.7605119373951595, 0.23948806260484043]
[0.0, 0.7670275774483518, 0.2329724225516481]
[0.0, 0.7728356221947038, 0.22716437780529616]
[0.0, 0.7417428760010225, 0.25825712399897754]
[0.0, 0.7417428760010225, 0.25825712399897754]
[0.0, 0.7681196916048816, 0.23188030839511833]
[0.0, 0.7681196916048816, 0.23188030839511833]
[0.0, 0.7681196916048816, 0.23188030839511833]
[0.0, 0.7127641066285206, 0.2872358933714794]
[0.0, 0.547843064500455, 0.452156935499545]
[0.0, 0.7356065503763323, 0.26439344962366773]
[0.0, 0.7783611196778114, 0.22163888032218856]
[0.0, 0.7783611196778114, 0.22163888032218856]
[0.0, 0.7670275774483518, 0.2329724225516481]
[0.0, 0.7728356221947038, 0.22716437780529616]
[0.0, 0.7652108828262415, 0.2347891171737585]
[0.0, 0.7496664240659874, 0.2503335759340126]
[0.0, 0.7681196916048816, 0.23188030839511833]
[0.0, 0.5666570278265899, 0.4333429721734101]
[0.0, 0.547843064500455, 0.452156935499545]
[0.0, 0.547843064500455, 0.452156935499545]
[0.0, 0.547843064500455, 0.452156935499545]
[0.0, 0.7783611196778114, 0.22163888032218856]
[0.0, 1.0, 0.0]
[0.0, 0.7591686947709457, 0.24083130522905422]
[0.0, 1.0, 0.0]
[0.0, 0.7877993338547921, 0.21220066614520788]
[0.0, 0.7417428760010225, 0.25825712399897754]
[0.0, 0.7681196916048816, 0.23188030839511833]
[0.0, 1.0, 0.0]
[0.0, 0.7681196916048816, 0.23188030839511833]
[1.0, 0.5037571385632702, 0.4962428614367298]
[1.0, 0.5300610392485531, 0.469938960751447]
[0.0, 0.547843064500455, 0.452156935499545]
[0.0, 0.547843064500455, 0.452156935499545]
[0.0, 0.7856741046315395, 0.21432589536846053]
[0.0, 0.7783611196778114, 0.22163888032218856]
[0.0, 0.7670275774483518, 0.2329724225516481]
[0.0, 0.6189355121635969, 0.3810644878364031]
[0.0, 0.6027941880499736, 0.3972058119500264]
[0.0, 0.7496664240659874, 0.2503335759340126]
[0.0, 0.7681196916048816, 0.23188030839511833]
[0.0, 0.7681196916048816, 0.23188030839511833]
[1.0, 0.5300610392485531, 0.469938960751447]
[0.0, 0.547843064500455, 0.452156935499545]
[0.0, 0.547843064500455, 0.452156935499545]
[0.0, 0.7856741046315395, 0.21432589536846053]
[0.0, 0.7783611196778114, 0.22163888032218856]
[0.0, 0.7591686947709457, 0.24083130522905422]
[0.0, 0.7670275774483518, 0.2329724225516481]
[0.0, 0.7877993338547921, 0.21220066614520788]
[0.0, 0.7417428760010225, 0.25825712399897754]
[0.0, 0.7681196916048816, 0.23188030839511833]
[0.0, 0.7681196916048816, 0.23188030839511833]
[0.0, 0.7681196916048816, 0.23188030839511833]
[0.0, 0.7681196916048816, 0.23188030839511833]
[1.0, 0.5114481228037729, 0.48855187719622717]
[0.0, 0.7302434507924405, 0.2697565492075595]
[0.0, 0.547843064500455, 0.452156935499545]
[0.0, 0.8188084356159437, 0.18119156438405631]
[0.0, 0.68746912671636, 0.31253087328364004]
[0.0, 0.5838088559498764, 0.41619114405012353]
[0.0, 0.7728356221947038, 0.22716437780529616]
[0.0, 0.6027941880499736, 0.3972058119500264]
[0.0, 0.5559520180739094, 0.4440479819260907]
[0.0, 0.7681196916048816, 0.23188030839511833]
[0.0, 0.7681196916048816, 0.23188030839511833]
[1.0, 0.5037571385632702, 0.4962428614367298]
[0.0, 1.0, 0.0]
[0.0, 0.547843064500455, 0.452156935499545]
[0.0, 0.547843064500455, 0.452156935499545]
[0.0, 0.7783611196778114, 0.22163888032218856]
[0.0, 0.7783611196778114, 0.22163888032218856]
[0.0, 0.7670275774483518, 0.2329724225516481]
[0.0, 0.7728356221947038, 0.22716437780529616]
[0.0, 0.7652108828262415, 0.2347891171737585]
[0.0, 1.0, 0.0]
[0.0, 0.7681196916048816, 0.23188030839511833]
[0.0, 0.7681196916048816, 0.23188030839511833]
[0.0, 1.0, 0.0]
[1.0, 0.5114481228037729, 0.48855187719622717]
[0.0, 0.547843064500455, 0.452156935499545]
[0.0, 0.547843064500455, 0.452156935499545]
[0.0, 0.547843064500455, 0.452156935499545]
[0.0, 0.7783611196778114, 0.22163888032218856]
[0.0, 0.7783611196778114, 0.22163888032218856]
[0.0, 0.7670275774483518, 0.2329724225516481]
[0.0, 0.7877993338547921, 0.21220066614520788]
[0.0, 0.5729120473022912, 0.4270879526977088]
[0.0, 0.7496664240659874, 0.2503335759340126]
[0.0, 0.7681196916048816, 0.23188030839511833]
[0.0, 0.7681196916048816, 0.23188030839511833]
[1.0, 0.5300610392485531, 0.469938960751447]
[0.0, 1.0, 0.0]
[0.0, 1.0, 0.0]
[0.0, 0.8093473445521064, 0.19065265544789362]
[0.0, 0.6754319601960868, 0.32456803980391336]
[0.0, 0.7591686947709457, 0.24083130522905422]
[0.0, 0.7670275774483518, 0.2329724225516481]
[0.0, 0.7877993338547921, 0.21220066614520788]
[0.0, 0.7417428760010225, 0.25825712399897754]
[0.0, 0.7605119373951595, 0.23948806260484043]
[0.0, 0.7681196916048816, 0.23188030839511833]
[0.0, 0.7681196916048816, 0.23188030839511833]
[0.0, 0.7681196916048816, 0.23188030839511833]
[1.0, 0.5075734980337814, 0.4924265019662187]
[1.0, 0.5370719006609252, 0.4629280993390747]
[0.0, 0.547843064500455, 0.452156935499545]
[0.0, 0.8070845091867048, 0.19291549081329515]
[0.0, 0.6189355121635969, 0.3810644878364031]
[0.0, 0.7783611196778114, 0.22163888032218856]
[0.0, 0.6441449980653421, 0.3558550019346579]
[0.0, 0.7728356221947038, 0.22716437780529616]
[0.0, 0.7417428760010225, 0.25825712399897754]
[0.0, 0.7681196916048816, 0.23188030839511833]
[0.0, 0.5945370698829372, 0.4054629301170628]
[0.0, 0.560097185153071, 0.43990281484692884]
[0.0, 0.547843064500455, 0.452156935499545]
[0.0, 0.547843064500455, 0.452156935499545]
[0.0, 0.547843064500455, 0.452156935499545]
[0.0, 0.8059328282450497, 0.19406717175495028]
[0.0, 0.7783611196778114, 0.22163888032218856]
[0.0, 0.7591686947709457, 0.24083130522905422]
[0.0, 0.7670275774483518, 0.2329724225516481]
[0.0, 0.7877993338547921, 0.21220066614520788]
[0.0, 1.0, 0.0]
[0.0, 0.7681196916048816, 0.23188030839511833]
[0.0, 1.0, 0.0]
[0.0, 0.7681196916048816, 0.23188030839511833]
[0.0, 0.7681196916048816, 0.23188030839511833]
[1.0, 0.5114481228037729, 0.48855187719622717]
[0.0, 0.724658270381786, 0.27534172961821407]
[0.0, 0.547843064500455, 0.452156935499545]
[0.0, 0.547843064500455, 0.452156935499545]
[0.0, 0.683058764218437, 0.31694123578156286]
[0.0, 0.7783611196778114, 0.22163888032218856]
[0.0, 0.6527958442748707, 0.3472041557251293]
[0.0, 0.7728356221947038, 0.22716437780529616]
[0.0, 0.7728356221947038, 0.22716437780529616]
[0.0, 0.7417428760010225, 0.25825712399897754]
[0.0, 0.7681196916048816, 0.23188030839511833]
[0.0, 0.7681196916048816, 0.23188030839511833]
[0.0, 0.7681196916048816, 0.23188030839511833]
[0.0, 0.547843064500455, 0.452156935499545]
[0.0, 0.547843064500455, 0.452156935499545]
[0.0, 0.547843064500455, 0.452156935499545]
[0.0, 0.8093473445521064, 0.19065265544789362]
[0.0, 0.7808087902724283, 0.2191912097275717]
[0.0, 0.7783611196778114, 0.22163888032218856]
[0.0, 0.7670275774483518, 0.2329724225516481]
[0.0, 1.0, 0.0]
[0.0, 0.7417428760010225, 0.25825712399897754]
[0.0, 0.7417428760010225, 0.25825712399897754]
[0.0, 0.7681196916048816, 0.23188030839511833]
[0.0, 0.7681196916048816, 0.23188030839511833]
[0.0, 0.7681196916048816, 0.23188030839511833]
[1.0, 0.5037571385632702, 0.4962428614367298]
[1.0, 0.5075734980337814, 0.4924265019662187]
[1.0, 0.5370719006609252, 0.4629280993390747]
[0.0, 0.547843064500455, 0.452156935499545]
[0.0, 0.547843064500455, 0.452156935499545]
[0.0, 0.6812965905159247, 0.3187034094840753]
[0.0, 0.7783611196778114, 0.22163888032218856]
[0.0, 0.5773149807521331, 0.4226850192478669]
[0.0, 0.7728356221947038, 0.22716437780529616]
[0.0, 0.7652108828262415, 0.2347891171737585]
[0.0, 0.7417428760010225, 0.25825712399897754]
[0.0, 0.7681196916048816, 0.23188030839511833]
[0.0, 0.7681196916048816, 0.23188030839511833]
[0.0, 0.7681196916048816, 0.23188030839511833]
[0.0, 0.547843064500455, 0.452156935499545]
[0.0, 0.547843064500455, 0.452156935499545]
[0.0, 0.547843064500455, 0.452156935499545]
[0.0, 0.547843064500455, 0.452156935499545]
[0.0, 0.7799184190908446, 0.22008158090915544]
[0.0, 1.0, 0.0]
[0.0, 0.7670275774483518, 0.2329724225516481]
[0.0, 0.7728356221947038, 0.22716437780529616]
[0.0, 0.7652108828262415, 0.2347891171737585]
[0.0, 0.7417428760010225, 0.25825712399897754]
[0.0, 0.7681196916048816, 0.23188030839511833]
[0.0, 1.0, 0.0]
[0.0, 0.7681196916048816, 0.23188030839511833]
[0.0, 0.7681196916048816, 0.23188030839511833]
[1.0, 0.5317437807955775, 0.46825621920442256]
[1.0, 0.5370719006609252, 0.4629280993390747]
[0.0, 0.547843064500455, 0.452156935499545]
[0.0, 0.547843064500455, 0.452156935499545]
[0.0, 0.789782388974966, 0.21021761102503392]
[0.0, 0.7783611196778114, 0.22163888032218856]
[0.0, 0.7670275774483518, 0.2329724225516481]
[0.0, 0.7851547250344845, 0.21484527496551545]
[0.0, 0.777609818154606, 0.22239018184539402]
[0.0, 0.7417428760010225, 0.25825712399897754]
[0.0, 0.7417428760010225, 0.25825712399897754]
[0.0, 0.7681196916048816, 0.23188030839511833]
[0.0, 0.7681196916048816, 0.23188030839511833]
[1.0, 0.5075734980337814, 0.4924265019662187]
[0.0, 0.547843064500455, 0.452156935499545]
[0.0, 0.547843064500455, 0.452156935499545]
[0.0, 0.547843064500455, 0.452156935499545]
[0.0, 0.7856741046315395, 0.21432589536846053]
[0.0, 1.0, 0.0]
[0.0, 0.7783611196778114, 0.22163888032218856]
[0.0, 0.777609818154606, 0.22239018184539402]
[0.0, 0.7877993338547921, 0.21220066614520788]
[0.0, 0.7417428760010225, 0.25825712399897754]
[0.0, 0.7681196916048816, 0.23188030839511833]
[0.0, 0.7681196916048816, 0.23188030839511833]
[0.0, 1.0, 0.0]
[0.0, 0.7681196916048816, 0.23188030839511833]
[1.0, 0.5317437807955775, 0.46825621920442256]
[0.0, 0.547843064500455, 0.452156935499545]
[0.0, 0.7356065503763323, 0.26439344962366773]
[0.0, 0.547843064500455, 0.452156935499545]
[0.0, 0.8070845091867048, 0.19291549081329515]
[0.0, 0.5838088559498764, 0.41619114405012353]
[0.0, 0.6252670848915672, 0.3747329151084329]
[0.0, 0.7670275774483518, 0.2329724225516481]
[0.0, 0.6052224494078263, 0.3947775505921737]
[0.0, 0.7417428760010225, 0.25825712399897754]
[0.0, 0.7417428760010225, 0.25825712399897754]
[0.0, 0.7681196916048816, 0.23188030839511833]
[0.0, 0.7681196916048816, 0.23188030839511833]
[0.0, 0.7681196916048816, 0.23188030839511833]
[1.0, 0.5075734980337814, 0.4924265019662187]
[1.0, 0.5370719006609252, 0.4629280993390747]
[0.0, 0.547843064500455, 0.452156935499545]
[0.0, 0.547843064500455, 0.452156935499545]
[0.0, 0.8047673139425299, 0.19523268605747007]
[0.0, 0.7783611196778114, 0.22163888032218856]
[0.0, 0.7783611196778114, 0.22163888032218856]
[0.0, 0.7670275774483518, 0.2329724225516481]
[0.0, 1.0, 0.0]
[0.0, 0.7417428760010225, 0.25825712399897754]
[0.0, 1.0, 0.0]
[0.0, 0.7681196916048816, 0.23188030839511833]
[0.0, 0.7681196916048816, 0.23188030839511833]
[0.0, 1.0, 0.0]
[0.0, 0.7127641066285206, 0.2872358933714794]
[0.0, 0.547843064500455, 0.452156935499545]
[0.0, 0.547843064500455, 0.452156935499545]
[0.0, 0.547843064500455, 0.452156935499545]
[0.0, 0.547843064500455, 0.452156935499545]
[0.0, 0.7783611196778114, 0.22163888032218856]
[0.0, 0.7783611196778114, 0.22163888032218856]
[0.0, 0.7670275774483518, 0.2329724225516481]
[0.0, 0.7574884467193203, 0.24251155328067975]
[0.0, 0.7417428760010225, 0.25825712399897754]
[0.0, 0.7417428760010225, 0.25825712399897754]
[0.0, 0.7681196916048816, 0.23188030839511833]
[0.0, 0.7681196916048816, 0.23188030839511833]
[0.0, 0.7681196916048816, 0.23188030839511833]
[0.0, 1.0, 0.0]
[0.0, 0.547843064500455, 0.452156935499545]
[0.0, 0.547843064500455, 0.452156935499545]
[0.0, 0.547843064500455, 0.452156935499545]
[0.0, 0.8070845091867048, 0.19291549081329515]
[0.0, 0.7783611196778114, 0.22163888032218856]
[0.0, 0.7591686947709457, 0.24083130522905422]
[0.0, 0.7670275774483518, 0.2329724225516481]
[0.0, 0.7803645071172011, 0.219635492882799]
[0.0, 0.7417428760010225, 0.25825712399897754]
[0.0, 0.7605119373951595, 0.23948806260484043]
[0.0, 0.7681196916048816, 0.23188030839511833]
[0.0, 0.7681196916048816, 0.23188030839511833]
[0.0, 0.7681196916048816, 0.23188030839511833]
[0.0, 0.7127641066285206, 0.2872358933714794]
[0.0, 0.547843064500455, 0.452156935499545]
[0.0, 0.7356065503763323, 0.26439344962366773]
[0.0, 0.547843064500455, 0.452156935499545]
[0.0, 0.8093473445521064, 0.19065265544789362]
[0.0, 0.6324659149169428, 0.36753408508305724]
[0.0, 0.7783611196778114, 0.22163888032218856]
[0.0, 0.7670275774483518, 0.2329724225516481]
[0.0, 0.6250427323864872, 0.3749572676135128]
[0.0, 0.584047750791726, 0.415952249208274]
[0.0, 0.7681196916048816, 0.23188030839511833]
[0.0, 0.7681196916048816, 0.23188030839511833]
[0.0, 0.6350689949161641, 0.3649310050838359]
[0.0, 0.7681196916048816, 0.23188030839511833]
[1.0, 0.5370719006609252, 0.4629280993390747]
[0.0, 0.547843064500455, 0.452156935499545]
[0.0, 0.547843064500455, 0.452156935499545]
[0.0, 1.0, 0.0]
[0.0, 1.0, 0.0]
[0.0, 0.7783611196778114, 0.22163888032218856]
[0.0, 0.6443961607473676, 0.35560383925263245]
[0.0, 0.777609818154606, 0.22239018184539402]
[0.0, 0.7652108828262415, 0.2347891171737585]
[0.0, 0.7417428760010225, 0.25825712399897754]
[0.0, 1.0, 0.0]
[0.0, 1.0, 0.0]
[0.0, 0.7681196916048816, 0.23188030839511833]
[1.0, 0.5228345589753235, 0.4771654410246765]
[1.0, 0.5300610392485531, 0.469938960751447]
[0.0, 0.547843064500455, 0.452156935499545]
[0.0, 0.547843064500455, 0.452156935499545]
[0.0, 0.547843064500455, 0.452156935499545]
[0.0, 0.7783611196778114, 0.22163888032218856]
[0.0, 0.7783611196778114, 0.22163888032218856]
[0.0, 0.7591686947709457, 0.24083130522905422]
[0.0, 0.7851547250344845, 0.21484527496551545]
[0.0, 0.5886241910949851, 0.4113758089050149]
[0.0, 0.7417428760010225, 0.25825712399897754]
[0.0, 0.7681196916048816, 0.23188030839511833]
[0.0, 0.7681196916048816, 0.23188030839511833]
[0.0, 0.7681196916048816, 0.23188030839511833]
[1.0, 0.5075734980337814, 0.4924265019662187]
[0.0, 0.547843064500455, 0.452156935499545]
[0.0, 0.547843064500455, 0.452156935499545]
[0.0, 0.547843064500455, 0.452156935499545]
[0.0, 0.8047673139425299, 0.19523268605747007]
[0.0, 1.0, 0.0]
[0.0, 0.7591686947709457, 0.24083130522905422]
[0.0, 0.7670275774483518, 0.2329724225516481]
[0.0, 0.7728356221947038, 0.22716437780529616]
[0.0, 0.7417428760010225, 0.25825712399897754]
[0.0, 0.7417428760010225, 0.25825712399897754]
[0.0, 0.7681196916048816, 0.23188030839511833]
[0.0, 1.0, 0.0]
[0.0, 0.7681196916048816, 0.23188030839511833]
[0.0, 0.7681196916048816, 0.23188030839511833]
[1.0, 0.5075734980337814, 0.4924265019662187]
[0.0, 0.547843064500455, 0.452156935499545]
[0.0, 0.547843064500455, 0.452156935499545]
[0.0, 0.547843064500455, 0.452156935499545]
[0.0, 0.8093473445521064, 0.19065265544789362]
[0.0, 0.7783611196778114, 0.22163888032218856]
[0.0, 0.6761366473361466, 0.3238633526638534]
[0.0, 0.7670275774483518, 0.2329724225516481]
[0.0, 0.7728356221947038, 0.22716437780529616]
[0.0, 0.7417428760010225, 0.25825712399897754]
[0.0, 0.7681196916048816, 0.23188030839511833]
[0.0, 0.7681196916048816, 0.23188030839511833]
[0.0, 0.7681196916048816, 0.23188030839511833]
[0.0, 0.7681196916048816, 0.23188030839511833]
[1.0, 0.5370719006609252, 0.4629280993390747]
[0.0, 1.0, 0.0]
[0.0, 0.547843064500455, 0.452156935499545]
[0.0, 0.8047673139425299, 0.19523268605747007]
[0.0, 0.7783611196778114, 0.22163888032218856]
[0.0, 0.7783611196778114, 0.22163888032218856]
[0.0, 0.7670275774483518, 0.2329724225516481]
[0.0, 0.7728356221947038, 0.22716437780529616]
[0.0, 0.7652108828262415, 0.2347891171737585]
[0.0, 0.7417428760010225, 0.25825712399897754]
[0.0, 0.7620718270922345, 0.23792817290776538]
[0.0, 0.7681196916048816, 0.23188030839511833]
[0.0, 0.7681196916048816, 0.23188030839511833]
[0.0, 0.7681196916048816, 0.23188030839511833]
[0.0, 0.7127641066285206, 0.2872358933714794]
[1.0, 0.5370719006609252, 0.4629280993390747]
[0.0, 0.547843064500455, 0.452156935499545]
[0.0, 0.547843064500455, 0.452156935499545]
[0.0, 0.8047673139425299, 0.19523268605747007]
[0.0, 0.7783611196778114, 0.22163888032218856]
[0.0, 0.7783611196778114, 0.22163888032218856]
[0.0, 0.7670275774483518, 0.2329724225516481]
[0.0, 0.7728356221947038, 0.22716437780529616]
[0.0, 0.7652108828262415, 0.2347891171737585]
[0.0, 0.7370999173484786, 0.2629000826515215]
[0.0, 0.7681196916048816, 0.23188030839511833]
[0.0, 0.7681196916048816, 0.23188030839511833]
[0.0, 0.7681196916048816, 0.23188030839511833]
[0.0, 0.547843064500455, 0.452156935499545]
[0.0, 1.0, 0.0]
[0.0, 0.547843064500455, 0.452156935499545]
[0.0, 0.547843064500455, 0.452156935499545]
[0.0, 0.7783611196778114, 0.22163888032218856]
[0.0, 0.7783611196778114, 0.22163888032218856]
[0.0, 0.7591686947709457, 0.24083130522905422]
[0.0, 1.0, 0.0]
[0.0, 0.7652108828262415, 0.2347891171737585]
[0.0, 0.7417428760010225, 0.25825712399897754]
[0.0, 0.7417428760010225, 0.25825712399897754]
[0.0, 0.7681196916048816, 0.23188030839511833]
[0.0, 0.7681196916048816, 0.23188030839511833]
[0.0, 0.7681196916048816, 0.23188030839511833]
[0.0, 0.7681196916048816, 0.23188030839511833]
[1.0, 0.5075734980337814, 0.4924265019662187]
[1.0, 0.5370719006609252, 0.4629280993390747]
[0.0, 0.547843064500455, 0.452156935499545]
[0.0, 0.547843064500455, 0.452156935499545]
[0.0, 0.8070845091867048, 0.19291549081329515]
[0.0, 0.5708498032572356, 0.42915019674276444]
[0.0, 0.7783611196778114, 0.22163888032218856]
[0.0, 0.7670275774483518, 0.2329724225516481]
[0.0, 0.7728356221947038, 0.22716437780529616]
[0.0, 0.777609818154606, 0.22239018184539402]
[0.0, 0.7370999173484786, 0.2629000826515215]
[0.0, 0.7681196916048816, 0.23188030839511833]
[0.0, 0.7681196916048816, 0.23188030839511833]
[0.0, 0.7681196916048816, 0.23188030839511833]
[1.0, 0.5300610392485531, 0.469938960751447]
[0.0, 0.547843064500455, 0.452156935499545]
[0.0, 1.0, 0.0]
[0.0, 0.547843064500455, 0.452156935499545]
[0.0, 0.7856741046315395, 0.21432589536846053]
[0.0, 0.7783611196778114, 0.22163888032218856]
[0.0, 0.7783611196778114, 0.22163888032218856]
[0.0, 0.7670275774483518, 0.2329724225516481]
[0.0, 0.7652108828262415, 0.2347891171737585]
[0.0, 0.7417428760010225, 0.25825712399897754]
[0.0, 0.7417428760010225, 0.25825712399897754]
[0.0, 1.0, 0.0]
[0.0, 0.7681196916048816, 0.23188030839511833]
[0.0, 0.7681196916048816, 0.23188030839511833]
[0.0, 0.7681196916048816, 0.23188030839511833]
[0.0, 0.7681196916048816, 0.23188030839511833]
[1.0, 0.5275568019229668, 0.47244319807703317]
[1.0, 0.5370719006609252, 0.4629280993390747]
[0.0, 0.547843064500455, 0.452156935499545]
[0.0, 0.547843064500455, 0.452156935499545]
[0.0, 0.8140504012389131, 0.18594959876108685]
[0.0, 0.6364297188956501, 0.3635702811043498]
[0.0, 0.7783611196778114, 0.22163888032218856]
[0.0, 0.7670275774483518, 0.2329724225516481]
[0.0, 0.7728356221947038, 0.22716437780529616]
[0.0, 0.7652108828262415, 0.2347891171737585]
[0.0, 0.7417428760010225, 0.25825712399897754]
[0.0, 0.7681196916048816, 0.23188030839511833]
[0.0, 0.7681196916048816, 0.23188030839511833]
[0.0, 0.7681196916048816, 0.23188030839511833]
[0.0, 0.547843064500455, 0.452156935499545]
[0.0, 0.547843064500455, 0.452156935499545]
[0.0, 0.547843064500455, 0.452156935499545]
[0.0, 0.547843064500455, 0.452156935499545]
[0.0, 0.790379627446357, 0.20962037255364302]
[0.0, 0.7783611196778114, 0.22163888032218856]
[0.0, 0.7783611196778114, 0.22163888032218856]
[0.0, 1.0, 0.0]
[0.0, 0.7728356221947038, 0.22716437780529616]
[0.0, 0.7652108828262415, 0.2347891171737585]
[0.0, 0.7417428760010225, 0.25825712399897754]
[0.0, 0.7681196916048816, 0.23188030839511833]
[0.0, 0.7681196916048816, 0.23188030839511833]
[0.0, 0.7681196916048816, 0.23188030839511833]
[0.0, 1.0, 0.0]
[0.0, 1.0, 0.0]
[1.0, 0.5075734980337814, 0.4924265019662187]
[1.0, 0.5370719006609252, 0.4629280993390747]
[0.0, 0.547843064500455, 0.452156935499545]
[0.0, 0.547843064500455, 0.452156935499545]
[0.0, 0.547843064500455, 0.452156935499545]
[0.0, 0.7783611196778114, 0.22163888032218856]
[0.0, 0.7783611196778114, 0.22163888032218856]
[0.0, 0.7605119373951595, 0.23948806260484043]
[0.0, 0.6461981485133897, 0.3538018514866102]
[0.0, 0.7574884467193203, 0.24251155328067975]
[0.0, 0.7652108828262415, 0.2347891171737585]
[0.0, 0.7370999173484786, 0.2629000826515215]
[0.0, 0.7681196916048816, 0.23188030839511833]
[0.0, 0.7681196916048816, 0.23188030839511833]
[0.0, 0.7681196916048816, 0.23188030839511833]
[0.0, 0.547843064500455, 0.452156935499545]
[0.0, 0.547843064500455, 0.452156935499545]
[0.0, 0.547843064500455, 0.452156935499545]
[0.0, 0.802393776181927, 0.19760622381807302]
[0.0, 0.7783611196778114, 0.22163888032218856]
[0.0, 1.0, 0.0]
[0.0, 0.7783611196778114, 0.22163888032218856]
[0.0, 1.0, 0.0]
[0.0, 0.7728356221947038, 0.22716437780529616]
[0.0, 1.0, 0.0]
[0.0, 0.7417428760010225, 0.25825712399897754]
[0.0, 0.7681196916048816, 0.23188030839511833]
[0.0, 0.7681196916048816, 0.23188030839511833]
[0.0, 0.7681196916048816, 0.23188030839511833]
[0.0, 0.7681196916048816, 0.23188030839511833]
[0.0, 1.0, 0.0]
[1.0, 0.5300610392485531, 0.469938960751447]
[1.0, 0.5370719006609252, 0.4629280993390747]
[0.0, 0.547843064500455, 0.452156935499545]
[0.0, 0.547843064500455, 0.452156935499545]
[0.0, 0.6376260224462622, 0.3623739775537379]
[0.0, 0.7783611196778114, 0.22163888032218856]
[0.0, 0.7783611196778114, 0.22163888032218856]
[0.0, 0.7605119373951595, 0.23948806260484043]
[0.0, 0.7670275774483518, 0.2329724225516481]
[0.0, 0.7652108828262415, 0.2347891171737585]
[0.0, 0.7417428760010225, 0.25825712399897754]
[0.0, 0.7417428760010225, 0.25825712399897754]
[0.0, 0.7681196916048816, 0.23188030839511833]
[0.0, 0.7681196916048816, 0.23188030839511833]
[0.0, 1.0, 0.0]
[0.0, 1.0, 0.0]
[0.0, 0.547843064500455, 0.452156935499545]
[0.0, 0.547843064500455, 0.452156935499545]
[0.0, 0.7856741046315395, 0.21432589536846053]
[0.0, 1.0, 0.0]
[0.0, 0.7783611196778114, 0.22163888032218856]
[0.0, 0.7591686947709457, 0.24083130522905422]
[0.0, 0.7728356221947038, 0.22716437780529616]
[0.0, 0.7699682556418724, 0.2300317443581276]
[0.0, 0.7417428760010225, 0.25825712399897754]
[0.0, 0.7496664240659874, 0.2503335759340126]
[0.0, 0.7681196916048816, 0.23188030839511833]
[0.0, 1.0, 0.0]
[0.0, 0.7681196916048816, 0.23188030839511833]
[0.0, 0.7681196916048816, 0.23188030839511833]
[1.0, 0.5075734980337814, 0.4924265019662187]
[1.0, 0.5370719006609252, 0.4629280993390747]
[0.0, 0.547843064500455, 0.452156935499545]
[0.0, 0.547843064500455, 0.452156935499545]
[0.0, 0.547843064500455, 0.452156935499545]
[0.0, 0.7783611196778114, 0.22163888032218856]
[0.0, 0.6403399702534243, 0.3596600297465758]
[0.0, 0.7783611196778114, 0.22163888032218856]
[0.0, 0.7670275774483518, 0.2329724225516481]
[0.0, 0.7728356221947038, 0.22716437780529616]
[0.0, 0.7440863589653304, 0.2559136410346695]
[0.0, 0.7417428760010225, 0.25825712399897754]
[0.0, 0.7681196916048816, 0.23188030839511833]
[0.0, 0.7681196916048816, 0.23188030839511833]
[0.0, 0.560097185153071, 0.43990281484692884]
[1.0, 0.5370719006609252, 0.4629280993390747]
[0.0, 0.547843064500455, 0.452156935499545]
[0.0, 0.547843064500455, 0.452156935499545]
[0.0, 1.0, 0.0]
[0.0, 0.7799184190908446, 0.22008158090915544]
[0.0, 0.7783611196778114, 0.22163888032218856]
[0.0, 1.0, 0.0]
[0.0, 0.7670275774483518, 0.2329724225516481]
[0.0, 0.7803645071172011, 0.219635492882799]
[0.0, 0.7496664240659874, 0.2503335759340126]
[0.0, 0.7417428760010225, 0.25825712399897754]
[0.0, 0.7681196916048816, 0.23188030839511833]
[0.0, 0.7681196916048816, 0.23188030839511833]
[0.0, 0.7681196916048816, 0.23188030839511833]
[0.0, 0.7681196916048816, 0.23188030839511833]
[0.0, 0.7127641066285206, 0.2872358933714794]
[0.0, 0.547843064500455, 0.452156935499545]
[0.0, 0.547843064500455, 0.452156935499545]
[0.0, 0.547843064500455, 0.452156935499545]
[0.0, 0.547843064500455, 0.452156935499545]
[0.0, 0.8070845091867048, 0.19291549081329515]
[0.0, 0.7783611196778114, 0.22163888032218856]
[0.0, 0.7783611196778114, 0.22163888032218856]
[0.0, 0.7670275774483518, 0.2329724225516481]
[0.0, 0.7728356221947038, 0.22716437780529616]
[0.0, 0.7699682556418724, 0.2300317443581276]
[0.0, 0.7417428760010225, 0.25825712399897754]
[0.0, 0.7605119373951595, 0.23948806260484043]
[0.0, 0.7681196916048816, 0.23188030839511833]
[0.0, 0.7681196916048816, 0.23188030839511833]
[0.0, 0.547843064500455, 0.452156935499545]
[0.0, 0.547843064500455, 0.452156935499545]
[0.0, 0.547843064500455, 0.452156935499545]
[0.0, 0.547843064500455, 0.452156935499545]
[0.0, 0.9979446201066453, 0.002055379893354578]
[0.0, 0.7856741046315395, 0.21432589536846053]
[0.0, 0.7783611196778114, 0.22163888032218856]
[0.0, 0.7670275774483518, 0.2329724225516481]
[0.0, 0.7728356221947038, 0.22716437780529616]
[0.0, 0.7877993338547921, 0.21220066614520788]
[0.0, 1.0, 0.0]
[0.0, 0.7370999173484786, 0.2629000826515215]
[0.0, 0.7681196916048816, 0.23188030839511833]
[0.0, 0.7681196916048816, 0.23188030839511833]
[0.0, 0.7681196916048816, 0.23188030839511833]
[0.0, 0.7681196916048816, 0.23188030839511833]
[1.0, 0.5275568019229668, 0.47244319807703317]
[1.0, 0.5370719006609252, 0.4629280993390747]
[0.0, 0.547843064500455, 0.452156935499545]
[0.0, 0.547843064500455, 0.452156935499545]
[0.0, 0.547843064500455, 0.452156935499545]
[0.0, 0.8082803075368948, 0.1917196924631052]
[0.0, 0.7783611196778114, 0.22163888032218856]
[0.0, 0.7783611196778114, 0.22163888032218856]
[0.0, 0.6046048205116143, 0.3953951794883856]
[0.0, 0.7728356221947038, 0.22716437780529616]
[0.0, 0.7496664240659874, 0.2503335759340126]
[0.0, 0.7417428760010225, 0.25825712399897754]
[0.0, 0.7681196916048816, 0.23188030839511833]
[0.0, 0.7681196916048816, 0.23188030839511833]
[0.0, 0.7681196916048816, 0.23188030839511833]
[0.0, 0.7681196916048816, 0.23188030839511833]
[1.0, 0.5370719006609252, 0.4629280993390747]
[0.0, 1.0, 0.0]
[0.0, 0.547843064500455, 0.452156935499545]
[0.0, 0.8093473445521064, 0.19065265544789362]
[0.0, 0.7783611196778114, 0.22163888032218856]
[0.0, 0.7783611196778114, 0.22163888032218856]
[0.0, 0.7591686947709457, 0.24083130522905422]
[0.0, 0.7670275774483518, 0.2329724225516481]
[0.0, 0.7728356221947038, 0.22716437780529616]
[0.0, 0.7728356221947038, 0.22716437780529616]
[0.0, 0.7417428760010225, 0.25825712399897754]
[0.0, 0.7605119373951595, 0.23948806260484043]
[0.0, 0.7681196916048816, 0.23188030839511833]
[0.0, 0.7681196916048816, 0.23188030839511833]
[0.0, 0.7681196916048816, 0.23188030839511833]
[0.0, 1.0, 0.0]
[0.0, 0.7127641066285206, 0.2872358933714794]
[1.0, 0.5370719006609252, 0.4629280993390747]
[0.0, 0.547843064500455, 0.452156935499545]
[0.0, 0.547843064500455, 0.452156935499545]
[0.0, 0.547843064500455, 0.452156935499545]
[0.0, 0.7783611196778114, 0.22163888032218856]
[0.0, 0.7783611196778114, 0.22163888032218856]
[0.0, 0.7783611196778114, 0.22163888032218856]
[0.0, 0.7670275774483518, 0.2329724225516481]
[0.0, 0.7728356221947038, 0.22716437780529616]
[0.0, 0.7417428760010225, 0.25825712399897754]
[0.0, 0.7370999173484786, 0.2629000826515215]
[0.0, 0.7681196916048816, 0.23188030839511833]
[0.0, 0.7681196916048816, 0.23188030839511833]
[0.0, 0.7681196916048816, 0.23188030839511833]
[0.0, 0.7681196916048816, 0.23188030839511833]
[0.0, 1.0, 0.0]
[0.0, 1.0, 0.0]
[0.0, 0.547843064500455, 0.452156935499545]
[0.0, 1.0, 0.0]
[0.0, 0.7856741046315395, 0.21432589536846053]
[0.0, 0.7783611196778114, 0.22163888032218856]
[0.0, 0.7783611196778114, 0.22163888032218856]
[0.0, 0.7670275774483518, 0.2329724225516481]
[0.0, 0.777609818154606, 0.22239018184539402]
[0.0, 0.7877993338547921, 0.21220066614520788]
[0.0, 1.0, 0.0]
[0.0, 1.0, 0.0]
[0.0, 0.7681196916048816, 0.23188030839511833]
[0.0, 0.7681196916048816, 0.23188030839511833]
[0.0, 0.7681196916048816, 0.23188030839511833]
[0.0, 0.7681196916048816, 0.23188030839511833]
[0.0, 0.7681196916048816, 0.23188030839511833]
[1.0, 0.5340446645605922, 0.46595533543940787]
[0.0, 0.547843064500455, 0.452156935499545]
[0.0, 0.547843064500455, 0.452156935499545]
[0.0, 0.547843064500455, 0.452156935499545]
[0.0, 0.547843064500455, 0.452156935499545]
[0.0, 0.7783611196778114, 0.22163888032218856]
[0.0, 0.7783611196778114, 0.22163888032218856]
[0.0, 0.7783611196778114, 0.22163888032218856]
[0.0, 0.7670275774483518, 0.2329724225516481]
[0.0, 0.7728356221947038, 0.22716437780529616]
[0.0, 0.7417428760010225, 0.25825712399897754]
[0.0, 0.7417428760010225, 0.25825712399897754]
[0.0, 0.7681196916048816, 0.23188030839511833]
[0.0, 0.7634609662286518, 0.23653903377134816]
[0.0, 0.7681196916048816, 0.23188030839511833]
[0.0, 0.7681196916048816, 0.23188030839511833]
[0.0, 0.547843064500455, 0.452156935499545]
[0.0, 1.0, 0.0]
[0.0, 1.0, 0.0]
[0.0, 0.8070845091867048, 0.19291549081329515]
[0.0, 1.0, 0.0]
[0.0, 0.7783611196778114, 0.22163888032218856]
[0.0, 0.7591686947709457, 0.24083130522905422]
[0.0, 0.7670275774483518, 0.2329724225516481]
[0.0, 0.7728356221947038, 0.22716437780529616]
[0.0, 0.7652108828262415, 0.2347891171737585]
[0.0, 0.7417428760010225, 0.25825712399897754]
[0.0, 0.7417428760010225, 0.25825712399897754]
[0.0, 0.7620718270922345, 0.23792817290776538]
[0.0, 0.7681196916048816, 0.23188030839511833]
[0.0, 0.7681196916048816, 0.23188030839511833]
[0.0, 0.7681196916048816, 0.23188030839511833]
[1.0, 0.5075734980337814, 0.4924265019662187]
[0.0, 0.7302434507924405, 0.2697565492075595]
[0.0, 0.547843064500455, 0.452156935499545]
[0.0, 0.547843064500455, 0.452156935499545]
[0.0, 0.547843064500455, 0.452156935499545]
[0.0, 0.8047673139425299, 0.19523268605747007]
[0.0, 0.7783611196778114, 0.22163888032218856]
[0.0, 0.7783611196778114, 0.22163888032218856]
[0.0, 0.7591686947709457, 0.24083130522905422]
[0.0, 0.7670275774483518, 0.2329724225516481]
[0.0, 0.7652108828262415, 0.2347891171737585]
[0.0, 0.7417428760010225, 0.25825712399897754]
[0.0, 0.7370999173484786, 0.2629000826515215]
[0.0, 0.7681196916048816, 0.23188030839511833]
[0.0, 0.7681196916048816, 0.23188030839511833]
[0.0, 0.7681196916048816, 0.23188030839511833]
[1.0, 0.5300610392485531, 0.469938960751447]
[0.0, 1.0, 0.0]
[0.0, 0.547843064500455, 0.452156935499545]
[0.0, 0.547843064500455, 0.452156935499545]
[0.0, 1.0, 0.0]
[0.0, 0.7783611196778114, 0.22163888032218856]
[0.0, 1.0, 0.0]
[0.0, 0.7670275774483518, 0.2329724225516481]
[0.0, 0.7728356221947038, 0.22716437780529616]
[0.0, 0.7877993338547921, 0.21220066614520788]
[0.0, 1.0, 0.0]
[0.0, 0.7417428760010225, 0.25825712399897754]
[0.0, 1.0, 0.0]
[0.0, 0.7681196916048816, 0.23188030839511833]
[0.0, 0.7681196916048816, 0.23188030839511833]
[0.0, 0.7681196916048816, 0.23188030839511833]
[0.0, 0.7681196916048816, 0.23188030839511833]
[0.0, 0.724658270381786, 0.27534172961821407]
[1.0, 0.5370719006609252, 0.4629280993390747]
[0.0, 0.547843064500455, 0.452156935499545]
[0.0, 0.547843064500455, 0.452156935499545]
[0.0, 0.547843064500455, 0.452156935499545]
[0.0, 0.5901062144240361, 0.40989378557596384]
[0.0, 0.7856741046315395, 0.21432589536846053]
[0.0, 0.7652108828262415, 0.2347891171737585]
[0.0, 0.7670275774483518, 0.2329724225516481]
[0.0, 0.7622281681813703, 0.23777183181862974]
[0.0, 0.7877993338547921, 0.21220066614520788]
[0.0, 0.7417428760010225, 0.25825712399897754]
[0.0, 0.7605119373951595, 0.23948806260484043]
[0.0, 0.7681196916048816, 0.23188030839511833]
[0.0, 0.7681196916048816, 0.23188030839511833]
[0.0, 0.7681196916048816, 0.23188030839511833]
[1.0, 0.5300610392485531, 0.469938960751447]
[0.0, 0.547843064500455, 0.452156935499545]
[0.0, 0.547843064500455, 0.452156935499545]
[0.0, 1.0, 0.0]
[0.0, 0.7814819626437821, 0.2185180373562179]
[0.0, 0.7783611196778114, 0.22163888032218856]
[0.0, 0.7681196916048816, 0.23188030839511833]
[0.0, 0.7670275774483518, 0.2329724225516481]
[0.0, 1.0, 0.0]
[0.0, 0.7699682556418724, 0.2300317443581276]
[0.0, 0.7417428760010225, 0.25825712399897754]
[0.0, 0.7417428760010225, 0.25825712399897754]
[0.0, 0.7605119373951595, 0.23948806260484043]
[0.0, 0.7681196916048816, 0.23188030839511833]
[0.0, 0.7681196916048816, 0.23188030839511833]
[0.0, 0.7681196916048816, 0.23188030839511833]
[0.0, 0.7681196916048816, 0.23188030839511833]
[1.0, 0.5261364044056972, 0.47386359559430274]
[0.0, 0.547843064500455, 0.452156935499545]
[0.0, 0.547843064500455, 0.452156935499545]
[0.0, 0.547843064500455, 0.452156935499545]
[0.0, 0.547843064500455, 0.452156935499545]
[0.0, 0.7808087902724283, 0.2191912097275717]
[0.0, 0.7783611196778114, 0.22163888032218856]
[0.0, 0.7591686947709457, 0.24083130522905422]
[0.0, 0.7670275774483518, 0.2329724225516481]
[0.0, 0.6189355121635969, 0.3810644878364031]
[0.0, 0.7652108828262415, 0.2347891171737585]
[0.0, 0.7417428760010225, 0.25825712399897754]
[0.0, 0.7620718270922345, 0.23792817290776538]
[0.0, 0.7681196916048816, 0.23188030839511833]
[0.0, 0.7681196916048816, 0.23188030839511833]
[0.0, 0.7681196916048816, 0.23188030839511833]
[0.0, 0.547843064500455, 0.452156935499545]
[0.0, 0.547843064500455, 0.452156935499545]
[0.0, 0.547843064500455, 0.452156935499545]
[0.0, 0.7783611196778114, 0.22163888032218856]
[0.0, 0.7856741046315395, 0.21432589536846053]
[0.0, 1.0, 0.0]
[0.0, 1.0, 0.0]
[0.0, 0.7728356221947038, 0.22716437780529616]
[0.0, 0.7652108828262415, 0.2347891171737585]
[0.0, 0.7417428760010225, 0.25825712399897754]
[0.0, 0.7417428760010225, 0.25825712399897754]
[0.0, 0.7681196916048816, 0.23188030839511833]
[0.0, 0.7681196916048816, 0.23188030839511833]
[0.0, 0.7681196916048816, 0.23188030839511833]
[0.0, 0.7681196916048816, 0.23188030839511833]
[0.0, 0.7681196916048816, 0.23188030839511833]
[0.0, 0.547843064500455, 0.452156935499545]
[0.0, 0.547843064500455, 0.452156935499545]
[0.0, 0.547843064500455, 0.452156935499545]
[0.0, 0.547843064500455, 0.452156935499545]
[0.0, 0.7051817462399492, 0.2948182537600509]
[0.0, 0.7783611196778114, 0.22163888032218856]
[0.0, 0.7783611196778114, 0.22163888032218856]
[0.0, 0.7591686947709457, 0.24083130522905422]
[0.0, 0.7670275774483518, 0.2329724225516481]
[0.0, 0.7728356221947038, 0.22716437780529616]
[0.0, 0.7417428760010225, 0.25825712399897754]
[0.0, 0.7370999173484786, 0.2629000826515215]
[0.0, 0.7681196916048816, 0.23188030839511833]
[0.0, 0.7681196916048816, 0.23188030839511833]
[0.0, 0.7681196916048816, 0.23188030839511833]
[0.0, 0.7681196916048816, 0.23188030839511833]
[0.0, 0.547843064500455, 0.452156935499545]
[0.0, 1.0, 0.0]
[0.0, 0.547843064500455, 0.452156935499545]
[0.0, 0.7783611196778114, 0.22163888032218856]
[0.0, 0.7783611196778114, 0.22163888032218856]
[0.0, 0.7783611196778114, 0.22163888032218856]
[0.0, 0.7670275774483518, 0.2329724225516481]
[0.0, 0.7728356221947038, 0.22716437780529616]
[0.0, 0.7652108828262415, 0.2347891171737585]
[0.0, 0.7417428760010225, 0.25825712399897754]
[0.0, 0.7417428760010225, 0.25825712399897754]
[0.0, 0.7681196916048816, 0.23188030839511833]
[0.0, 0.7681196916048816, 0.23188030839511833]
[0.0, 0.7681196916048816, 0.23188030839511833]
[0.0, 0.7681196916048816, 0.23188030839511833]
[1.0, 0.5300610392485531, 0.469938960751447]
[1.0, 0.5370719006609252, 0.4629280993390747]
[0.0, 0.547843064500455, 0.452156935499545]
[0.0, 0.7399744013682773, 0.26002559863172275]
[0.0, 0.547843064500455, 0.452156935499545]
[0.0, 0.7856741046315395, 0.21432589536846053]
[0.0, 0.7783611196778114, 0.22163888032218856]
[0.0, 0.7783611196778114, 0.22163888032218856]
[0.0, 0.6437507089230093, 0.35624929107699066]
[0.0, 0.777609818154606, 0.22239018184539402]
[0.0, 0.7652108828262415, 0.2347891171737585]
[0.0, 0.7417428760010225, 0.25825712399897754]
[0.0, 0.7417428760010225, 0.25825712399897754]
[0.0, 0.7681196916048816, 0.23188030839511833]
[0.0, 0.7681196916048816, 0.23188030839511833]
[0.0, 0.7681196916048816, 0.23188030839511833]
[1.0, 0.5370719006609252, 0.4629280993390747]
[0.0, 0.547843064500455, 0.452156935499545]
[0.0, 0.547843064500455, 0.452156935499545]
[0.0, 0.7856741046315395, 0.21432589536846053]
[0.0, 1.0, 0.0]
[0.0, 0.7783611196778114, 0.22163888032218856]
[0.0, 0.7591686947709457, 0.24083130522905422]
[0.0, 0.7670275774483518, 0.2329724225516481]
[0.0, 0.7877993338547921, 0.21220066614520788]
[0.0, 0.7417428760010225, 0.25825712399897754]
[0.0, 0.7417428760010225, 0.25825712399897754]
[0.0, 0.7681196916048816, 0.23188030839511833]
[0.0, 0.7681196916048816, 0.23188030839511833]
[0.0, 0.7681196916048816, 0.23188030839511833]
[0.0, 0.7681196916048816, 0.23188030839511833]
[0.0, 0.7681196916048816, 0.23188030839511833]
[0.0, 0.724658270381786, 0.27534172961821407]
[0.0, 0.547843064500455, 0.452156935499545]
[0.0, 0.7356065503763323, 0.26439344962366773]
[0.0, 0.547843064500455, 0.452156935499545]
[0.0, 0.547843064500455, 0.452156935499545]
[0.0, 0.7808087902724283, 0.2191912097275717]
[0.0, 0.7783611196778114, 0.22163888032218856]
[0.0, 0.7783611196778114, 0.22163888032218856]
[0.0, 0.7670275774483518, 0.2329724225516481]
[0.0, 0.7728356221947038, 0.22716437780529616]
[0.0, 0.7877993338547921, 0.21220066614520788]
[0.0, 0.7417428760010225, 0.25825712399897754]
[0.0, 0.7370999173484786, 0.2629000826515215]
[0.0, 0.7681196916048816, 0.23188030839511833]
[0.0, 0.7681196916048816, 0.23188030839511833]
[0.0, 0.7681196916048816, 0.23188030839511833]
[0.0, 1.0, 0.0]
[0.0, 0.547843064500455, 0.452156935499545]
[0.0, 0.547843064500455, 0.452156935499545]
[0.0, 0.8070845091867048, 0.19291549081329515]
[0.0, 0.7783611196778114, 0.22163888032218856]
[0.0, 0.7783611196778114, 0.22163888032218856]
[0.0, 1.0, 0.0]
[0.0, 0.7622281681813703, 0.23777183181862974]
[0.0, 0.7877993338547921, 0.21220066614520788]
[0.0, 0.7652108828262415, 0.2347891171737585]
[0.0, 0.7417428760010225, 0.25825712399897754]
[0.0, 0.7681196916048816, 0.23188030839511833]
[0.0, 1.0, 0.0]
[0.0, 0.7681196916048816, 0.23188030839511833]
[0.0, 1.0, 0.0]
[0.0, 0.7681196916048816, 0.23188030839511833]
[0.0, 0.724658270381786, 0.27534172961821407]
[0.0, 0.547843064500455, 0.452156935499545]
[0.0, 0.547843064500455, 0.452156935499545]
[0.0, 0.547843064500455, 0.452156935499545]
[0.0, 0.547843064500455, 0.452156935499545]
[0.0, 0.7783611196778114, 0.22163888032218856]
[0.0, 0.7783611196778114, 0.22163888032218856]
[0.0, 0.7783611196778114, 0.22163888032218856]
[0.0, 0.5838088559498764, 0.41619114405012353]
[0.0, 0.7670275774483518, 0.2329724225516481]
[0.0, 0.7803645071172011, 0.219635492882799]
[0.0, 0.7417428760010225, 0.25825712399897754]
[0.0, 0.7417428760010225, 0.25825712399897754]
[0.0, 0.7681196916048816, 0.23188030839511833]
[0.0, 0.7681196916048816, 0.23188030839511833]
[0.0, 0.7681196916048816, 0.23188030839511833]
[0.0, 1.0, 0.0]
[0.0, 1.0, 0.0]
[0.0, 0.547843064500455, 0.452156935499545]
[0.0, 1.0, 0.0]
[0.0, 0.790379627446357, 0.20962037255364302]
[0.0, 0.7783611196778114, 0.22163888032218856]
[0.0, 0.7783611196778114, 0.22163888032218856]
[0.0, 0.7670275774483518, 0.2329724225516481]
[0.0, 0.7851547250344845, 0.21484527496551545]
[0.0, 1.0, 0.0]
[0.0, 0.7440863589653304, 0.2559136410346695]
[0.0, 0.7417428760010225, 0.25825712399897754]
[0.0, 0.7681196916048816, 0.23188030839511833]
[0.0, 0.7681196916048816, 0.23188030839511833]
[0.0, 0.7681196916048816, 0.23188030839511833]
[0.0, 0.7681196916048816, 0.23188030839511833]
[0.0, 1.0, 0.0]
[0.0, 0.7127641066285206, 0.2872358933714794]
[1.0, 0.5370719006609252, 0.4629280993390747]
[0.0, 0.547843064500455, 0.452156935499545]
[0.0, 0.547843064500455, 0.452156935499545]
[0.0, 0.547843064500455, 0.452156935499545]
[0.0, 0.5977429242904206, 0.40225707570957925]
[0.0, 0.7783611196778114, 0.22163888032218856]
[0.0, 0.7783611196778114, 0.22163888032218856]
[0.0, 0.7605119373951595, 0.23948806260484043]
[0.0, 0.5888339157323914, 0.4111660842676086]
[0.0, 0.5666570278265899, 0.4333429721734101]
[0.0, 0.7652108828262415, 0.2347891171737585]
[0.0, 0.7417428760010225, 0.25825712399897754]
[0.0, 0.5857409133271202, 0.41425908667287975]
[0.0, 0.7681196916048816, 0.23188030839511833]
[0.0, 0.7681196916048816, 0.23188030839511833]
[0.0, 0.7681196916048816, 0.23188030839511833]
[0.0, 0.547843064500455, 0.452156935499545]
[0.0, 0.547843064500455, 0.452156935499545]
[0.0, 1.0, 0.0]
[0.0, 0.8140504012389131, 0.18594959876108685]
[0.0, 1.0, 0.0]
[0.0, 0.7783611196778114, 0.22163888032218856]
[0.0, 0.7591686947709457, 0.24083130522905422]
[0.0, 0.7670275774483518, 0.2329724225516481]
[0.0, 0.7574884467193203, 0.24251155328067975]
[0.0, 0.7652108828262415, 0.2347891171737585]
[0.0, 0.7417428760010225, 0.25825712399897754]
[0.0, 1.0, 0.0]
[0.0, 0.7681196916048816, 0.23188030839511833]
[0.0, 0.7681196916048816, 0.23188030839511833]
[0.0, 0.7681196916048816, 0.23188030839511833]
[0.0, 0.7681196916048816, 0.23188030839511833]
[0.0, 0.547843064500455, 0.452156935499545]
[0.0, 0.547843064500455, 0.452156935499545]
[0.0, 0.547843064500455, 0.452156935499545]
[0.0, 0.547843064500455, 0.452156935499545]
[0.0, 0.547843064500455, 0.452156935499545]
[0.0, 0.7856741046315395, 0.21432589536846053]
[0.0, 0.68746912671636, 0.31253087328364004]
[0.0, 0.7783611196778114, 0.22163888032218856]
[0.0, 0.7591686947709457, 0.24083130522905422]
[0.0, 0.7670275774483518, 0.2329724225516481]
[0.0, 0.5666570278265899, 0.4333429721734101]
[0.0, 0.7652108828262415, 0.2347891171737585]
[0.0, 0.5559520180739094, 0.4440479819260907]
[0.0, 0.7620718270922345, 0.23792817290776538]
[0.0, 0.7681196916048816, 0.23188030839511833]
[0.0, 0.7681196916048816, 0.23188030839511833]
[0.0, 0.7681196916048816, 0.23188030839511833]
