[22.034432819485666, 0.0]
[2.923317304078955, 0.0]
[3.4906006929464635, 0.0]
[3.652671208803076, 0.0]
[7.955171609960962, 0.0]
[18.651808420568706, 0.0]
[7.225817705236841, 0.0]
[22.034432819485666, 0.0]
[16.59352664127946, 0.0]
[3.652671208803076, 0.0]
[3.684459364879876, 0.0]
[18.651808420568706, 0.0]
[22.034432819485666, 0.0]
[-0.6180410362780098, 0.0]
[22.034432819485666, 0.0]
[22.034432819485666, 0.0]
[7.955171609960962, 0.0]
[7.955171609960962, 0.0]
[22.034432819485666, 0.0]
[-0.6180410362780098, 0.0]
[7.225817705236841, 0.0]
[18.651808420568706, 0.0]
[3.342085179314017, 0.0]
[22.034432819485666, 0.0]
[3.652671208803076, 0.0]
[3.684459364879876, 0.0]
[-0.9604152218438688, 0.0]
[-0.6180410362780098, 0.0]
[-0.9604152218438688, 0.0]
[22.034432819485666, 0.0]
[3.4906006929464635, 0.0]
[22.034432819485666, 0.0]
[3.4906006929464635, 0.0]
[3.342085179314017, 0.0]
[7.955171609960962, 0.0]
[22.034432819485666, 0.0]
[16.59352664127946, 0.0]
[18.651808420568706, 0.0]
[2.923317304078955, 0.0]
[22.034432819485666, 0.0]
