[14.307131096229337, 0.0]
[13.432937340466435, 0.0]
[14.876513313796474, 0.0]
[21.57605872844865, 0.0]
[18.102763905390365, 0.0]
[26.92378820574761, 0.0]
[20.759949602087374, 0.0]
[25.52606226918327, 0.0]
[19.247332789022682, 0.0]
[19.226991728448002, 0.0]
[19.632008201734692, 0.0]
[19.212921296971228, 0.0]
[16.66094947582493, 0.0]
[18.108474069162185, 0.0]
[18.28306194700547, 0.0]
[19.091382589271696, 0.0]
[19.74511571736551, 0.0]
[12.914991471007667, 0.0]
[13.97604299445868, 0.0]
[15.342468593370125, 0.0]
[14.76831908261165, 0.0]
[16.000822172276646, 0.0]
[14.637271462569878, 0.0]
[15.584458579589551, 0.0]
[18.536379193217606, 0.0]
[18.594193919862676, 0.0]
[12.976656452614812, 0.0]
[14.604966562881765, 0.0]
[27.065588450352156, 0.0]
[22.088930369360767, 0.0]
[22.34371364096296, 0.0]
[21.047485788752013, 0.0]
[32.48891660985358, 0.0]
[23.471795505518806, 0.0]
[28.778521487867604, 0.0]
[25.114564390487608, 0.0]
[20.945437418055047, 0.0]
[23.634095316616218, 0.0]
[13.086948360353865, 0.0]
[26.779556272624788, 0.0]
[12.233397924321732, 0.0]
[19.308381792086497, 0.0]
[14.319116908931209, 0.0]
[21.590669390357398, 0.0]
[10.824845012917764, 0.0]
[13.348341382706938, 0.0]
[14.90142672877071, 0.0]
[12.018387330813718, 0.0]
[28.319043488072595, 0.0]
[16.60141078832271, 0.0]
[18.787332004892747, 0.0]
[13.522845884581182, 0.0]
[25.597520941916603, 0.0]
[18.29228951218867, 0.0]
[29.00112941099323, 0.0]
[16.948894854600596, 0.0]
[14.031961691732876, 0.0]
[14.484981766779743, 0.0]
[13.494197401127469, 0.0]
[28.038566615039482, 0.0]
[13.117388925523924, 0.0]
[17.708948458743237, 0.0]
[16.471603869556755, 0.0]
[32.77574146927259, 0.0]
[31.266055866588523, 0.0]
[31.633860510899005, 0.0]
[12.408180678315967, 0.0]
[13.447772875137725, 0.0]
[14.752715871981536, 0.0]
[15.052495124697403, 0.0]
[15.096509477955095, 0.0]
[15.01604452218779, 0.0]
[31.138620047403805, 0.0]
[30.930815039051343, 0.0]
[30.813118078362155, 0.0]
[33.57909932719819, 0.0]
[26.807628474612418, 0.0]
[26.883297725723047, 0.0]
[25.64998975437849, 0.0]
[17.402741671484137, 0.0]
[11.26260008403071, 0.0]
[12.827410604966067, 0.0]
[12.498604501152032, 0.0]
[11.208989255165978, 0.0]
[19.462009530206178, 0.0]
[14.015011427222658, 0.0]
[21.301178834994385, 0.0]
[15.275828077170877, 0.0]
[18.46312182381836, 0.0]
[13.80611177448631, 0.0]
[14.433177468133708, 0.0]
[19.503635279143076, 0.0]
[16.076360746115046, 0.0]
[16.631418248482497, 0.0]
[16.674069429795402, 0.0]
[17.991489961823248, 0.0]
[21.33667395479445, 0.0]
[21.663575640612496, 0.0]
[20.888958484524828, 0.0]
[22.67081527514646, 0.0]
[22.741368441756943, 0.0]
[29.232981552483956, 0.0]
[15.409076810847537, 0.0]
[10.38459168901877, 0.0]
[31.252041234729678, 0.0]
[14.131380637848794, 0.0]
[29.741093385756358, 0.0]
[23.316505025838037, 0.0]
[16.724554890924242, 0.0]
[11.396218372288418, 0.0]
[11.728900934225058, 0.0]
[15.126611143781385, 0.0]
[27.889037705499945, 0.0]
[26.367507166761897, 0.0]
[28.465804116710633, 0.0]
[34.032916282248806, 0.0]
[37.05413054328091, 0.0]
[34.76637524915511, 0.0]
[23.837934577006784, 0.0]
[37.295436924878146, 0.0]
[35.09618668115022, 0.0]
[22.725181450733643, 0.0]
[29.050440792565706, 0.0]
[27.071601627531333, 0.0]
[22.63052836707278, 0.0]
[22.572759950133158, 0.0]
[27.849590237886417, 0.0]
[25.357311897762692, 0.0]
[23.677034670259662, 0.0]
[29.690420356048026, 0.0]
[31.79616906651924, 0.0]
[27.864209054852026, 0.0]
[31.30783038385161, 0.0]
[23.04894061826446, 0.0]
[23.709097978862154, 0.0]
[31.45139192739285, 0.0]
[28.15939761515806, 0.0]
[19.951575363354074, 0.0]
[16.911472058794416, 0.0]
[17.790663728035465, 0.0]
[22.37140375338859, 0.0]
[14.27977017287581, 0.0]
[32.12407170074086, 0.0]
[24.504554289336298, 0.0]
[24.35880250278002, 0.0]
[32.78943422646731, 0.0]
[28.982302890705974, 0.0]
[26.77492566891573, 0.0]
[24.707887760765406, 0.0]
[26.688413566893335, 0.0]
[14.784481213780147, 0.0]
[13.1793369367535, 0.0]
[14.655582820301642, 0.0]
[15.569754554511011, 0.0]
[10.636578351570398, 0.0]
[16.26418582887908, 0.0]
[17.40285940720143, 0.0]
[16.122827320840962, 0.0]
[10.765543678095355, 0.0]
[15.25735310247484, 0.0]
[29.615621621926874, 0.0]
[32.29411660509435, 0.0]
[17.366916884793312, 0.0]
[23.918590716676206, 0.0]
[25.48287292984838, 0.0]
[24.979807773904813, 0.0]
[26.59552694288651, 0.0]
[29.002229472427874, 0.0]
[24.955439066143498, 0.0]
[32.37954663974256, 0.0]
[27.94907292838722, 0.0]
[23.328972456222942, 0.0]
[11.179683875579208, 0.0]
[16.310769915010958, 0.0]
[11.662827000831369, 0.0]
[34.23180116841612, 0.0]
[35.923364417527125, 0.0]
[15.689156417481957, 0.0]
[9.88100498803473, 0.0]
[23.042432866730675, 0.0]
[24.446505322675264, 0.0]
[24.630611058372054, 0.0]
[28.49828460024838, 0.0]
[26.313915269251357, 0.0]
[33.45390472062299, 0.0]
[20.1652117536757, 0.0]
[13.045910357914726, 0.0]
[12.378457771849128, 0.0]
[11.541226209221994, 0.0]
[12.03383289330097, 0.0]
[12.15545179881739, 0.0]
[13.641637590748081, 0.0]
[14.654149805421872, 0.0]
[13.930700246736576, 0.0]
[17.73145321303238, 0.0]
[26.099314899902083, 0.0]
[25.97998724601995, 0.0]
[17.661280631017615, 0.0]
[18.581645323543512, 0.0]
[12.896149472208087, 0.0]
[13.161695936431423, 0.0]
[19.161122422277376, 0.0]
[18.10923494494569, 0.0]
[19.335809148544524, 0.0]
[19.579884970802354, 0.0]
[21.2216000685482, 0.0]
[16.695992604717723, 0.0]
[24.391942836583045, 0.0]
[29.304897366789668, 0.0]
[23.15403174155995, 0.0]
[18.832083527346008, 0.0]
[16.823359117789934, 0.0]
[22.13389744892311, 0.0]
[22.9618259137235, 0.0]
[20.95456998773248, 0.0]
[22.90831155803353, 0.0]
[22.42353767896374, 0.0]
[22.326023145222678, 0.0]
[23.44334881044103, 0.0]
[24.82183648664931, 0.0]
[31.952947336932922, 0.0]
[14.263003030547864, 0.0]
[13.164494516102552, 0.0]
[15.823468745068247, 0.0]
[15.515933706314485, 0.0]
[8.905315985583362, 0.0]
[30.463835637129385, 0.0]
[31.07408115481016, 0.0]
[32.14468349167072, 0.0]
[34.77799513553432, 0.0]
[37.35980284444063, 0.0]
[38.25875851802587, 0.0]
[35.46965879019467, 0.0]
[31.024530991395615, 0.0]
[34.29486994558347, 0.0]
[22.564698338894164, 0.0]
[32.31542259971862, 0.0]
[37.196657397912645, 0.0]
[33.48652651493978, 0.0]
[33.922566830279536, 0.0]
[25.12175568618294, 0.0]
[29.85648028407256, 0.0]
[30.82287466098223, 0.0]
[36.159004554866, 0.0]
[37.47443651671982, 0.0]
[37.699060349386876, 0.0]
[34.190816471251956, 0.0]
[34.61054157761876, 0.0]
[22.902902805640682, 0.0]
[23.017601641543337, 0.0]
[28.977029439923793, 0.0]
[26.340176747727487, 0.0]
[16.28517714163692, 0.0]
[21.740550055683926, 0.0]
[22.880894943911475, 0.0]
[22.16466983302621, 0.0]
[14.985610425267037, 0.0]
[17.062047806146012, 0.0]
[36.407024165621564, 0.0]
[11.229179625659377, 0.0]
[11.311870601176134, 0.0]
[18.314844671207364, 0.0]
[17.894802344270225, 0.0]
[24.184821556545497, 0.0]
[22.44092224826285, 0.0]
[33.76316372884633, 0.0]
[26.726779146471397, 0.0]
[20.704246005741346, 0.0]
[20.5474899527049, 0.0]
[22.30792999096847, 0.0]
[16.635299222660812, 0.0]
[12.009573414820382, 0.0]
[24.667850822057844, 0.0]
[14.527644955872997, 0.0]
[23.554413594006956, 0.0]
[12.326583053321283, 0.0]
[26.433723512962285, 0.0]
[23.315700506732224, 0.0]
[25.023287284705766, 0.0]
[25.33669321809559, 0.0]
[24.659711723282886, 0.0]
[18.39430685438556, 0.0]
[19.911646590098492, 0.0]
[20.85709913707984, 0.0]
[19.280117228832335, 0.0]
[25.841902526445757, 0.0]
[26.621330926870822, 0.0]
[18.935758133115474, 0.0]
[25.87348714447857, 0.0]
[15.195708490841668, 0.0]
[37.29572657762691, 0.0]
[24.962702901418258, 0.0]
[12.009275385227514, 0.0]
[18.883459886967344, 0.0]
[17.948367549387275, 0.0]
[19.334765704417027, 0.0]
[12.847393357360849, 0.0]
[12.840077858950638, 0.0]
[11.642882751743928, 0.0]
[13.010500806045965, 0.0]
[15.769838824324953, 0.0]
[13.179786842168049, 0.0]
[34.57546139260704, 0.0]
[36.23976077224768, 0.0]
[31.846499844437382, 0.0]
[31.362646673440338, 0.0]
[30.297970627314562, 0.0]
[30.75053797141551, 0.0]
[22.66674728842911, 0.0]
[12.396667638215362, 0.0]
[12.969917833547157, 0.0]
[14.767418925570865, 0.0]
[15.710831369464975, 0.0]
[14.986384371676532, 0.0]
[18.38782919166996, 0.0]
[17.20811960933608, 0.0]
[19.02263216768072, 0.0]
[17.667262564906515, 0.0]
[15.309595352492282, 0.0]
[19.265771402757366, 0.0]
[22.795922294222105, 0.0]
[11.845221334566878, 0.0]
[12.302591959539834, 0.0]
[10.678756859571905, 0.0]
[13.32427640380704, 0.0]
[15.438784499633632, 0.0]
[14.896807029523144, 0.0]
[12.55438856236365, 0.0]
[31.570235374044536, 0.0]
[20.248253051790975, 0.0]
[18.248362100513233, 0.0]
[29.55333928532825, 0.0]
[26.3413874890713, 0.0]
[10.337126765227092, 0.0]
[23.040723102273752, 0.0]
[16.2528883784097, 0.0]
[24.539306542655815, 0.0]
[26.872081826458448, 0.0]
[30.560344049970414, 0.0]
[33.361425465131724, 0.0]
[33.02060987770674, 0.0]
[26.417610584637572, 0.0]
[20.498890573465037, 0.0]
[22.53234297174916, 0.0]
[20.41015082936491, 0.0]
[21.515207105169708, 0.0]
[30.96635783841521, 0.0]
[33.943226135096, 0.0]
[23.49923581872865, 0.0]
[35.86184407473729, 0.0]
[23.38831390558855, 0.0]
[25.430497649496367, 0.0]
[29.08435206637588, 0.0]
[27.03700557027689, 0.0]
[29.011368866197003, 0.0]
[24.122166351701477, 0.0]
[28.32622014215815, 0.0]
[36.07687575009892, 0.0]
[27.81657806824723, 0.0]
[26.71096677996412, 0.0]
[31.87820378358832, 0.0]
[32.78593620484491, 0.0]
[35.3426777491884, 0.0]
[22.54051569775525, 0.0]
[26.97599648682538, 0.0]
[20.82044872818304, 0.0]
[22.151350359368315, 0.0]
[22.500010287125438, 0.0]
[25.17999818675229, 0.0]
[31.255327523016536, 0.0]
[25.42378840381168, 0.0]
[21.35179398256012, 0.0]
[19.705465754188754, 0.0]
[38.652849684229516, 0.0]
[36.498297210722995, 0.0]
[21.24609537476399, 0.0]
[28.838103366255815, 0.0]
[36.24461194052415, 0.0]
[26.353933268377112, 0.0]
[21.74595513584513, 0.0]
[35.343334789983125, 0.0]
[26.748085224441287, 0.0]
[28.269731112857883, 0.0]
[28.598267030625216, 0.0]
[33.709018230403416, 0.0]
[26.373781163870813, 0.0]
[38.9397518487181, 0.0]
[36.60987816808611, 0.0]
[34.46736141894583, 0.0]
[30.339899574364438, 0.0]
[33.587794031512814, 0.0]
[36.42472852610922, 0.0]
[29.034633235365455, 0.0]
[29.974596058639012, 0.0]
[30.55674332759868, 0.0]
[32.80203811650242, 0.0]
[32.00971298337307, 0.0]
[26.123383666741177, 0.0]
[27.925873246223627, 0.0]
[24.491802088540325, 0.0]
[18.914680256865473, 0.0]
[18.13241939637772, 0.0]
[20.796295339536933, 0.0]
[19.73097476368111, 0.0]
[20.875944580758667, 0.0]
[28.121987634268347, 0.0]
