[0.0, 0.9999843543155489, 1.5645684451154482E-5]
[0.0, 0.9999852305978717, 1.4769402128257944E-5]
[0.0, 0.9999852305978717, 1.4769402128257944E-5]
[0.0, 0.9999852305978717, 1.4769402128257944E-5]
java.lang.ArrayIndexOutOfBoundsException
java.lang.ArrayIndexOutOfBoundsException
java.lang.ArrayIndexOutOfBoundsException
[0.0, 0.9994110958557908, 5.889041442092292E-4]
[0.0, 0.9994110958557908, 5.889041442092292E-4]
[0.0, 0.9994110958557908, 5.889041442092292E-4]
[0.0, 0.9994110958557908, 5.889041442092292E-4]
[0.0, 0.9994110958557908, 5.889041442092292E-4]
[0.0, 0.9994110958557908, 5.889041442092292E-4]
[0.0, 0.9994110958557908, 5.889041442092292E-4]
[0.0, 0.9994110958557908, 5.889041442092292E-4]
[0.0, 0.9994110958557908, 5.889041442092292E-4]
[0.0, 0.9994110958557908, 5.889041442092292E-4]
[0.0, 0.9994110958557908, 5.889041442092292E-4]
[0.0, 0.9994110958557908, 5.889041442092292E-4]
[0.0, 0.9994110958557908, 5.889041442092292E-4]
[0.0, 0.9994110958557908, 5.889041442092292E-4]
[0.0, 0.9994110958557908, 5.889041442092292E-4]
[0.0, 0.9994110958557908, 5.889041442092292E-4]
[0.0, 0.9994110958557908, 5.889041442092292E-4]
[0.0, 0.9994110958557908, 5.889041442092292E-4]
[0.0, 0.9994110958557908, 5.889041442092292E-4]
[0.0, 0.9994110958557908, 5.889041442092292E-4]
java.lang.ArrayIndexOutOfBoundsException
