[0.0, 0.9992317603616704, 3.57473267698654E-4, 4.01336265061476E-4, 2.8661696255949606E-6, 3.0668297247926728E-6, 1.5783920553340269E-6, 4.6634451080962827E-7, 1.4523696528212432E-6]
[1.0, 0.1567812582619528, 0.7801572707885472, 0.06268500737097311, 2.2517743443234485E-4, 5.605267767164515E-5, 5.7015184690738244E-5, 1.9031582237684353E-5, 1.9186699494195733E-5]
[1.0, 0.04900286876309414, 0.9195711191211723, 0.031219239045809526, 1.2944372760398463E-4, 2.862997069910029E-5, 2.9357736761234775E-5, 9.713629399133816E-6, 9.628005460625308E-6]
[1.0, 0.021223241178042945, 0.9126286673946983, 0.06609786768757767, 3.148631947289755E-5, 6.962957390653953E-6, 7.024748742151837E-6, 2.360001260088457E-6, 2.3897128151868963E-6]
java.lang.ArrayIndexOutOfBoundsException
java.lang.ArrayIndexOutOfBoundsException
java.lang.ArrayIndexOutOfBoundsException
java.lang.ArrayIndexOutOfBoundsException
java.lang.ArrayIndexOutOfBoundsException
java.lang.ArrayIndexOutOfBoundsException
java.lang.ArrayIndexOutOfBoundsException
java.lang.ArrayIndexOutOfBoundsException
java.lang.ArrayIndexOutOfBoundsException
[2.0, 0.02255085349920659, 0.019633986928480524, 0.9575975227211458, 1.5973013807009468E-4, 1.794653150062907E-5, 2.863509132336231E-5, 5.6971440034623865E-6, 5.627946269478984E-6]
[2.0, 0.02255085349920659, 0.019633986928480524, 0.9575975227211458, 1.5973013807009468E-4, 1.794653150062907E-5, 2.863509132336231E-5, 5.6971440034623865E-6, 5.627946269478984E-6]
[2.0, 0.02255085349920659, 0.019633986928480524, 0.9575975227211458, 1.5973013807009468E-4, 1.794653150062907E-5, 2.863509132336231E-5, 5.6971440034623865E-6, 5.627946269478984E-6]
[2.0, 0.02255085349920659, 0.019633986928480524, 0.9575975227211458, 1.5973013807009468E-4, 1.794653150062907E-5, 2.863509132336231E-5, 5.6971440034623865E-6, 5.627946269478984E-6]
[2.0, 0.02255085349920659, 0.019633986928480524, 0.9575975227211458, 1.5973013807009468E-4, 1.794653150062907E-5, 2.863509132336231E-5, 5.6971440034623865E-6, 5.627946269478984E-6]
[2.0, 0.02255085349920659, 0.019633986928480524, 0.9575975227211458, 1.5973013807009468E-4, 1.794653150062907E-5, 2.863509132336231E-5, 5.6971440034623865E-6, 5.627946269478984E-6]
[2.0, 0.02255085349920659, 0.019633986928480524, 0.9575975227211458, 1.5973013807009468E-4, 1.794653150062907E-5, 2.863509132336231E-5, 5.6971440034623865E-6, 5.627946269478984E-6]
[2.0, 0.02255085349920659, 0.019633986928480524, 0.9575975227211458, 1.5973013807009468E-4, 1.794653150062907E-5, 2.863509132336231E-5, 5.6971440034623865E-6, 5.627946269478984E-6]
[2.0, 0.02255085349920659, 0.019633986928480524, 0.9575975227211458, 1.5973013807009468E-4, 1.794653150062907E-5, 2.863509132336231E-5, 5.6971440034623865E-6, 5.627946269478984E-6]
[2.0, 0.02255085349920659, 0.019633986928480524, 0.9575975227211458, 1.5973013807009468E-4, 1.794653150062907E-5, 2.863509132336231E-5, 5.6971440034623865E-6, 5.627946269478984E-6]
[2.0, 0.02255085349920659, 0.019633986928480524, 0.9575975227211458, 1.5973013807009468E-4, 1.794653150062907E-5, 2.863509132336231E-5, 5.6971440034623865E-6, 5.627946269478984E-6]
[2.0, 0.02255085349920659, 0.019633986928480524, 0.9575975227211458, 1.5973013807009468E-4, 1.794653150062907E-5, 2.863509132336231E-5, 5.6971440034623865E-6, 5.627946269478984E-6]
[2.0, 0.02255085349920659, 0.019633986928480524, 0.9575975227211458, 1.5973013807009468E-4, 1.794653150062907E-5, 2.863509132336231E-5, 5.6971440034623865E-6, 5.627946269478984E-6]
[2.0, 0.02255085349920659, 0.019633986928480524, 0.9575975227211458, 1.5973013807009468E-4, 1.794653150062907E-5, 2.863509132336231E-5, 5.6971440034623865E-6, 5.627946269478984E-6]
[2.0, 0.02255085349920659, 0.019633986928480524, 0.9575975227211458, 1.5973013807009468E-4, 1.794653150062907E-5, 2.863509132336231E-5, 5.6971440034623865E-6, 5.627946269478984E-6]
[2.0, 0.02255085349920659, 0.019633986928480524, 0.9575975227211458, 1.5973013807009468E-4, 1.794653150062907E-5, 2.863509132336231E-5, 5.6971440034623865E-6, 5.627946269478984E-6]
[2.0, 0.02255085349920659, 0.019633986928480524, 0.9575975227211458, 1.5973013807009468E-4, 1.794653150062907E-5, 2.863509132336231E-5, 5.6971440034623865E-6, 5.627946269478984E-6]
[2.0, 0.02255085349920659, 0.019633986928480524, 0.9575975227211458, 1.5973013807009468E-4, 1.794653150062907E-5, 2.863509132336231E-5, 5.6971440034623865E-6, 5.627946269478984E-6]
[2.0, 0.02255085349920659, 0.019633986928480524, 0.9575975227211458, 1.5973013807009468E-4, 1.794653150062907E-5, 2.863509132336231E-5, 5.6971440034623865E-6, 5.627946269478984E-6]
[2.0, 0.02255085349920659, 0.019633986928480524, 0.9575975227211458, 1.5973013807009468E-4, 1.794653150062907E-5, 2.863509132336231E-5, 5.6971440034623865E-6, 5.627946269478984E-6]
java.lang.ArrayIndexOutOfBoundsException
