[0.0, 0.9975412733317547, 3.181582158476091E-5, 0.0012243795857721012, 1.3089534259810593E-4, 0.0, 0.0, 3.0104098667597044E-5, 0.0010415318196227096]
[0.0, 0.7937244368660457, 0.13522783677156916, 0.07085577465234504, 0.0, 1.9195171004015145E-4, 0.0, 0.0, 0.0]
[0.0, 0.6959463180948375, 0.19422498269602226, 0.10982869920914022, 0.0, 0.0, 0.0, 0.0, 0.0]
[0.0, 0.80620756466699, 0.13256697940298598, 0.06114344147500621, 8.201445501778489E-5, 0.0, 0.0, 0.0, 0.0]
java.lang.ArrayIndexOutOfBoundsException
java.lang.ArrayIndexOutOfBoundsException
java.lang.ArrayIndexOutOfBoundsException
java.lang.ArrayIndexOutOfBoundsException
java.lang.ArrayIndexOutOfBoundsException
java.lang.ArrayIndexOutOfBoundsException
java.lang.ArrayIndexOutOfBoundsException
java.lang.ArrayIndexOutOfBoundsException
java.lang.ArrayIndexOutOfBoundsException
[0.0, 0.7162789513179825, 0.07350898078765283, 0.19664500215146818, 0.0027674964720533187, 0.0032343866494410635, 0.006169296581635206, 0.0011934769263147074, 2.0240911345207054E-4]
[0.0, 0.7162789513179825, 0.07350898078765283, 0.19664500215146818, 0.0027674964720533187, 0.0032343866494410635, 0.006169296581635206, 0.0011934769263147074, 2.0240911345207054E-4]
[0.0, 0.7162789513179825, 0.07350898078765283, 0.19664500215146818, 0.0027674964720533187, 0.0032343866494410635, 0.006169296581635206, 0.0011934769263147074, 2.0240911345207054E-4]
[0.0, 0.7162789513179825, 0.07350898078765283, 0.19664500215146818, 0.0027674964720533187, 0.0032343866494410635, 0.006169296581635206, 0.0011934769263147074, 2.0240911345207054E-4]
[0.0, 0.7162789513179825, 0.07350898078765283, 0.19664500215146818, 0.0027674964720533187, 0.0032343866494410635, 0.006169296581635206, 0.0011934769263147074, 2.0240911345207054E-4]
[0.0, 0.7162789513179825, 0.07350898078765283, 0.19664500215146818, 0.0027674964720533187, 0.0032343866494410635, 0.006169296581635206, 0.0011934769263147074, 2.0240911345207054E-4]
[0.0, 0.7162789513179825, 0.07350898078765283, 0.19664500215146818, 0.0027674964720533187, 0.0032343866494410635, 0.006169296581635206, 0.0011934769263147074, 2.0240911345207054E-4]
[0.0, 0.7162789513179825, 0.07350898078765283, 0.19664500215146818, 0.0027674964720533187, 0.0032343866494410635, 0.006169296581635206, 0.0011934769263147074, 2.0240911345207054E-4]
[0.0, 0.7162789513179825, 0.07350898078765283, 0.19664500215146818, 0.0027674964720533187, 0.0032343866494410635, 0.006169296581635206, 0.0011934769263147074, 2.0240911345207054E-4]
[0.0, 0.7162789513179825, 0.07350898078765283, 0.19664500215146818, 0.0027674964720533187, 0.0032343866494410635, 0.006169296581635206, 0.0011934769263147074, 2.0240911345207054E-4]
[0.0, 0.7162789513179825, 0.07350898078765283, 0.19664500215146818, 0.0027674964720533187, 0.0032343866494410635, 0.006169296581635206, 0.0011934769263147074, 2.0240911345207054E-4]
[0.0, 0.7162789513179825, 0.07350898078765283, 0.19664500215146818, 0.0027674964720533187, 0.0032343866494410635, 0.006169296581635206, 0.0011934769263147074, 2.0240911345207054E-4]
[0.0, 0.7162789513179825, 0.07350898078765283, 0.19664500215146818, 0.0027674964720533187, 0.0032343866494410635, 0.006169296581635206, 0.0011934769263147074, 2.0240911345207054E-4]
[0.0, 0.7162789513179825, 0.07350898078765283, 0.19664500215146818, 0.0027674964720533187, 0.0032343866494410635, 0.006169296581635206, 0.0011934769263147074, 2.0240911345207054E-4]
[0.0, 0.7162789513179825, 0.07350898078765283, 0.19664500215146818, 0.0027674964720533187, 0.0032343866494410635, 0.006169296581635206, 0.0011934769263147074, 2.0240911345207054E-4]
[0.0, 0.7162789513179825, 0.07350898078765283, 0.19664500215146818, 0.0027674964720533187, 0.0032343866494410635, 0.006169296581635206, 0.0011934769263147074, 2.0240911345207054E-4]
[0.0, 0.7162789513179825, 0.07350898078765283, 0.19664500215146818, 0.0027674964720533187, 0.0032343866494410635, 0.006169296581635206, 0.0011934769263147074, 2.0240911345207054E-4]
[0.0, 0.7162789513179825, 0.07350898078765283, 0.19664500215146818, 0.0027674964720533187, 0.0032343866494410635, 0.006169296581635206, 0.0011934769263147074, 2.0240911345207054E-4]
[0.0, 0.7162789513179825, 0.07350898078765283, 0.19664500215146818, 0.0027674964720533187, 0.0032343866494410635, 0.006169296581635206, 0.0011934769263147074, 2.0240911345207054E-4]
[0.0, 0.7162789513179825, 0.07350898078765283, 0.19664500215146818, 0.0027674964720533187, 0.0032343866494410635, 0.006169296581635206, 0.0011934769263147074, 2.0240911345207054E-4]
java.lang.ArrayIndexOutOfBoundsException
