[1.0, 0.003584954093355683, 0.9964144137366143, 6.321700299992532E-7]
[0.0, 0.999730097774056, 2.699022259440047E-4, 4.843026856672968E-18]
[0.0, 0.9998383915525951, 1.6160844740480192E-4, 2.9905794633372813E-30]
java.lang.ArrayIndexOutOfBoundsException
[0.0, 0.9982434290393961, 0.0017565610720809753, 9.888523031997634E-9]
[1.0, 8.175968129507497E-6, 0.9999879129834887, 3.91104838197321E-6]
[0.0, 0.9999987985543539, 1.2014447986643164E-6, 8.475576332410471E-13]
[0.0, 1.0, 0.0, 0.0]
[2.0, 0.0, 0.0, 1.0]
[2.0, 0.0, 0.0, 1.0]
[2.0, 0.0, 0.0, 1.0]
[2.0, 0.0, 0.0, 1.0]
[2.0, 0.0, 0.0, 1.0]
[2.0, 0.0, 0.0, 1.0]
[2.0, 0.0, 0.0, 1.0]
[2.0, 0.0, 0.0, 1.0]
[2.0, 0.0, 0.0, 1.0]
[2.0, 0.0, 0.0, 1.0]
[2.0, 0.0, 0.0, 1.0]
[2.0, 0.0, 0.0, 1.0]
[2.0, 0.0, 0.0, 1.0]
[2.0, 0.0, 0.0, 1.0]
[2.0, 0.0, 0.0, 1.0]
[2.0, 0.0, 0.0, 1.0]
[2.0, 0.0, 0.0, 1.0]
[2.0, 0.0, 0.0, 1.0]
[2.0, 0.0, 0.0, 1.0]
[2.0, 0.0, 0.0, 1.0]
java.lang.AssertionError
