[1.0, 0.3172706737275439, 0.6827293262724561]
[0.0, 0.6906375859748817, 0.3093624140251183]
[1.0, 0.4111684676995664, 0.5888315323004336]
[0.0, 0.749391526627126, 0.2506084733728739]
[1.0, 0.17863182620933726, 0.8213681737906627]
[1.0, 0.3513588623224686, 0.6486411376775314]
[1.0, 0.3359145256710553, 0.6640854743289447]
[1.0, 0.497483805839131, 0.502516194160869]
[1.0, 0.3640170072437413, 0.6359829927562587]
[1.0, 0.1985417820688148, 0.8014582179311852]
[0.0, 0.7608686979996486, 0.23913130200035143]
[1.0, 0.303909560790967, 0.696090439209033]
[1.0, 0.2725490636706288, 0.7274509363293712]
[1.0, 0.2978896707196128, 0.7021103292803872]
[1.0, 0.38035966482036443, 0.6196403351796356]
[1.0, 0.43034274341161294, 0.5696572565883871]
[1.0, 0.3985891057839893, 0.6014108942160107]
[1.0, 0.4289510916984308, 0.5710489083015692]
[1.0, 0.39801182330770535, 0.6019881766922947]
[1.0, 0.44470040655311316, 0.5552995934468868]
[1.0, 0.49252296525384065, 0.5074770347461594]
[0.0, 0.6489826059958822, 0.3510173940041178]
[0.0, 0.7835522383345579, 0.2164477616654421]
[0.0, 0.7816197241423827, 0.21838027585761735]
[0.0, 0.6728591159269557, 0.32714088407304426]
[1.0, 0.40177454988403527, 0.5982254501159647]
[1.0, 0.4407377991285093, 0.5592622008714907]
[1.0, 0.24964685760351735, 0.7503531423964827]
[1.0, 0.17986033353450503, 0.820139666465495]
[1.0, 0.14571407383436463, 0.8542859261656354]
[1.0, 0.15148970250362548, 0.8485102974963745]
[1.0, 0.06448490064471457, 0.9355150993552854]
[1.0, 0.06947938562956868, 0.9305206143704313]
[1.0, 0.07929544519306397, 0.920704554806936]
[1.0, 0.0932226770536354, 0.9067773229463646]
[1.0, 0.09084073450681263, 0.9091592654931874]
[1.0, 0.09084073450681263, 0.9091592654931874]
[1.0, 0.07878933756651019, 0.9212106624334898]
[1.0, 0.09713715864075678, 0.9028628413592432]
[1.0, 0.10872419875700279, 0.8912758012429972]
[1.0, 0.13033804536194016, 0.8696619546380598]
[1.0, 0.15620571274768502, 0.843794287252315]
[1.0, 0.26271540458266784, 0.7372845954173322]
[1.0, 0.21123032424532295, 0.788769675754677]
[1.0, 0.23293595546268808, 0.7670640445373119]
[1.0, 0.22988596090862945, 0.7701140390913706]
[1.0, 0.21123032424532295, 0.788769675754677]
[1.0, 0.2518015153244122, 0.7481984846755878]
[1.0, 0.25504597810594354, 0.7449540218940565]
[1.0, 0.29009197039433143, 0.7099080296056686]
[1.0, 0.2972055586014727, 0.7027944413985273]
[1.0, 0.27050972990425604, 0.729490270095744]
[1.0, 0.25136144264754157, 0.7486385573524584]
[1.0, 0.39422471068208176, 0.6057752893179182]
[1.0, 0.29938157613859206, 0.7006184238614079]
[1.0, 0.48437982902317556, 0.5156201709768244]
[1.0, 0.19125924465090105, 0.808740755349099]
[1.0, 0.3731473388369635, 0.6268526611630365]
[1.0, 0.1535817641981192, 0.8464182358018808]
[1.0, 0.3578223609966633, 0.6421776390033367]
[1.0, 0.23845631851882843, 0.7615436814811716]
[1.0, 0.24862928065072631, 0.7513707193492737]
[1.0, 0.4128828484838706, 0.5871171515161294]
[1.0, 0.20598317959180734, 0.7940168204081927]
[1.0, 0.2590788973617295, 0.7409211026382705]
[0.0, 0.6369346211017695, 0.3630653788982306]
[1.0, 0.5373070493457677, 0.4626929506542324]
[0.0, 0.625478509317154, 0.37452149068284596]
[0.0, 0.6478823264280953, 0.3521176735719047]
[1.0, 0.4682397853389092, 0.5317602146610908]
[1.0, 0.42829624885444584, 0.5717037511455542]
[1.0, 0.524236553580254, 0.47576344641974594]
[1.0, 0.2865993984151911, 0.7134006015848089]
[1.0, 0.34782003540024586, 0.6521799645997541]
[1.0, 0.3337130586814532, 0.6662869413185468]
[1.0, 0.5545034154581123, 0.4454965845418877]
[1.0, 0.5289933857703057, 0.4710066142296943]
[0.0, 0.6952146499614584, 0.30478535003854157]
[0.0, 0.7148535520883252, 0.2851464479116747]
[0.0, 0.6878991576023135, 0.3121008423976866]
[0.0, 0.6648472818180629, 0.33515271818193715]
[1.0, 0.4526649902822458, 0.5473350097177542]
[1.0, 0.48286538519613953, 0.5171346148038605]
[0.0, 0.6501113866583725, 0.3498886133416275]
[1.0, 0.4753924969086365, 0.5246075030913635]
[1.0, 0.3654346949165067, 0.6345653050834933]
[1.0, 0.4253471854478371, 0.5746528145521629]
[1.0, 0.3654346949165067, 0.6345653050834933]
[1.0, 0.418339420264777, 0.581660579735223]
[1.0, 0.5614928962440411, 0.43850710375595886]
[1.0, 0.4197219487279443, 0.5802780512720557]
[1.0, 0.4440592854966988, 0.5559407145033012]
[1.0, 0.41557822892589935, 0.5844217710741006]
[1.0, 0.39355968944627784, 0.6064403105537222]
[1.0, 0.41417258844401983, 0.5858274115559802]
[1.0, 0.4100449409968119, 0.5899550590031881]
[1.0, 0.5544346878843135, 0.4455653121156865]
[1.0, 0.4267075747489719, 0.5732924252510281]
[1.0, 0.23022829566557135, 0.7697717043344287]
[1.0, 0.381376993024377, 0.618623006975623]
[1.0, 0.46261460417145306, 0.5373853958285469]
[1.0, 0.4309077557618822, 0.5690922442381178]
[1.0, 0.3471014464313995, 0.6528985535686005]
[1.0, 0.3976599113916136, 0.6023400886083864]
[1.0, 0.3458155695270503, 0.6541844304729497]
[1.0, 0.3406696957182247, 0.6593303042817753]
[1.0, 0.394915926103351, 0.605084073896649]
[1.0, 0.25109636323589635, 0.7489036367641037]
[1.0, 0.32426777248667216, 0.6757322275133278]
[1.0, 0.40030147226736756, 0.5996985277326324]
[1.0, 0.3380982267239394, 0.6619017732760606]
[1.0, 0.42909763359188047, 0.5709023664081195]
[1.0, 0.3718853239967017, 0.6281146760032983]
[1.0, 0.28872534394851845, 0.7112746560514815]
[1.0, 0.3387522901594656, 0.6612477098405344]
[1.0, 0.37672382027237883, 0.6232761797276212]
[0.0, 0.5967309674468098, 0.40326903255319024]
[0.0, 0.6482473339827336, 0.3517526660172664]
[1.0, 0.49261405443175643, 0.5073859455682436]
[1.0, 0.5382980647128649, 0.4617019352871351]
[0.0, 0.704625340615363, 0.29537465938463703]
[0.0, 0.8072457446532453, 0.19275425534675475]
[0.0, 0.7472727119365106, 0.25272728806348943]
[0.0, 0.6389607065854387, 0.3610392934145613]
[0.0, 0.7897870113718404, 0.2102129886281596]
[0.0, 0.7599453375846701, 0.24005466241532997]
[0.0, 0.7335253637752549, 0.2664746362247451]
[0.0, 0.7318719722766114, 0.26812802772338856]
[0.0, 0.7335253637752549, 0.2664746362247451]
[0.0, 0.782106921152441, 0.2178930788475591]
[0.0, 0.7123995223981439, 0.2876004776018561]
[0.0, 0.7385485043793477, 0.2614514956206523]
[0.0, 0.6124661861288565, 0.38753381387114344]
[0.0, 0.675781601187125, 0.32421839881287495]
[0.0, 0.6219474787801866, 0.3780525212198133]
[0.0, 0.7115900948984881, 0.2884099051015119]
[0.0, 0.6149287308251808, 0.38507126917481915]
[0.0, 0.8103545936404172, 0.18964540635958282]
[0.0, 0.6625939201838416, 0.33740607981615844]
[0.0, 0.8027536005010972, 0.1972463994989028]
[0.0, 0.7579031203358318, 0.24209687966416818]
[0.0, 0.8871933535697065, 0.11280664643029348]
[0.0, 0.8557421539861741, 0.14425784601382588]
[0.0, 0.8892853436503285, 0.11071465634967151]
[0.0, 0.8835201255513395, 0.11647987444866051]
[0.0, 0.7872864510017358, 0.21271354899826422]
[0.0, 0.7271628070289844, 0.2728371929710156]
[0.0, 0.7613927938076055, 0.23860720619239445]
[0.0, 0.8055124012385442, 0.19448759876145583]
[0.0, 0.7314521858916632, 0.26854781410833684]
[0.0, 0.8133887049282698, 0.1866112950717303]
[0.0, 0.7103686094399364, 0.2896313905600636]
[0.0, 0.6685318795899939, 0.331468120410006]
[1.0, 0.4319031451027431, 0.5680968548972569]
[0.0, 0.7727536988229664, 0.22724630117703365]
[0.0, 0.5985996687337037, 0.40140033126629626]
[0.0, 0.7116253366168807, 0.28837466338311935]
[0.0, 0.6328987021863014, 0.3671012978136986]
[0.0, 0.7705996242113187, 0.22940037578868133]
[0.0, 0.7153172556880787, 0.28468274431192137]
[0.0, 0.6483395125732646, 0.3516604874267354]
[1.0, 0.47659557945593845, 0.5234044205440616]
[0.0, 0.702107543081006, 0.297892456918994]
[0.0, 0.6927254582879203, 0.30727454171207963]
[1.0, 0.5422587509445427, 0.4577412490554574]
[0.0, 0.7461209492917811, 0.2538790507082189]
[0.0, 0.654836247090274, 0.34516375290972606]
[0.0, 0.6556192767654565, 0.3443807232345435]
[0.0, 0.6683752296296904, 0.3316247703703096]
[0.0, 0.7350834662926267, 0.26491653370737334]
[0.0, 0.6536754942999019, 0.34632450570009804]
[0.0, 0.8005275359486226, 0.19947246405137736]
[0.0, 0.7216007457782183, 0.27839925422178163]
[0.0, 0.8432363792239537, 0.15676362077604628]
[0.0, 0.744979870484205, 0.25502012951579495]
[0.0, 0.7775898724863793, 0.22241012751362066]
[0.0, 0.7139157415509376, 0.28608425844906243]
[0.0, 0.6641608294531958, 0.33583917054680423]
[0.0, 0.6125471939058132, 0.38745280609418675]
[0.0, 0.8107717783495904, 0.18922822165040964]
[1.0, 0.43993735941789247, 0.5600626405821075]
[0.0, 0.6755372189502697, 0.3244627810497302]
[1.0, 0.4579674196969772, 0.5420325803030228]
[1.0, 0.47169492853462336, 0.5283050714653766]
[0.0, 0.669034881597619, 0.33096511840238096]
[1.0, 0.48750242362147544, 0.5124975763785246]
[0.0, 0.7566034295728246, 0.24339657042717544]
[0.0, 0.7187306033888894, 0.28126939661111056]
[0.0, 0.6072181643063341, 0.39278183569366587]
[1.0, 0.5104144740689989, 0.4895855259310011]
[1.0, 0.2539473777893143, 0.7460526222106857]
[1.0, 0.1356009575857816, 0.8643990424142184]
[1.0, 0.11674928891276282, 0.8832507110872372]
[1.0, 0.11972112272231117, 0.8802788772776888]
[1.0, 0.12712837512558062, 0.8728716248744194]
[1.0, 0.13493667414599142, 0.8650633258540086]
[1.0, 0.11325884378655482, 0.8867411562134452]
[1.0, 0.12275809023988171, 0.8772419097601183]
[1.0, 0.1002121798927953, 0.8997878201072047]
[1.0, 0.1498016290242774, 0.8501983709757226]
[1.0, 0.08972983896003706, 0.9102701610399629]
[1.0, 0.08475638158693588, 0.9152436184130641]
[1.0, 0.3487211679310567, 0.6512788320689433]
[1.0, 0.36843821362502693, 0.6315617863749731]
[1.0, 0.5636965090574741, 0.4363034909425259]
[1.0, 0.3829901899738827, 0.6170098100261173]
[1.0, 0.2780741486026679, 0.7219258513973321]
[1.0, 0.4898335085698735, 0.5101664914301265]
[1.0, 0.48431945757548367, 0.5156805424245163]
[0.0, 0.6842705739905153, 0.3157294260094848]
[0.0, 0.6412100770355258, 0.35878992296447415]
[1.0, 0.41180749524981186, 0.5881925047501881]
[0.0, 0.719987760991655, 0.2800122390083451]
[0.0, 0.6914585101957338, 0.30854148980426627]
[1.0, 0.5113447462056102, 0.48865525379438984]
[1.0, 0.4131514546832782, 0.5868485453167218]
[0.0, 0.758269309258294, 0.24173069074170592]
[1.0, 0.5448045705747787, 0.4551954294252213]
[0.0, 0.6600050758282692, 0.33999492417173083]
[0.0, 0.7394124129647035, 0.2605875870352965]
[1.0, 0.29552298919439535, 0.7044770108056047]
[1.0, 0.4857046509156683, 0.5142953490843317]
[0.0, 0.7682009312648229, 0.23179906873517708]
[1.0, 0.5099079155547842, 0.4900920844452158]
[1.0, 0.5232327687141057, 0.47676723128589427]
[0.0, 0.6031207427426208, 0.39687925725737916]
[1.0, 0.5113021007384553, 0.4886978992615448]
[0.0, 0.6351139958906155, 0.36488600410938454]
[1.0, 0.3005230116739641, 0.6994769883260359]
[1.0, 0.5713844514267561, 0.4286155485732439]
[0.0, 0.680886857709474, 0.31911314229052606]
[0.0, 0.8621377295810085, 0.1378622704189915]
[0.0, 0.6739079784689829, 0.32609202153101713]
[0.0, 0.8512885335699394, 0.14871146643006056]
[0.0, 0.6670990411173875, 0.3329009588826125]
[1.0, 0.46773709085136317, 0.5322629091486368]
[0.0, 0.6523722732711564, 0.34762772672884357]
[0.0, 0.7823576975670581, 0.2176423024329419]
[0.0, 0.8056853880022061, 0.19431461199779385]
[0.0, 0.6342422462595496, 0.36575775374045033]
[0.0, 0.8281368262153848, 0.1718631737846153]
[0.0, 0.8323388607250745, 0.16766113927492557]
[0.0, 0.7666631513801508, 0.23333684861984916]
[0.0, 0.8137608895503808, 0.18623911044961913]
[1.0, 0.46694274379584144, 0.5330572562041586]
[0.0, 0.7310496426087969, 0.2689503573912031]
[0.0, 0.8496220548778408, 0.15037794512215918]
[0.0, 0.7978004233065197, 0.20219957669348035]
[0.0, 0.8084144067817292, 0.19158559321827082]
[0.0, 0.6541313434323462, 0.34586865656765375]
[0.0, 0.795019984917986, 0.20498001508201402]
[0.0, 0.7635930736909434, 0.2364069263090566]
[1.0, 0.5790873704259973, 0.4209126295740027]
[0.0, 0.7389895742193331, 0.2610104257806669]
[0.0, 0.8641450095508569, 0.13585499044914306]
[0.0, 0.8280936230360285, 0.17190637696397154]
[0.0, 0.7924907065610916, 0.20750929343890845]
[0.0, 0.7114578614228625, 0.2885421385771375]
[0.0, 0.8469026349946527, 0.1530973650053473]
[0.0, 0.7122465727059726, 0.2877534272940275]
[0.0, 0.7193943161532794, 0.2806056838467205]
[0.0, 0.7469326758401753, 0.25306732415982475]
[0.0, 0.8105845982579546, 0.1894154017420454]
[0.0, 0.8266510468779604, 0.1733489531220396]
[0.0, 0.8407875117974607, 0.1592124882025393]
[1.0, 0.5112920633271503, 0.48870793667284973]
[0.0, 0.7422702980538203, 0.2577297019461797]
[0.0, 0.8827415175955596, 0.11725848240444038]
[0.0, 0.6966495777863816, 0.3033504222136184]
[0.0, 0.8358710166345027, 0.16412898336549736]
[1.0, 0.5012403902570245, 0.4987596097429755]
[0.0, 0.7567151233666187, 0.24328487663338122]
[1.0, 0.4115545032125384, 0.5884454967874616]
[1.0, 0.3727775498308661, 0.6272224501691339]
[0.0, 0.6498855408281008, 0.35011445917189915]
[0.0, 0.6914735096658875, 0.30852649033411256]
[1.0, 0.3924820735089156, 0.6075179264910844]
[0.0, 0.6804157364511703, 0.3195842635488298]
[1.0, 0.4946672759958648, 0.5053327240041352]
[1.0, 0.37267494588561634, 0.6273250541143837]
[1.0, 0.502538096368276, 0.49746190363172405]
[1.0, 0.23869099642010572, 0.7613090035798943]
[1.0, 0.2805866830265702, 0.7194133169734298]
[1.0, 0.46017237191939175, 0.5398276280806082]
[1.0, 0.578260184065913, 0.42173981593408705]
[0.0, 0.7364863088421836, 0.2635136911578165]
[1.0, 0.3477876646160539, 0.6522123353839461]
[0.0, 0.6346947682809525, 0.3653052317190475]
[1.0, 0.4140959158028805, 0.5859040841971195]
[1.0, 0.4412260918280556, 0.5587739081719444]
[1.0, 0.4744369886825086, 0.5255630113174914]
[1.0, 0.5700788114342126, 0.42992118856578737]
[0.0, 0.7487565906411182, 0.25124340935888173]
[0.0, 0.7752164190763162, 0.22478358092368372]
[1.0, 0.4433691805642396, 0.5566308194357604]
[1.0, 0.422517938257723, 0.577482061742277]
[0.0, 0.6914128235620767, 0.30858717643792327]
[0.0, 0.7168132737811609, 0.2831867262188391]
[0.0, 0.5991552503906972, 0.40084474960930283]
[1.0, 0.4315050376715517, 0.5684949623284483]
[1.0, 0.5698717786401198, 0.43012822135988016]
[1.0, 0.5704413885836404, 0.4295586114163597]
[0.0, 0.7045826657924965, 0.29541733420750343]
[1.0, 0.5712632587409274, 0.42873674125907263]
[1.0, 0.5716319188611041, 0.42836808113889585]
[0.0, 0.6278837271547395, 0.3721162728452605]
[0.0, 0.6588877284547544, 0.3411122715452456]
[1.0, 0.40581860098873945, 0.5941813990112605]
[1.0, 0.534607853212351, 0.46539214678764895]
[1.0, 0.34552355634156784, 0.6544764436584322]
[1.0, 0.33799774602677035, 0.6620022539732296]
[1.0, 0.12523759905655418, 0.8747624009434458]
[1.0, 0.09756849892679398, 0.902431501073206]
[1.0, 0.08073893734486692, 0.9192610626551331]
[1.0, 0.09343090360238249, 0.9065690963976175]
[1.0, 0.059667692018343765, 0.9403323079816562]
[1.0, 0.18767075114663123, 0.8123292488533688]
[1.0, 0.16023273096393076, 0.8397672690360692]
[1.0, 0.10107448450171297, 0.898925515498287]
[1.0, 0.16635488638538776, 0.8336451136146122]
[1.0, 0.20356001894991682, 0.7964399810500832]
[1.0, 0.1471031351962473, 0.8528968648037527]
[1.0, 0.1405689409041515, 0.8594310590958485]
[1.0, 0.0743650999734119, 0.9256349000265881]
[1.0, 0.18535471752389598, 0.814645282476104]
[1.0, 0.4692298762335314, 0.5307701237664686]
[1.0, 0.26388690007149396, 0.736113099928506]
[1.0, 0.3407289022013479, 0.6592710977986521]
[1.0, 0.2133403536695706, 0.7866596463304294]
[1.0, 0.548806905280331, 0.4511930947196689]
[1.0, 0.46762070574731374, 0.5323792942526863]
[1.0, 0.36885922645503477, 0.6311407735449652]
[1.0, 0.40548644083461727, 0.5945135591653827]
[1.0, 0.3945917977659248, 0.6054082022340752]
[1.0, 0.4678901146500497, 0.5321098853499503]
[1.0, 0.3972460827815265, 0.6027539172184735]
[1.0, 0.49070231035797174, 0.5092976896420283]
[0.0, 0.6531818186823113, 0.34681818131768877]
[1.0, 0.5175048859617768, 0.48249511403822315]
[0.0, 0.7272654933126858, 0.27273450668731425]
[1.0, 0.5794464087916614, 0.4205535912083386]
[1.0, 0.24645306667236244, 0.7535469333276376]
[1.0, 0.40190711201143936, 0.5980928879885606]
[1.0, 0.4231122371328807, 0.5768877628671193]
[1.0, 0.2235033594078918, 0.7764966405921082]
[1.0, 0.5578821000764347, 0.44211789992356526]
[1.0, 0.3300015394488922, 0.6699984605511078]
[1.0, 0.1718259862320517, 0.8281740137679483]
[0.0, 0.60404188880231, 0.39595811119769]
[0.0, 0.6933677498853901, 0.30663225011461]
[1.0, 0.5171241968334312, 0.4828758031665688]
[1.0, 0.5108573659398392, 0.4891426340601608]
[1.0, 0.4538937450298176, 0.5461062549701824]
[1.0, 0.49240954794521763, 0.5075904520547824]
[1.0, 0.4882040540060921, 0.5117959459939079]
[0.0, 0.6599397363582289, 0.34006026364177105]
[0.0, 0.6994937507496791, 0.3005062492503209]
[1.0, 0.5376126304040881, 0.46238736959591187]
[0.0, 0.6348732512416584, 0.36512674875834156]
[0.0, 0.665314183893403, 0.334685816106597]
[1.0, 0.4028405627878445, 0.5971594372121555]
[0.0, 0.6307584277489234, 0.36924157225107657]
[1.0, 0.3721248225564445, 0.6278751774435555]
[0.0, 0.7178444945577958, 0.2821555054422042]
[1.0, 0.5479596595544968, 0.45204034044550323]
[1.0, 0.4556391923269886, 0.5443608076730114]
[1.0, 0.3729066254411413, 0.6270933745588587]
[1.0, 0.3880681262515654, 0.6119318737484346]
[1.0, 0.5228599401374789, 0.4771400598625211]
[0.0, 0.7193948519474911, 0.28060514805250897]
[0.0, 0.8046933933492133, 0.1953066066507867]
[1.0, 0.5419049482752991, 0.45809505172470094]
[1.0, 0.514252370676818, 0.48574762932318205]
[1.0, 0.4559366742867198, 0.5440633257132802]
[1.0, 0.47441269436100053, 0.5255873056389995]
[1.0, 0.43197142914060704, 0.568028570859393]
[1.0, 0.45312064359931525, 0.5468793564006847]
[0.0, 0.7456192891331324, 0.2543807108668677]
[1.0, 0.5610260422019417, 0.4389739577980582]
[1.0, 0.3926169503847651, 0.6073830496152349]
[1.0, 0.581992537146524, 0.418007462853476]
[0.0, 0.7499246878766402, 0.25007531212335976]
[0.0, 0.7423530373901737, 0.2576469626098263]
[0.0, 0.7652501610380716, 0.23474983896192836]
[0.0, 0.7683167324827258, 0.2316832675172742]
[0.0, 0.7441296996220101, 0.25587030037798986]
[0.0, 0.7646172954028507, 0.23538270459714927]
[0.0, 0.8120600821735275, 0.18793991782647243]
[0.0, 0.6832648433831667, 0.3167351566168332]
[0.0, 0.845441187971147, 0.15455881202885308]
[1.0, 0.5838522754659359, 0.4161477245340641]
[0.0, 0.8233783491901212, 0.17662165080987877]
[0.0, 0.8624812704665666, 0.1375187295334334]
[0.0, 0.6380186366904566, 0.3619813633095435]
[0.0, 0.7065294434003033, 0.2934705565996967]
[0.0, 0.6961171015126357, 0.3038828984873642]
[0.0, 0.672317590894487, 0.327682409105513]
[0.0, 0.6420422494429543, 0.35795775055704565]
[1.0, 0.5800208698443157, 0.4199791301556844]
[1.0, 0.5855712019759627, 0.41442879802403737]
[1.0, 0.4945830655942688, 0.5054169344057312]
[1.0, 0.5475342431150867, 0.45246575688491336]
[1.0, 0.2818804409890381, 0.7181195590109619]
[1.0, 0.48928311858467555, 0.5107168814153245]
[1.0, 0.4736051452827683, 0.5263948547172317]
[1.0, 0.4768660481601984, 0.5231339518398016]
[0.0, 0.5993628747570148, 0.4006371252429852]
[1.0, 0.44086901835266035, 0.5591309816473397]
[1.0, 0.36352354238328277, 0.6364764576167172]
[1.0, 0.49702293146221943, 0.5029770685377806]
[1.0, 0.37326302632479347, 0.6267369736752065]
[1.0, 0.49435541305083863, 0.5056445869491614]
[0.0, 0.6511601948794946, 0.3488398051205054]
[0.0, 0.7852527757729623, 0.2147472242270377]
[1.0, 0.46016252411391123, 0.5398374758860888]
[0.0, 0.6704800523163192, 0.3295199476836807]
[0.0, 0.7029617543093882, 0.2970382456906117]
[0.0, 0.714520804229454, 0.28547919577054603]
[0.0, 0.6408535885298328, 0.35914641147016724]
[1.0, 0.4028002323922867, 0.5971997676077133]
[0.0, 0.7010201222120941, 0.2989798777879059]
[0.0, 0.7784457135767506, 0.2215542864232493]
[1.0, 0.47216180409477104, 0.527838195905229]
[0.0, 0.6557754680713582, 0.3442245319286418]
[0.0, 0.8101505294373631, 0.18984947056263693]
[1.0, 0.4750211586693275, 0.5249788413306725]
[0.0, 0.7544793585830025, 0.24552064141699753]
[0.0, 0.7361371185014967, 0.2638628814985033]
[0.0, 0.7848535039014508, 0.2151464960985492]
[0.0, 0.642230217119399, 0.3577697828806011]
[0.0, 0.7985122617929502, 0.20148773820704977]
[0.0, 0.7566583603735191, 0.2433416396264809]
[0.0, 0.7492224107560622, 0.2507775892439378]
[0.0, 0.7438284041266292, 0.2561715958733708]
[1.0, 0.5531860886591788, 0.44681391134082116]
[0.0, 0.6931676861736884, 0.30683231382631154]
[1.0, 0.5376159623303496, 0.46238403766965047]
[1.0, 0.5497869104896493, 0.4502130895103507]
[1.0, 0.4446429425798586, 0.5553570574201414]
[0.0, 0.6718012781404583, 0.3281987218595417]
[0.0, 0.7803800591073516, 0.21961994089264836]
[1.0, 0.5714363677954297, 0.4285636322045702]
[0.0, 0.6760875747033395, 0.3239124252966606]
[0.0, 0.7605468986732478, 0.23945310132675218]
[0.0, 0.8351051744632115, 0.16489482553678844]
[0.0, 0.774259495505554, 0.2257405044944461]
[0.0, 0.8205057021480857, 0.17949429785191426]
[0.0, 0.6105863153756546, 0.3894136846243454]
[1.0, 0.5928152476549702, 0.4071847523450298]
[0.0, 0.6053728778447928, 0.39462712215520723]
[0.0, 0.8263179715414248, 0.1736820284585752]
[0.0, 0.6269638190988475, 0.37303618090115254]
[0.0, 0.6094355994527, 0.3905644005473]
[0.0, 0.6956978906484166, 0.30430210935158347]
[0.0, 0.6615856115273131, 0.33841438847268696]
[0.0, 0.6735952723874927, 0.3264047276125072]
[0.0, 0.8505064087836013, 0.1494935912163987]
[1.0, 0.5544906365283919, 0.445509363471608]
[0.0, 0.6636668899228033, 0.3363331100771967]
[0.0, 0.8220891540288521, 0.17791084597114792]
[1.0, 0.5775715408255901, 0.4224284591744099]
[0.0, 0.6562661351834695, 0.34373386481653045]
[0.0, 0.7279345003409254, 0.2720654996590746]
[0.0, 0.7536210213788225, 0.24637897862117755]
[0.0, 0.6365998658900127, 0.3634001341099873]
[0.0, 0.7536210213788225, 0.24637897862117755]
[0.0, 0.6507991392746496, 0.3492008607253504]
[0.0, 0.6549587523170919, 0.34504124768290806]
[0.0, 0.8192232217395937, 0.18077677826040628]
[0.0, 0.6588237367264467, 0.3411762632735534]
[0.0, 0.7381660317767414, 0.26183396822325855]
[1.0, 0.4086449296284682, 0.5913550703715318]
[0.0, 0.6682323882195553, 0.3317676117804447]
[0.0, 0.7129320373580615, 0.28706796264193846]
[0.0, 0.6234523581140003, 0.3765476418859996]
[0.0, 0.6420030245677055, 0.3579969754322945]
[1.0, 0.5838341902481854, 0.41616580975181455]
[1.0, 0.42531890161228014, 0.5746810983877199]
[1.0, 0.2342987555311662, 0.7657012444688338]
[1.0, 0.3653305740835918, 0.6346694259164082]
[1.0, 0.17665999785031894, 0.8233400021496811]
[1.0, 0.3019956136564951, 0.6980043863435049]
[1.0, 0.1710555303679342, 0.8289444696320658]
[1.0, 0.12239604635743173, 0.8776039536425683]
[1.0, 0.2260222599662246, 0.7739777400337754]
[1.0, 0.16613041164486808, 0.8338695883551319]
[1.0, 0.10100386436972675, 0.8989961356302733]
[1.0, 0.2786690367571334, 0.7213309632428666]
[1.0, 0.2955454545594852, 0.7044545454405148]
[1.0, 0.29436446108257985, 0.7056355389174201]
[1.0, 0.32740039316888736, 0.6725996068311126]
[1.0, 0.17539199843048514, 0.8246080015695149]
[1.0, 0.32487973131978654, 0.6751202686802135]
[1.0, 0.2071945664217194, 0.7928054335782806]
[1.0, 0.288800485279734, 0.711199514720266]
[1.0, 0.16990957558759923, 0.8300904244124008]
[0.0, 0.6809209574429134, 0.31907904255708663]
[1.0, 0.2529561294031709, 0.7470438705968291]
[1.0, 0.279612172391965, 0.720387827608035]
[1.0, 0.4437341248578208, 0.5562658751421792]
[1.0, 0.2262513646683567, 0.7737486353316433]
[1.0, 0.5113598180562104, 0.4886401819437896]
[1.0, 0.26045367475370507, 0.7395463252462949]
[1.0, 0.17282839043263043, 0.8271716095673696]
[1.0, 0.4311768571172214, 0.5688231428827786]
[1.0, 0.3403921632766056, 0.6596078367233944]
[1.0, 0.5570597371332563, 0.4429402628667437]
[0.0, 0.6199940050668467, 0.3800059949331534]
[1.0, 0.40915160857638977, 0.5908483914236102]
[0.0, 0.6957738711573866, 0.3042261288426133]
[0.0, 0.788631857839736, 0.21136814216026403]
[1.0, 0.5496192097068968, 0.45038079029310313]
[1.0, 0.40306143700285424, 0.5969385629971458]
[1.0, 0.5722472749389126, 0.4277527250610874]
[1.0, 0.24857637536492383, 0.7514236246350762]
[1.0, 0.5009912107530257, 0.49900878924697434]
[1.0, 0.5384283377033342, 0.4615716622966658]
[1.0, 0.4127159135290338, 0.5872840864709662]
[0.0, 0.672317590894487, 0.327682409105513]
[1.0, 0.34910007781749497, 0.650899922182505]
[0.0, 0.7028454889544657, 0.2971545110455343]
[1.0, 0.4644252395034153, 0.5355747604965847]
[0.0, 0.6410360496011321, 0.35896395039886786]
[1.0, 0.2641654511097188, 0.7358345488902812]
[1.0, 0.23667591223808038, 0.7633240877619196]
[1.0, 0.22572489792217265, 0.7742751020778273]
[1.0, 0.29381079105340646, 0.7061892089465935]
[1.0, 0.3351547676760036, 0.6648452323239964]
[1.0, 0.29263384980240403, 0.707366150197596]
[1.0, 0.3634238686163226, 0.6365761313836774]
[1.0, 0.3012795312540415, 0.6987204687459585]
[1.0, 0.14153440101190873, 0.8584655989880913]
[1.0, 0.12690902517813807, 0.8730909748218619]
[1.0, 0.4233119077200652, 0.5766880922799348]
[1.0, 0.2508224884771486, 0.7491775115228514]
[1.0, 0.29375791631514225, 0.7062420836848577]
[1.0, 0.3833946605763109, 0.6166053394236891]
[1.0, 0.44004336124959564, 0.5599566387504044]
[1.0, 0.2765428128640245, 0.7234571871359755]
[1.0, 0.340147388135543, 0.659852611864457]
[1.0, 0.5063314071555836, 0.4936685928444165]
[1.0, 0.2565833544302967, 0.7434166455697033]
[1.0, 0.527425071915339, 0.4725749280846609]
[1.0, 0.5430466857382719, 0.4569533142617282]
[1.0, 0.22298613573243398, 0.777013864267566]
[1.0, 0.5850801678565833, 0.4149198321434166]
[1.0, 0.575343713887638, 0.42465628611236195]
[1.0, 0.39068189491041605, 0.609318105089584]
[1.0, 0.5589309315358473, 0.44106906846415267]
[0.0, 0.7970533665531372, 0.20294663344686284]
[1.0, 0.5500587143521404, 0.4499412856478596]
[1.0, 0.5659463177261967, 0.4340536822738033]
[1.0, 0.5220415446074287, 0.4779584553925713]
[1.0, 0.4390527905516828, 0.5609472094483172]
[0.0, 0.598342163167578, 0.401657836832422]
[1.0, 0.22769134717603778, 0.7723086528239622]
[1.0, 0.4503263817174996, 0.5496736182825004]
[1.0, 0.3659132351654014, 0.6340867648345986]
[1.0, 0.4616512138793665, 0.5383487861206335]
[1.0, 0.5489311105466658, 0.45106888945333423]
[1.0, 0.5456881776451643, 0.45431182235483575]
[1.0, 0.5659463177261967, 0.4340536822738033]
[1.0, 0.43483387964449827, 0.5651661203555017]
[1.0, 0.5823202246195459, 0.4176797753804541]
[0.0, 0.8111166185070058, 0.18888338149299427]
[1.0, 0.4864337347311044, 0.5135662652688956]
[0.0, 0.762241053726307, 0.237758946273693]
[1.0, 0.5464332321782888, 0.4535667678217112]
[1.0, 0.4875614434057184, 0.5124385565942816]
[1.0, 0.4094238703121891, 0.5905761296878109]
[1.0, 0.4116833247033139, 0.5883166752966861]
[1.0, 0.5103026749539654, 0.4896973250460346]
[1.0, 0.2764237033758111, 0.7235762966241889]
[1.0, 0.5363145140406211, 0.4636854859593788]
[1.0, 0.4847241091390684, 0.5152758908609316]
[1.0, 0.4577060018186715, 0.5422939981813285]
[1.0, 0.5359117470158423, 0.4640882529841577]
[1.0, 0.21593718810504492, 0.7840628118949551]
[1.0, 0.4097654135063675, 0.5902345864936325]
[1.0, 0.22150145456640813, 0.7784985454335919]
[1.0, 0.2149772295912502, 0.7850227704087498]
[1.0, 0.2286995190558876, 0.7713004809441124]
[1.0, 0.21682544150108785, 0.7831745584989122]
[1.0, 0.5277756993768359, 0.4722243006231642]
[1.0, 0.2042862098817554, 0.7957137901182446]
[1.0, 0.5347646666412569, 0.4652353333587431]
[1.0, 0.4295149866063994, 0.5704850133936006]
[1.0, 0.2449035721295597, 0.7550964278704403]
[1.0, 0.2256886743509532, 0.7743113256490468]
[1.0, 0.37351505660644546, 0.6264849433935545]
[1.0, 0.48414620113400764, 0.5158537988659924]
[1.0, 0.45982077460679394, 0.5401792253932061]
[1.0, 0.5229859896093232, 0.4770140103906768]
[0.0, 0.7229227167617973, 0.2770772832382027]
[1.0, 0.4361477323840698, 0.5638522676159302]
[1.0, 0.22737002793976957, 0.7726299720602304]
[1.0, 0.1874669281682506, 0.8125330718317494]
[1.0, 0.5063961992592807, 0.49360380074071936]
[1.0, 0.40674103800564276, 0.5932589619943572]
[1.0, 0.35221489194941713, 0.6477851080505829]
[1.0, 0.2756890964009019, 0.7243109035990981]
[1.0, 0.16747477936278954, 0.8325252206372105]
[1.0, 0.35259077449901066, 0.6474092255009893]
[0.0, 0.7596381580607532, 0.24036184193924687]
[1.0, 0.2828292493396307, 0.7171707506603693]
[1.0, 0.42525793675791257, 0.5747420632420874]
[1.0, 0.19184787293401762, 0.8081521270659824]
[1.0, 0.36283440650142473, 0.6371655934985753]
[1.0, 0.377326893972427, 0.622673106027573]
[1.0, 0.2586563494715096, 0.7413436505284904]
[1.0, 0.5373288182810286, 0.46267118171897137]
[1.0, 0.30973813280977136, 0.6902618671902286]
[1.0, 0.21474209415000656, 0.7852579058499934]
[1.0, 0.37982114530074773, 0.6201788546992523]
[1.0, 0.4803554531329369, 0.5196445468670631]
[1.0, 0.49034054488473466, 0.5096594551152653]
[1.0, 0.4030827818594721, 0.5969172181405279]
[1.0, 0.28865340941326234, 0.7113465905867377]
[1.0, 0.27659540723630094, 0.7234045927636991]
[1.0, 0.33220715183729166, 0.6677928481627083]
[1.0, 0.4899575913447872, 0.5100424086552128]
[1.0, 0.4624795296117584, 0.5375204703882416]
[1.0, 0.5719763762983713, 0.4280236237016287]
[1.0, 0.4645542822927283, 0.5354457177072717]
[1.0, 0.5850381716836585, 0.41496182831634154]
[1.0, 0.5543652025596302, 0.4456347974403698]
[1.0, 0.5534955309202958, 0.44650446907970415]
[1.0, 0.45627083073355323, 0.5437291692664468]
[1.0, 0.4759548929338254, 0.5240451070661746]
[1.0, 0.5458773300178329, 0.4541226699821671]
[1.0, 0.5711062474821577, 0.42889375251784234]
[0.0, 0.7287026570768886, 0.2712973429231113]
[0.0, 0.7683586982368886, 0.23164130176311137]
[0.0, 0.6684368738510746, 0.3315631261489254]
[0.0, 0.7168044281519079, 0.28319557184809213]
[0.0, 0.7803420151985427, 0.2196579848014572]
[1.0, 0.47226152457814163, 0.5277384754218584]
[0.0, 0.6467683833215634, 0.35323161667843667]
[0.0, 0.6388940622997159, 0.3611059377002841]
[0.0, 0.744258435764196, 0.25574156423580396]
[0.0, 0.7144755259211544, 0.2855244740788457]
[0.0, 0.7086018085666468, 0.29139819143335316]
[1.0, 0.36946164942051585, 0.6305383505794842]
[0.0, 0.6397628057524345, 0.3602371942475655]
[1.0, 0.5746729763905636, 0.42532702360943647]
[0.0, 0.7555546190971995, 0.24444538090280052]
[1.0, 0.3902858306231084, 0.6097141693768916]
[0.0, 0.6884481798900346, 0.31155182010996535]
[0.0, 0.6741608937758448, 0.3258391062241553]
[0.0, 0.6993508314785672, 0.30064916852143275]
[0.0, 0.7919275656572771, 0.20807243434272293]
[0.0, 0.7852635008922324, 0.21473649910776754]
[0.0, 0.7919275656572771, 0.20807243434272293]
[0.0, 0.7158890867019976, 0.28411091329800237]
[0.0, 0.7388377138362292, 0.26116228616377085]
[1.0, 0.5166859051132633, 0.48331409488673666]
[0.0, 0.7205314775141558, 0.27946852248584414]
[1.0, 0.42911804145925303, 0.570881958540747]
[1.0, 0.4417642610622785, 0.5582357389377215]
[0.0, 0.7735291281964833, 0.22647087180351672]
[0.0, 0.6900295673966972, 0.3099704326033028]
[0.0, 0.703427030202586, 0.296572969797414]
[0.0, 0.6289126978911346, 0.3710873021088654]
[0.0, 0.6896649575326403, 0.31033504246735966]
[1.0, 0.556524775430719, 0.443475224569281]
[0.0, 0.7964457933600638, 0.20355420663993617]
[1.0, 0.3638326836841127, 0.6361673163158873]
[0.0, 0.7296316465725208, 0.27036835342747917]
[0.0, 0.6753039394981399, 0.32469606050186006]
[1.0, 0.341003960178377, 0.658996039821623]
[1.0, 0.3845185589177589, 0.6154814410822411]
[0.0, 0.6445708469044988, 0.35542915309550116]
[0.0, 0.741534411961492, 0.25846558803850805]
[0.0, 0.7268276628195491, 0.27317233718045086]
[0.0, 0.6600274112965562, 0.3399725887034438]
[0.0, 0.7346543347178124, 0.2653456652821876]
[1.0, 0.5182761025330178, 0.4817238974669822]
[1.0, 0.4685170386847034, 0.5314829613152966]
[0.0, 0.8184991481044883, 0.18150085189551168]
[0.0, 0.811502170653044, 0.18849782934695603]
[0.0, 0.853951648469936, 0.14604835153006404]
[0.0, 0.8694162917808942, 0.13058370821910578]
[0.0, 0.8648744554796927, 0.13512554452030734]
[0.0, 0.8580451316464629, 0.14195486835353707]
[1.0, 0.5618543476935807, 0.43814565230641933]
[0.0, 0.803496467641313, 0.19650353235868706]
[0.0, 0.6134061736993539, 0.38659382630064604]
[1.0, 0.46441111547149916, 0.5355888845285008]
[1.0, 0.5221822146603137, 0.4778177853396863]
[0.0, 0.5942189937581995, 0.40578100624180047]
[1.0, 0.43430990409626613, 0.5656900959037339]
[0.0, 0.656718060646139, 0.343281939353861]
[1.0, 0.5412111862598465, 0.4587888137401535]
[1.0, 0.4713771216928687, 0.5286228783071313]
[0.0, 0.8006292243863082, 0.1993707756136917]
[0.0, 0.740751669293366, 0.259248330706634]
[0.0, 0.6415771955018497, 0.35842280449815034]
[1.0, 0.2776694712091987, 0.7223305287908013]
[0.0, 0.6967808333370119, 0.3032191666629881]
[1.0, 0.467265083671794, 0.532734916328206]
[1.0, 0.5559917572186381, 0.4440082427813618]
[1.0, 0.5127648867690753, 0.4872351132309248]
[0.0, 0.7670217369956385, 0.23297826300436159]
[0.0, 0.6795015989181231, 0.3204984010818769]
[0.0, 0.775080626172606, 0.224919373827394]
[1.0, 0.4430319802696201, 0.5569680197303799]
[1.0, 0.5513576638476105, 0.44864233615238946]
[0.0, 0.7592978451422153, 0.2407021548577847]
[0.0, 0.7255355653613533, 0.2744644346386467]
[0.0, 0.7840917950458639, 0.21590820495413615]
[0.0, 0.8002774206697182, 0.19972257933028184]
[1.0, 0.41306382340634074, 0.5869361765936593]
[1.0, 0.34408944371432093, 0.6559105562856791]
[0.0, 0.6354966441680687, 0.3645033558319312]
[1.0, 0.3718630491204683, 0.6281369508795317]
[1.0, 0.4825561394418795, 0.5174438605581205]
[1.0, 0.5541655604535958, 0.4458344395464043]
[0.0, 0.6803351210745319, 0.31966487892546813]
[0.0, 0.7534040888741617, 0.24659591112583834]
[0.0, 0.8642018239987908, 0.13579817600120922]
[0.0, 0.7448030620885174, 0.25519693791148257]
[0.0, 0.8572781548198372, 0.1427218451801629]
[0.0, 0.8221723923113843, 0.17782760768861572]
[1.0, 0.4819891618651817, 0.5180108381348183]
[0.0, 0.8757829640081157, 0.12421703599188424]
[0.0, 0.8443204580922775, 0.15567954190772246]
[1.0, 0.5829669468559296, 0.41703305314407035]
[0.0, 0.8788509390313838, 0.12114906096861619]
[0.0, 0.7829063567731556, 0.21709364322684443]
[0.0, 0.7794070692703091, 0.2205929307296909]
[0.0, 0.6773300011549173, 0.32266999884508274]
[0.0, 0.6403876507807436, 0.3596123492192565]
[0.0, 0.6244698859521642, 0.37553011404783576]
[1.0, 0.5435974591497537, 0.4564025408502463]
[0.0, 0.6367008150783093, 0.36329918492169067]
[0.0, 0.6178137764514204, 0.3821862235485795]
[1.0, 0.4972733063957845, 0.5027266936042155]
[1.0, 0.5928152476549702, 0.4071847523450298]
[1.0, 0.5553306495809107, 0.44466935041908934]
[0.0, 0.6255426844949245, 0.37445731550507555]
[1.0, 0.5312700190744253, 0.4687299809255748]
[0.0, 0.6473250103464485, 0.35267498965355154]
[1.0, 0.4732442721032808, 0.5267557278967192]
[0.0, 0.6728591159269557, 0.32714088407304426]
[0.0, 0.6588877284547544, 0.3411122715452456]
[0.0, 0.6287960485123604, 0.3712039514876396]
[1.0, 0.5866182349325906, 0.4133817650674094]
[1.0, 0.590770428163748, 0.40922957183625197]
[1.0, 0.5713102980493416, 0.4286897019506583]
[1.0, 0.5417205317704996, 0.45827946822950033]
[1.0, 0.3341714044214763, 0.6658285955785237]
[1.0, 0.4072742902623282, 0.5927257097376718]
[1.0, 0.3203460854604271, 0.6796539145395729]
[1.0, 0.3640157862515663, 0.6359842137484337]
[1.0, 0.24644835566305823, 0.7535516443369418]
[1.0, 0.35744220313767827, 0.6425577968623217]
[1.0, 0.2432775469860291, 0.7567224530139709]
[1.0, 0.4432704377328681, 0.5567295622671319]
[1.0, 0.4827674371871814, 0.5172325628128186]
[1.0, 0.5738244251473091, 0.42617557485269086]
[1.0, 0.37594061454000727, 0.6240593854599927]
[1.0, 0.46572382914645283, 0.5342761708535472]
[1.0, 0.26049987253254625, 0.7395001274674537]
[1.0, 0.49157618546132553, 0.5084238145386745]
[1.0, 0.3635400126104962, 0.6364599873895038]
[1.0, 0.3922060896677031, 0.6077939103322969]
[1.0, 0.27050972990425604, 0.729490270095744]
[1.0, 0.27050972990425604, 0.729490270095744]
[1.0, 0.452348660111073, 0.547651339888927]
[1.0, 0.501328858812558, 0.49867114118744205]
[1.0, 0.39716862806742126, 0.6028313719325787]
[1.0, 0.4303774486870312, 0.5696225513129688]
[1.0, 0.39442581293722634, 0.6055741870627737]
[1.0, 0.428985769259541, 0.571014230740459]
[1.0, 0.41452885417234353, 0.5854711458276565]
[1.0, 0.4282507047523626, 0.5717492952476374]
[1.0, 0.29602071896543525, 0.7039792810345648]
[1.0, 0.3068291650667849, 0.6931708349332151]
[1.0, 0.2693905215022686, 0.7306094784977314]
[1.0, 0.2898930078213886, 0.7101069921786114]
[1.0, 0.2750601128171587, 0.7249398871828413]
[1.0, 0.5877317922628699, 0.41226820773713013]
[0.0, 0.8396937808072263, 0.16030621919277363]
[1.0, 0.5406472990677627, 0.4593527009322373]
[1.0, 0.5298267808137762, 0.47017321918622373]
[0.0, 0.7047018855376819, 0.29529811446231813]
[1.0, 0.20045997587589126, 0.7995400241241087]
[0.0, 0.7545204727042011, 0.24547952729579892]
[0.0, 0.6112342217283897, 0.38876577827161035]
[0.0, 0.612997448701034, 0.387002551298966]
[0.0, 0.8431697257254709, 0.15683027427452917]
[0.0, 0.8766769597027431, 0.12332304029725688]
[0.0, 0.6228075554799815, 0.3771924445200186]
[0.0, 0.69155821617504, 0.30844178382496]
[0.0, 0.709436373247278, 0.29056362675272196]
[1.0, 0.4340558319897815, 0.5659441680102185]
[1.0, 0.4312678194383185, 0.5687321805616815]
[0.0, 0.6800476249336406, 0.31995237506635943]
[0.0, 0.7030783716802594, 0.29692162831974056]
[0.0, 0.7475430000091049, 0.2524569999908951]
[0.0, 0.7646167125206176, 0.23538328747938247]
[0.0, 0.8334833346572861, 0.16651666534271392]
[0.0, 0.8824393488770801, 0.11756065112291991]
[0.0, 0.7978970891408247, 0.20210291085917534]
[0.0, 0.8144740219981214, 0.18552597800187867]
[1.0, 0.4806451471769707, 0.5193548528230293]
[0.0, 0.6908597520082227, 0.30914024799177736]
[0.0, 0.6061419756535686, 0.3938580243464314]
[0.0, 0.76768904676266, 0.23231095323734]
[0.0, 0.6520886492763278, 0.3479113507236722]
[1.0, 0.4864211998056588, 0.5135788001943412]
[0.0, 0.8214771987762065, 0.1785228012237935]
[0.0, 0.7628426788463425, 0.23715732115365756]
[0.0, 0.8093290587551136, 0.19067094124488643]
[0.0, 0.8227873110815986, 0.1772126889184014]
[0.0, 0.7646167125206176, 0.23538328747938247]
[0.0, 0.7748246988656522, 0.22517530113434786]
[0.0, 0.7594475119685036, 0.24055248803149645]
[1.0, 0.581197196820357, 0.418802803179643]
[0.0, 0.6037873130955302, 0.39621268690446976]
[0.0, 0.8434939425553324, 0.1565060574446676]
[0.0, 0.739080373541299, 0.260919626458701]
[0.0, 0.8461648465618876, 0.15383515343811244]
[0.0, 0.6021123589153796, 0.39788764108462044]
[0.0, 0.6427717520622196, 0.35722824793778035]
[0.0, 0.8562517192980126, 0.14374828070198745]
[1.0, 0.5861338260564526, 0.41386617394354736]
[1.0, 0.4822272003618179, 0.5177727996381821]
[1.0, 0.48078158227893586, 0.5192184177210641]
[0.0, 0.6821937459827767, 0.31780625401722334]
[0.0, 0.7098172409035612, 0.29018275909643876]
[0.0, 0.6454653572352849, 0.3545346427647152]
[1.0, 0.4517804471843413, 0.5482195528156587]
[1.0, 0.47164857706545416, 0.5283514229345458]
[1.0, 0.4773405491553261, 0.5226594508446739]
[0.0, 0.6324519221334338, 0.3675480778665662]
[1.0, 0.5524605725687812, 0.4475394274312187]
[1.0, 0.5326199449829434, 0.46738005501705665]
[1.0, 0.505523619775393, 0.494476380224607]
[0.0, 0.6391313203435216, 0.3608686796564784]
[0.0, 0.688705789184286, 0.311294210815714]
[0.0, 0.6227230455097682, 0.3772769544902318]
[0.0, 0.8183134298975887, 0.18168657010241135]
[0.0, 0.8569581270439577, 0.14304187295604232]
[0.0, 0.6450569900167817, 0.3549430099832182]
[0.0, 0.6157331804466843, 0.38426681955331565]
[0.0, 0.6319736331423733, 0.36802636685762663]
[0.0, 0.6313407431746758, 0.3686592568253242]
[1.0, 0.5851334854032851, 0.41486651459671486]
[1.0, 0.5795814999094231, 0.4204185000905769]
[1.0, 0.5175354316772581, 0.48246456832274187]
[1.0, 0.5740093065574638, 0.42599069344253615]
[1.0, 0.5259833256793214, 0.4740166743206787]
[1.0, 0.5600941246719415, 0.43990587532805847]
[1.0, 0.5906639343643827, 0.40933606563561725]
[1.0, 0.56981088694618, 0.43018911305382]
[1.0, 0.5571575878811454, 0.4428424121188545]
[1.0, 0.5472729125360273, 0.4527270874639727]
[1.0, 0.5138112738775169, 0.4861887261224831]
[0.0, 0.7512035712331284, 0.24879642876687152]
[0.0, 0.7979366639262284, 0.20206333607377164]
[0.0, 0.7428367067665191, 0.25716329323348086]
[0.0, 0.7551293289982566, 0.24487067100174342]
[0.0, 0.7191517669060896, 0.28084823309391044]
[0.0, 0.7598338793918162, 0.2401661206081838]
[0.0, 0.8415256026573044, 0.15847439734269567]
[0.0, 0.7915334327727213, 0.20846656722727874]
[0.0, 0.7839108137763482, 0.21608918622365178]
[0.0, 0.697933870994448, 0.3020661290055519]
[0.0, 0.7735898565047583, 0.22641014349524174]
[0.0, 0.7378453736778852, 0.2621546263221148]
[0.0, 0.7506436439436485, 0.24935635605635156]
[0.0, 0.6201408016771467, 0.3798591983228533]
[0.0, 0.8530506577946942, 0.14694934220530576]
[1.0, 0.34231965874878756, 0.6576803412512124]
[0.0, 0.7496747211610082, 0.2503252788389918]
[0.0, 0.7213085949381095, 0.27869140506189055]
[1.0, 0.4240571241978831, 0.5759428758021169]
[0.0, 0.838948791070301, 0.16105120892969904]
[0.0, 0.6714075956818883, 0.3285924043181116]
[0.0, 0.6085665522556358, 0.3914334477443641]
[1.0, 0.5853626107896917, 0.4146373892103084]
[0.0, 0.6922596028782396, 0.3077403971217604]
[0.0, 0.7762580382170795, 0.22374196178292047]
[0.0, 0.6898765482879438, 0.31012345171205624]
[1.0, 0.335802190891091, 0.664197809108909]
[1.0, 0.5217028492868236, 0.4782971507131763]
[1.0, 0.45939730544039714, 0.5406026945596029]
[1.0, 0.1874669281682506, 0.8125330718317494]
[1.0, 0.5576498100994063, 0.44235018990059366]
[0.0, 0.800267254695716, 0.19973274530428398]
[1.0, 0.31208193367559856, 0.6879180663244014]
[0.0, 0.6515626613969624, 0.3484373386030376]
[1.0, 0.5732877791801616, 0.42671222081983845]
[0.0, 0.6394279096536939, 0.3605720903463061]
[1.0, 0.5704796917104503, 0.4295203082895497]
[0.0, 0.7433484233674059, 0.25665157663259414]
[1.0, 0.4674887098498127, 0.5325112901501873]
[1.0, 0.4028004676985548, 0.5971995323014452]
[1.0, 0.39657736454635917, 0.6034226354536408]
[1.0, 0.5548830958536619, 0.4451169041463381]
[1.0, 0.5895929244591185, 0.4104070755408815]
[1.0, 0.4289084120645137, 0.5710915879354863]
[1.0, 0.5820061055782074, 0.4179938944217926]
[1.0, 0.26536825225933613, 0.7346317477406639]
[0.0, 0.7293400233440723, 0.2706599766559276]
[1.0, 0.2909798428796613, 0.7090201571203387]
[1.0, 0.591879570504033, 0.4081204294959671]
[1.0, 0.4012644676588034, 0.5987355323411966]
[1.0, 0.271120543561027, 0.728879456438973]
[1.0, 0.22378498842992822, 0.7762150115700718]
[1.0, 0.27634453845492957, 0.7236554615450704]
[1.0, 0.5027724195192507, 0.4972275804807493]
[0.0, 0.6682116508498429, 0.3317883491501571]
[1.0, 0.3710695524453428, 0.6289304475546572]
[0.0, 0.7474658617986387, 0.2525341382013612]
[0.0, 0.7412443889062452, 0.2587556110937547]
[0.0, 0.7813518239202092, 0.21864817607979078]
[0.0, 0.6974966606879176, 0.30250333931208234]
[1.0, 0.5180026475206194, 0.4819973524793806]
[1.0, 0.4883684310629448, 0.5116315689370552]
[0.0, 0.707861530094761, 0.2921384699052389]
[0.0, 0.6975660991033938, 0.3024339008966061]
[0.0, 0.7715135887903779, 0.22848641120962207]
[0.0, 0.6863257545299795, 0.3136742454700205]
[0.0, 0.75446379682852, 0.24553620317147992]
[0.0, 0.7799775938223906, 0.2200224061776094]
[1.0, 0.42231545403646653, 0.5776845459635335]
[0.0, 0.694026847169585, 0.3059731528304151]
[0.0, 0.7466063636285979, 0.2533936363714021]
[0.0, 0.7609254079610435, 0.23907459203895653]
[0.0, 0.7201872781477627, 0.2798127218522373]
[1.0, 0.577608331716511, 0.4223916682834889]
[0.0, 0.6655047152740581, 0.3344952847259419]
[0.0, 0.6915184824045677, 0.30848151759543235]
[0.0, 0.657901203471287, 0.342098796528713]
[1.0, 0.47592909303386766, 0.5240709069661323]
[1.0, 0.5899029955264232, 0.4100970044735768]
[1.0, 0.3658243463493841, 0.6341756536506159]
[0.0, 0.7341111433103886, 0.2658888566896114]
[0.0, 0.620899872107253, 0.3791001278927471]
[0.0, 0.6011375712286477, 0.3988624287713523]
[0.0, 0.6201439590976786, 0.3798560409023214]
[1.0, 0.1814535868763768, 0.8185464131236232]
[1.0, 0.33916692013324423, 0.6608330798667558]
[1.0, 0.24818748832957227, 0.7518125116704277]
[0.0, 0.6031207427426208, 0.39687925725737916]
[1.0, 0.590770428163748, 0.40922957183625197]
[1.0, 0.5866182349325906, 0.4133817650674094]
[1.0, 0.3881248719944894, 0.6118751280055106]
[1.0, 0.38406027791809794, 0.6159397220819021]
[1.0, 0.5417205317704996, 0.45827946822950033]
[1.0, 0.2096642087725885, 0.7903357912274115]
[1.0, 0.2163653256539445, 0.7836346743460555]
[1.0, 0.204037602110009, 0.795962397889991]
[1.0, 0.1985417820688148, 0.8014582179311852]
[1.0, 0.1967230384945653, 0.8032769615054347]
[1.0, 0.2839046382228728, 0.7160953617771272]
[1.0, 0.41201798710169213, 0.5879820128983079]
[1.0, 0.2022478114304307, 0.7977521885695693]
[1.0, 0.2387410973416595, 0.7612589026583405]
[1.0, 0.27961734111702075, 0.7203826588829793]
[1.0, 0.20846350967012517, 0.7915364903298748]
[1.0, 0.23007808951780784, 0.7699219104821922]
[1.0, 0.26012003157384156, 0.7398799684261584]
[1.0, 0.16080004505254564, 0.8391999549474544]
[1.0, 0.5125295016743425, 0.4874704983256575]
[1.0, 0.47969391749544077, 0.5203060825045592]
[1.0, 0.17566021875103977, 0.8243397812489602]
[1.0, 0.3648550382559368, 0.6351449617440632]
[1.0, 0.46689770301350153, 0.5331022969864985]
[1.0, 0.1970034714044323, 0.8029965285955677]
[0.0, 0.6808191516011548, 0.31918084839884525]
[1.0, 0.3401204470321658, 0.6598795529678342]
[0.0, 0.699023978980357, 0.30097602101964305]
[0.0, 0.6965126692337177, 0.3034873307662823]
[0.0, 0.7413744711697027, 0.2586255288302973]
[1.0, 0.44586497318287344, 0.5541350268171266]
[0.0, 0.6357048629501774, 0.3642951370498227]
[1.0, 0.48501915799393847, 0.5149808420060615]
[1.0, 0.49089149778947916, 0.5091085022105208]
[0.0, 0.7034642509298483, 0.2965357490701516]
[0.0, 0.7405893333964244, 0.2594106666035756]
[1.0, 0.4431907116411806, 0.5568092883588194]
[1.0, 0.37965566025849085, 0.6203443397415092]
[1.0, 0.46568042079347083, 0.5343195792065292]
[1.0, 0.19417580838036508, 0.8058241916196349]
[1.0, 0.3518359194183909, 0.6481640805816091]
[1.0, 0.3338672718114495, 0.6661327281885505]
[1.0, 0.4968907672724153, 0.5031092327275847]
[1.0, 0.5117236890568723, 0.48827631094312773]
[1.0, 0.19860508323442527, 0.8013949167655747]
[1.0, 0.487071662454042, 0.512928337545958]
[1.0, 0.5266222939602949, 0.47337770603970514]
[1.0, 0.16275669942664694, 0.837243300573353]
[1.0, 0.20750417705327773, 0.7924958229467223]
[1.0, 0.21579803042068102, 0.784201969579319]
[1.0, 0.18760577571881432, 0.8123942242811857]
[1.0, 0.3227238875196994, 0.6772761124803006]
[1.0, 0.2653971245761546, 0.7346028754238454]
[1.0, 0.23140514477230445, 0.7685948552276956]
[1.0, 0.23754103416166084, 0.7624589658383392]
[1.0, 0.3695370085467471, 0.6304629914532529]
[1.0, 0.260970532310133, 0.739029467689867]
[1.0, 0.4222464151470743, 0.5777535848529257]
[1.0, 0.2490409348720446, 0.7509590651279554]
[1.0, 0.25987673135472333, 0.7401232686452767]
[1.0, 0.2570127832675365, 0.7429872167324635]
[1.0, 0.26249342940202247, 0.7375065705979775]
[1.0, 0.1316980195045887, 0.8683019804954113]
[1.0, 0.2233655056578976, 0.7766344943421024]
[1.0, 0.3196404405352824, 0.6803595594647176]
[1.0, 0.2484966524560982, 0.7515033475439018]
[1.0, 0.35793036413573465, 0.6420696358642654]
[1.0, 0.3823274286822943, 0.6176725713177057]
[1.0, 0.21931115014595526, 0.7806888498540447]
[1.0, 0.20233443088004022, 0.7976655691199598]
[1.0, 0.2965286474730987, 0.7034713525269013]
[1.0, 0.3403928410234962, 0.6596071589765038]
[0.0, 0.618688023322389, 0.38131197667761096]
[1.0, 0.17370438149809142, 0.8262956185019086]
[1.0, 0.40551178098354046, 0.5944882190164595]
[1.0, 0.20982160475478828, 0.7901783952452117]
[1.0, 0.3085908982380162, 0.6914091017619838]
[1.0, 0.33212106836191335, 0.6678789316380866]
[1.0, 0.1567420381368798, 0.8432579618631202]
[1.0, 0.2422899255737121, 0.7577100744262879]
[1.0, 0.1959592023358262, 0.8040407976641738]
[1.0, 0.339772012864079, 0.660227987135921]
[1.0, 0.21937418886673132, 0.7806258111332687]
[1.0, 0.3625199372751102, 0.6374800627248898]
[1.0, 0.2079263394131048, 0.7920736605868952]
[1.0, 0.18739984290510292, 0.8126001570948971]
[1.0, 0.3785964071225656, 0.6214035928774344]
[0.0, 0.6021166556911145, 0.3978833443088855]
[1.0, 0.35660073389897784, 0.6433992661010222]
[1.0, 0.3918112440778767, 0.6081887559221233]
[0.0, 0.7486342113379527, 0.25136578866204723]
[0.0, 0.7594481036241745, 0.24055189637582558]
[1.0, 0.4205829866519699, 0.5794170133480301]
[1.0, 0.37369385649188924, 0.6263061435081108]
[0.0, 0.7417546369580026, 0.25824536304199747]
[0.0, 0.7324125024886404, 0.2675874975113596]
[0.0, 0.609542675396374, 0.3904573246036261]
[1.0, 0.2955980476083183, 0.7044019523916817]
[0.0, 0.6516991256641302, 0.3483008743358697]
[0.0, 0.8087515316250855, 0.19124846837491444]
[0.0, 0.7487195013698091, 0.25128049863019086]
[0.0, 0.6556274012519208, 0.34437259874807924]
[1.0, 0.589881288155552, 0.410118711844448]
[1.0, 0.5327470362982294, 0.46725296370177055]
[1.0, 0.44026534267601547, 0.5597346573239845]
[0.0, 0.6491532981579875, 0.35084670184201244]
[1.0, 0.3897867393918141, 0.6102132606081859]
[1.0, 0.5166591051353998, 0.4833408948646002]
[0.0, 0.6829469976693165, 0.31705300233068345]
[0.0, 0.687124388174973, 0.312875611825027]
[0.0, 0.7405471589526066, 0.2594528410473934]
[1.0, 0.5384625351567355, 0.4615374648432645]
[0.0, 0.6603847308728739, 0.3396152691271262]
[1.0, 0.34355476393526574, 0.6564452360647343]
[1.0, 0.21301894097920993, 0.7869810590207901]
[1.0, 0.27068033884342857, 0.7293196611565714]
[1.0, 0.4689234208264752, 0.5310765791735248]
[1.0, 0.46953854753044133, 0.5304614524695587]
[1.0, 0.593473035532965, 0.40652696446703496]
[1.0, 0.49275407667300886, 0.5072459233269911]
[1.0, 0.4770687758097508, 0.5229312241902492]
[1.0, 0.48418460132191077, 0.5158153986780892]
[0.0, 0.7130214270276716, 0.2869785729723285]
[0.0, 0.7294971809770157, 0.27050281902298434]
[1.0, 0.27634453845492957, 0.7236554615450704]
[1.0, 0.2740567926023999, 0.7259432073976001]
[0.0, 0.5956904126794969, 0.4043095873205032]
[1.0, 0.593018483259795, 0.406981516740205]
[1.0, 0.5744447119183643, 0.4255552880816357]
[0.0, 0.6433617919047749, 0.35663820809522506]
[1.0, 0.5525241656741791, 0.447475834325821]
[0.0, 0.6823196139626639, 0.3176803860373361]
[1.0, 0.1972968338362121, 0.8027031661637879]
[1.0, 0.5225109043380594, 0.4774890956619406]
[0.0, 0.6291261783193829, 0.37087382168061706]
[1.0, 0.2430899446442093, 0.7569100553557907]
[1.0, 0.5326839725882337, 0.4673160274117662]
[1.0, 0.3670463679568735, 0.6329536320431265]
[1.0, 0.25219391732909335, 0.7478060826709066]
[1.0, 0.5440300692623949, 0.45596993073760506]
[0.0, 0.622629118285292, 0.377370881714708]
[1.0, 0.586503054300318, 0.41349694569968204]
[1.0, 0.4474830367329867, 0.5525169632670133]
[1.0, 0.3674355926294953, 0.6325644073705047]
[1.0, 0.23211609893710472, 0.7678839010628953]
[1.0, 0.30311037770673666, 0.6968896222932633]
[1.0, 0.21881974530015602, 0.781180254699844]
[1.0, 0.21303232788785942, 0.7869676721121406]
[1.0, 0.17810270164932784, 0.8218972983506722]
[1.0, 0.14952591773704282, 0.8504740822629572]
[1.0, 0.33966126728821755, 0.6603387327117825]
[1.0, 0.4457074999878343, 0.5542925000121657]
[1.0, 0.44705932954428196, 0.552940670455718]
[1.0, 0.39522979625883636, 0.6047702037411636]
[1.0, 0.2221435486229456, 0.7778564513770544]
[1.0, 0.2327707382591354, 0.7672292617408646]
[1.0, 0.47504830956504196, 0.524951690434958]
[1.0, 0.5064568281617505, 0.49354317183824953]
[1.0, 0.4791422803290999, 0.5208577196709001]
[1.0, 0.139660145717715, 0.860339854282285]
[1.0, 0.3581700034983082, 0.6418299965016918]
[1.0, 0.5427033338262077, 0.4572966661737923]
[1.0, 0.18944922161677247, 0.8105507783832275]
[1.0, 0.16421637567611524, 0.8357836243238848]
[1.0, 0.4107977436889605, 0.5892022563110395]
[1.0, 0.1768841389774194, 0.8231158610225806]
[1.0, 0.19646785242322584, 0.8035321475767742]
[1.0, 0.16241314111011418, 0.8375868588898858]
[1.0, 0.16951794815016996, 0.83048205184983]
[1.0, 0.5063961992592807, 0.49360380074071936]
[1.0, 0.35240679025243227, 0.6475932097475677]
[1.0, 0.38616815272971905, 0.613831847270281]
[1.0, 0.39111160322294125, 0.6088883967770587]
[1.0, 0.18271407857273858, 0.8172859214272614]
[1.0, 0.36988462638284225, 0.6301153736171577]
[1.0, 0.1585576084255661, 0.8414423915744339]
[1.0, 0.2696345155953541, 0.7303654844046459]
[0.0, 0.5990854087700082, 0.4009145912299919]
[1.0, 0.507969541662618, 0.49203045833738207]
[1.0, 0.40589014927660505, 0.594109850723395]
[1.0, 0.3991900432586597, 0.6008099567413403]
[1.0, 0.41867345505887543, 0.5813265449411246]
[0.0, 0.6706150978366127, 0.32938490216338734]
[1.0, 0.371573649361314, 0.628426350638686]
[0.0, 0.6975079079114097, 0.30249209208859024]
[1.0, 0.3557280564724986, 0.6442719435275014]
[1.0, 0.5602494143786929, 0.4397505856213071]
[1.0, 0.26745240505041346, 0.7325475949495865]
[0.0, 0.639910918633262, 0.360089081366738]
[1.0, 0.43717596742600906, 0.5628240325739909]
[1.0, 0.22437159449283228, 0.7756284055071677]
[1.0, 0.5286144245940505, 0.4713855754059495]
[0.0, 0.7374449254913182, 0.26255507450868176]
[0.0, 0.7143059400299392, 0.28569405997006087]
[1.0, 0.44600811215002134, 0.5539918878499787]
[0.0, 0.6948671438840501, 0.3051328561159499]
[1.0, 0.345334833314325, 0.654665166685675]
[1.0, 0.46303439338752783, 0.5369656066124722]
[0.0, 0.7154072757658023, 0.2845927242341976]
[0.0, 0.624560595197827, 0.3754394048021729]
[0.0, 0.7447385099058315, 0.25526149009416854]
[0.0, 0.6517453477561622, 0.3482546522438378]
[0.0, 0.6881921599141869, 0.3118078400858131]
[0.0, 0.608051489763227, 0.39194851023677296]
[1.0, 0.2731026663353552, 0.7268973336646448]
[1.0, 0.45073989417707017, 0.5492601058229298]
[1.0, 0.47524572444879165, 0.5247542755512083]
[0.0, 0.7781905358961573, 0.22180946410384272]
[1.0, 0.29360940227423493, 0.7063905977257651]
[1.0, 0.33998613952094725, 0.6600138604790527]
[0.0, 0.6032332871442239, 0.39676671285577614]
[0.0, 0.5957749796738003, 0.4042250203261997]
[1.0, 0.34116263509468625, 0.6588373649053137]
[1.0, 0.35500624815475557, 0.6449937518452444]
[1.0, 0.4685316408961432, 0.5314683591038568]
[0.0, 0.6261706962953781, 0.3738293037046219]
[1.0, 0.5586255779646201, 0.44137442203537985]
[0.0, 0.7335240369624767, 0.26647596303752336]
[1.0, 0.5295318137217886, 0.47046818627821135]
[1.0, 0.38866739424660923, 0.6113326057533908]
[1.0, 0.30647805362498304, 0.693521946375017]
[1.0, 0.4913981406871847, 0.5086018593128153]
[1.0, 0.21148092792013562, 0.7885190720798644]
[1.0, 0.2932138246588838, 0.7067861753411162]
[1.0, 0.3494359708884046, 0.6505640291115954]
[1.0, 0.38600527534157825, 0.6139947246584218]
[1.0, 0.14458145887921203, 0.855418541120788]
[1.0, 0.19510633500252283, 0.8048936649974772]
[1.0, 0.15462870905355797, 0.845371290946442]
[1.0, 0.4543249921811964, 0.5456750078188036]
[1.0, 0.3440326322236307, 0.6559673677763693]
[1.0, 0.5361377421007083, 0.46386225789929164]
[1.0, 0.2873543463918461, 0.7126456536081539]
[1.0, 0.250401308020618, 0.749598691979382]
[1.0, 0.5077034931607947, 0.49229650683920534]
[1.0, 0.292441234898574, 0.707558765101426]
[0.0, 0.627042989321727, 0.372957010678273]
[1.0, 0.2132242615637696, 0.7867757384362304]
[0.0, 0.7050171738427075, 0.29498282615729254]
[0.0, 0.6296851813707733, 0.3703148186292266]
[1.0, 0.4021804489079397, 0.5978195510920603]
[0.0, 0.6987166844538438, 0.30128331554615617]
[0.0, 0.6184682987350039, 0.3815317012649962]
[1.0, 0.3227238875196994, 0.6772761124803006]
[1.0, 0.22668265210696403, 0.773317347893036]
[1.0, 0.167863397546133, 0.832136602453867]
[1.0, 0.23859135737241133, 0.7614086426275887]
[0.0, 0.7223469829521912, 0.27765301704780876]
[0.0, 0.8126019355601182, 0.18739806443988183]
[1.0, 0.22213839110856537, 0.7778616088914346]
[0.0, 0.7974871111168339, 0.20251288888316607]
[1.0, 0.44020372027994703, 0.559796279720053]
[0.0, 0.8114250417030883, 0.18857495829691173]
[1.0, 0.5698504383418177, 0.4301495616581823]
[0.0, 0.6896208148425261, 0.31037918515747387]
[0.0, 0.6638766955003861, 0.336123304499614]
[0.0, 0.7072638634035439, 0.29273613659645614]
[1.0, 0.30137046925507494, 0.6986295307449251]
[1.0, 0.21547121869470087, 0.7845287813052991]
[1.0, 0.4828104857648641, 0.5171895142351359]
[1.0, 0.28704025850297454, 0.7129597414970255]
[1.0, 0.2543695290674862, 0.7456304709325138]
[1.0, 0.25172744920221146, 0.7482725507977885]
[1.0, 0.41070825151274604, 0.589291748487254]
[0.0, 0.6536866550147595, 0.34631334498524047]
[0.0, 0.6262580708593086, 0.3737419291406913]
[1.0, 0.4193538518617841, 0.5806461481382159]
[1.0, 0.3840012753276605, 0.6159987246723395]
[0.0, 0.645400653315229, 0.354599346684771]
[1.0, 0.3719906262114533, 0.6280093737885467]
[1.0, 0.2185023148629831, 0.7814976851370169]
[1.0, 0.16668446174561502, 0.833315538254385]
[1.0, 0.25048003052778745, 0.7495199694722126]
[1.0, 0.4941577024884778, 0.5058422975115222]
[0.0, 0.6255004907937248, 0.37449950920627517]
[1.0, 0.36420058850214976, 0.6357994114978502]
[0.0, 0.6252236708018171, 0.374776329198183]
[1.0, 0.16711741913793243, 0.8328825808620676]
[1.0, 0.5405413115698905, 0.4594586884301095]
[1.0, 0.18950136546313623, 0.8104986345368638]
[1.0, 0.26072125250151934, 0.7392787474984807]
[1.0, 0.21587434373081316, 0.7841256562691868]
[1.0, 0.31790995572451397, 0.682090044275486]
[1.0, 0.32234246911299, 0.67765753088701]
[1.0, 0.3055017843134826, 0.6944982156865174]
[1.0, 0.3569435735909643, 0.6430564264090357]
[1.0, 0.37707862860439845, 0.6229213713956016]
[1.0, 0.21266026765289525, 0.7873397323471047]
[1.0, 0.3146983593042576, 0.6853016406957424]
[1.0, 0.4110266714355386, 0.5889733285644614]
[1.0, 0.5626049480480291, 0.4373950519519709]
[0.0, 0.6809335955187901, 0.3190664044812099]
[1.0, 0.5774369327158728, 0.4225630672841272]
[1.0, 0.22737002793976957, 0.7726299720602304]
[1.0, 0.19515712310187283, 0.8048428768981272]
[1.0, 0.5800514771930916, 0.41994852280690836]
[0.0, 0.7148715535329719, 0.2851284464670281]
[1.0, 0.350484693157462, 0.649515306842538]
[1.0, 0.49873444560897495, 0.501265554391025]
[0.0, 0.6957569326990893, 0.3042430673009106]
[1.0, 0.5778096739814564, 0.4221903260185436]
[1.0, 0.3261965986923696, 0.6738034013076304]
[1.0, 0.29437133852614583, 0.7056286614738542]
[1.0, 0.30603020973362915, 0.6939697902663708]
[1.0, 0.15035711191823675, 0.8496428880817632]
[1.0, 0.48046807532836333, 0.5195319246716367]
[1.0, 0.15382398928907304, 0.846176010710927]
[0.0, 0.618673617235747, 0.38132638276425296]
[1.0, 0.43651359603849305, 0.563486403961507]
[1.0, 0.21372893587848973, 0.7862710641215103]
[1.0, 0.5650065182918554, 0.43499348170814456]
[1.0, 0.27031908387235093, 0.7296809161276491]
[0.0, 0.675556478101431, 0.32444352189856895]
[1.0, 0.4466581375867521, 0.5533418624132479]
[0.0, 0.6162573302386936, 0.3837426697613065]
[1.0, 0.5047328888964623, 0.4952671111035377]
[1.0, 0.5216735577089071, 0.47832644229109283]
[0.0, 0.6913735025611, 0.3086264974389]
[0.0, 0.6521886541368109, 0.347811345863189]
[0.0, 0.7019727888500462, 0.2980272111499538]
[1.0, 0.5849690196612676, 0.41503098033873237]
[0.0, 0.6411882575116277, 0.3588117424883723]
[0.0, 0.6479054246195559, 0.3520945753804441]
[1.0, 0.4771295511064586, 0.5228704488935414]
[1.0, 0.29296517371094777, 0.7070348262890522]
[1.0, 0.3480710931502108, 0.6519289068497892]
[1.0, 0.409872458208418, 0.590127541791582]
[1.0, 0.4926509057086981, 0.5073490942913019]
[1.0, 0.4795453434626513, 0.5204546565373487]
[0.0, 0.6026935103226745, 0.3973064896773255]
[0.0, 0.8209158255367509, 0.1790841744632491]
[1.0, 0.38580254818990545, 0.6141974518100946]
[0.0, 0.6370454306065514, 0.36295456939344867]
[1.0, 0.44434552907521474, 0.5556544709247853]
[1.0, 0.4340323623968133, 0.5659676376031867]
[1.0, 0.2770570324083752, 0.7229429675916248]
[0.0, 0.6333739721917432, 0.3666260278082568]
[1.0, 0.4981158843419323, 0.5018841156580677]
[1.0, 0.29933057955615694, 0.7006694204438431]
[1.0, 0.3288987218597198, 0.6711012781402802]
[1.0, 0.572984029021845, 0.427015970978155]
[1.0, 0.5653796581899746, 0.4346203418100254]
[1.0, 0.5129158775038074, 0.48708412249619254]
[1.0, 0.4923914717723096, 0.5076085282276904]
[1.0, 0.5606293652552163, 0.4393706347447836]
[1.0, 0.5200624583848674, 0.4799375416151326]
[1.0, 0.5271730820152619, 0.4728269179847381]
[0.0, 0.7974131766432808, 0.20258682335671915]
[0.0, 0.737680206421701, 0.262319793578299]
[0.0, 0.7404593943688984, 0.25954060563110165]
[1.0, 0.5571308715341735, 0.4428691284658265]
[1.0, 0.45124862740951666, 0.5487513725904833]
[1.0, 0.5127638420004805, 0.4872361579995194]
[0.0, 0.7236673690258795, 0.2763326309741206]
[0.0, 0.7779010527711614, 0.22209894722883855]
[1.0, 0.568168529986295, 0.43183147001370503]
[0.0, 0.799588090190299, 0.200411909809701]
[0.0, 0.7666177886054696, 0.2333822113945304]
[0.0, 0.777534858858764, 0.22246514114123597]
[0.0, 0.6292788674299719, 0.3707211325700281]
[0.0, 0.6915840083522993, 0.3084159916477007]
[0.0, 0.7448222365137525, 0.2551777634862475]
[0.0, 0.7083713455714252, 0.2916286544285748]
[0.0, 0.6256196450335176, 0.37438035496648236]
[1.0, 0.5819867381820014, 0.4180132618179985]
[1.0, 0.35779932254308966, 0.6422006774569103]
[0.0, 0.6658839590380232, 0.33411604096197683]
[0.0, 0.7352161793478567, 0.26478382065214334]
[1.0, 0.3577636652352658, 0.6422363347647342]
[1.0, 0.4932071222677975, 0.5067928777322025]
[1.0, 0.5248780619957848, 0.4751219380042152]
[1.0, 0.4863457511639562, 0.5136542488360438]
[1.0, 0.46926051885947206, 0.5307394811405279]
[0.0, 0.7788182857391422, 0.22118171426085773]
[0.0, 0.7539661067932057, 0.24603389320679425]
[0.0, 0.7324604659044206, 0.2675395340955794]
[0.0, 0.7279149948524656, 0.2720850051475344]
[0.0, 0.8440624142701325, 0.1559375857298675]
[0.0, 0.7183540169695176, 0.2816459830304824]
[0.0, 0.7529943062673506, 0.24700569373264936]
[1.0, 0.22739462574743552, 0.7726053742525645]
[1.0, 0.37340815357820933, 0.6265918464217907]
[0.0, 0.8145091986926561, 0.18549080130734388]
[0.0, 0.6687288989126465, 0.3312711010873535]
[0.0, 0.6674696134276674, 0.3325303865723326]
[0.0, 0.7998217815014874, 0.2001782184985126]
[0.0, 0.8159611076583118, 0.1840388923416883]
[0.0, 0.7493504559336406, 0.25064954406635936]
[1.0, 0.4169575108212322, 0.5830424891787678]
[0.0, 0.8061209754846318, 0.19387902451536823]
[0.0, 0.7423617724982856, 0.2576382275017144]
[0.0, 0.7235068195414376, 0.2764931804585624]
[0.0, 0.8228858916408353, 0.1771141083591647]
[1.0, 0.5828930064626685, 0.41710699353733155]
[1.0, 0.25320263092160733, 0.7467973690783927]
[0.0, 0.6463777860423678, 0.3536222139576322]
[1.0, 0.376103993592367, 0.623896006407633]
[0.0, 0.7302064978704633, 0.2697935021295367]
[0.0, 0.6124129843117952, 0.38758701568820475]
[1.0, 0.4066546408995293, 0.5933453591004707]
[0.0, 0.7042027638624175, 0.2957972361375825]
[0.0, 0.7129034781512049, 0.2870965218487951]
[0.0, 0.6594748179411278, 0.34052518205887217]
[0.0, 0.7481390162422106, 0.2518609837577894]
[0.0, 0.6826057787430111, 0.31739422125698896]
[1.0, 0.32574334770526925, 0.6742566522947308]
[1.0, 0.4440039520415099, 0.5559960479584901]
[0.0, 0.6090204470321148, 0.3909795529678853]
[1.0, 0.4160087538856362, 0.5839912461143638]
[1.0, 0.5864000647665151, 0.413599935233485]
[0.0, 0.6677571780454177, 0.3322428219545823]
[0.0, 0.6915912583058672, 0.3084087416941328]
[1.0, 0.5406074617210763, 0.45939253827892373]
[0.0, 0.7457065314601233, 0.25429346853987667]
[0.0, 0.6474056891277473, 0.3525943108722527]
[0.0, 0.7413537407655344, 0.2586462592344656]
[0.0, 0.6893630882257835, 0.31063691177421643]
[0.0, 0.6453058726111006, 0.3546941273888994]
[0.0, 0.598650765803654, 0.401349234196346]
[1.0, 0.5103062608541471, 0.48969373914585285]
[1.0, 0.45986997034955435, 0.5401300296504457]
[1.0, 0.5474192240696985, 0.4525807759303016]
[1.0, 0.4834371160285321, 0.5165628839714679]
[0.0, 0.6230611100272563, 0.3769388899727437]
[1.0, 0.3251894221073107, 0.6748105778926893]
[1.0, 0.5553965738968201, 0.44460342610317993]
[1.0, 0.4221493298742184, 0.5778506701257816]
[0.0, 0.6001302936560872, 0.39986970634391283]
[1.0, 0.486007309414623, 0.513992690585377]
[1.0, 0.5716742220131775, 0.4283257779868225]
[1.0, 0.5827951012658068, 0.41720489873419314]
[1.0, 0.5686522187956824, 0.4313477812043176]
[1.0, 0.22507842214828866, 0.7749215778517113]
[0.0, 0.641093805892641, 0.35890619410735897]
[1.0, 0.47120604590158155, 0.5287939540984185]
[1.0, 0.4397942239807606, 0.5602057760192394]
[1.0, 0.4395747925500737, 0.5604252074499263]
[1.0, 0.45369224040838685, 0.5463077595916132]
[1.0, 0.39417310606539413, 0.6058268939346059]
[1.0, 0.36195689803616515, 0.6380431019638348]
[1.0, 0.3646098701421494, 0.6353901298578506]
[1.0, 0.37927945541839103, 0.620720544581609]
[1.0, 0.3887352476560576, 0.6112647523439424]
[1.0, 0.4179768784851362, 0.5820231215148638]
[1.0, 0.4179718187953466, 0.5820281812046534]
[1.0, 0.5059913822580008, 0.4940086177419992]
[1.0, 0.3196404405352824, 0.6803595594647176]
[1.0, 0.46647091351157943, 0.5335290864884206]
[1.0, 0.20263695721658725, 0.7973630427834127]
[1.0, 0.44769265186610496, 0.552307348133895]
[1.0, 0.5345228452273587, 0.4654771547726413]
[1.0, 0.46788455596753953, 0.5321154440324605]
[1.0, 0.19786473867584076, 0.8021352613241592]
[1.0, 0.4023922746398594, 0.5976077253601406]
[1.0, 0.49455027780093375, 0.5054497221990663]
[1.0, 0.3959173471399522, 0.6040826528600478]
[1.0, 0.24879921398386085, 0.7512007860161392]
[1.0, 0.48131007417740646, 0.5186899258225935]
[1.0, 0.4764320045438104, 0.5235679954561896]
[1.0, 0.44380358096758554, 0.5561964190324145]
[1.0, 0.44100174581429974, 0.5589982541857003]
[1.0, 0.5686535997930655, 0.43134640020693454]
[0.0, 0.6671274676441912, 0.3328725323558089]
[1.0, 0.46478971634863064, 0.5352102836513694]
[0.0, 0.6555933838139187, 0.34440661618608126]
[1.0, 0.5102719336449827, 0.4897280663550173]
[0.0, 0.667262500432178, 0.33273749956782195]
[0.0, 0.6386223426030477, 0.36137765739695227]
[0.0, 0.6469926615213839, 0.3530073384786161]
[0.0, 0.6534757651300787, 0.34652423486992134]
[1.0, 0.5116548413577598, 0.48834515864224015]
[0.0, 0.5958440239764803, 0.4041559760235197]
[0.0, 0.6740988428799128, 0.3259011571200871]
[0.0, 0.6410824243202096, 0.35891757567979043]
[0.0, 0.6259632254133454, 0.37403677458665463]
[1.0, 0.3995008957876852, 0.6004991042123148]
[1.0, 0.4410233117254574, 0.5589766882745426]
[1.0, 0.43874552961275537, 0.5612544703872446]
[0.0, 0.6172942893005634, 0.3827057106994366]
[1.0, 0.4432001681397614, 0.5567998318602386]
[0.0, 0.6252914547112407, 0.37470854528875935]
[0.0, 0.7171725894991982, 0.28282741050080185]
[1.0, 0.5601140225157919, 0.43988597748420816]
[1.0, 0.38689729179720844, 0.6131027082027916]
[1.0, 0.41974840587171036, 0.5802515941282896]
[1.0, 0.4987133069397076, 0.5012866930602924]
[1.0, 0.4773211002400505, 0.5226788997599495]
[1.0, 0.25987673135472333, 0.7401232686452767]
[1.0, 0.5027620551518199, 0.4972379448481801]
[1.0, 0.5693748126517847, 0.4306251873482153]
[1.0, 0.4793264817017313, 0.5206735182982687]
[1.0, 0.4945727008256051, 0.5054272991743949]
[1.0, 0.45750257577400133, 0.5424974242259987]
[1.0, 0.49392468585797444, 0.5060753141420256]
[1.0, 0.4553566599267822, 0.5446433400732178]
[0.0, 0.6437758716954185, 0.3562241283045815]
[1.0, 0.3589083275847311, 0.6410916724152689]
[1.0, 0.4773211002400505, 0.5226788997599495]
[0.0, 0.621264975548703, 0.378735024451297]
[0.0, 0.6029655365522263, 0.3970344634477737]
[0.0, 0.6785938953713881, 0.32140610462861186]
[1.0, 0.19696493931212977, 0.8030350606878702]
[0.0, 0.7375768778743528, 0.2624231221256473]
[1.0, 0.34513340565299366, 0.6548665943470063]
[1.0, 0.3555493733127775, 0.6444506266872225]
[1.0, 0.4682566547074867, 0.5317433452925133]
[1.0, 0.5121010689599749, 0.48789893104002513]
[1.0, 0.43133141449966794, 0.5686685855003321]
[1.0, 0.2555728007164213, 0.7444271992835787]
[0.0, 0.6499940570724563, 0.3500059429275438]
[1.0, 0.5411212736527682, 0.4588787263472318]
[0.0, 0.6168583119202062, 0.38314168807979376]
[1.0, 0.25185933042361397, 0.748140669576386]
[1.0, 0.21845939436800044, 0.7815406056319996]
[0.0, 0.725214225301037, 0.2747857746989631]
[0.0, 0.6623294574015018, 0.33767054259849816]
[0.0, 0.6666975362831531, 0.33330246371684696]
[0.0, 0.6486018498838684, 0.3513981501161316]
[0.0, 0.7487814166874577, 0.2512185833125423]
[0.0, 0.8507563030016669, 0.14924369699833306]
[0.0, 0.7631298940671641, 0.2368701059328359]
[0.0, 0.7641749868574913, 0.23582501314250873]
[0.0, 0.8140848240353766, 0.18591517596462342]
[0.0, 0.699461788089502, 0.30053821191049795]
[0.0, 0.8214178433946118, 0.17858215660538818]
[0.0, 0.7102591015085054, 0.2897408984914947]
[0.0, 0.8410192890736807, 0.15898071092631932]
[0.0, 0.811535575574412, 0.188464424425588]
[0.0, 0.6701768396249372, 0.3298231603750627]
[0.0, 0.7149087832483134, 0.2850912167516865]
[0.0, 0.7120894617048077, 0.28791053829519236]
[0.0, 0.7627706986503587, 0.23722930134964124]
[0.0, 0.7709523836270664, 0.22904761637293358]
[0.0, 0.6639189041501651, 0.3360810958498349]
[1.0, 0.3402526503088972, 0.6597473496911028]
[1.0, 0.5720785255395178, 0.4279214744604822]
[0.0, 0.7443881507929753, 0.25561184920702473]
[0.0, 0.6707142260508148, 0.32928577394918523]
[0.0, 0.7745257966932232, 0.22547420330677678]
[1.0, 0.5187630329491242, 0.4812369670508759]
[0.0, 0.6037702875859665, 0.39622971241403354]
[0.0, 0.6938007138034732, 0.30619928619652675]
[0.0, 0.8170860994456282, 0.18291390055437187]
[0.0, 0.615688631956846, 0.384311368043154]
[1.0, 0.4962276912942899, 0.5037723087057101]
[1.0, 0.5508837925321779, 0.4491162074678221]
[1.0, 0.4784857317130907, 0.5215142682869093]
[0.0, 0.7868016066399315, 0.21319839336006846]
[0.0, 0.7961163539010326, 0.20388364609896736]
[0.0, 0.743328578274458, 0.256671421725542]
[0.0, 0.6967051858090353, 0.3032948141909647]
[0.0, 0.7186533289832153, 0.28134667101678473]
[1.0, 0.5693886377041875, 0.43061136229581254]
[0.0, 0.7952249008234015, 0.2047750991765985]
[1.0, 0.562420004445251, 0.437579995554749]
[0.0, 0.7455495212760133, 0.2544504787239868]
[0.0, 0.7537590519292452, 0.2462409480707548]
[0.0, 0.8147408458758054, 0.18525915412419452]
[0.0, 0.7046964484627234, 0.2953035515372766]
[0.0, 0.8443029377523812, 0.15569706224761887]
[1.0, 0.5832418943903368, 0.41675810560966325]
[1.0, 0.40125481676607555, 0.5987451832339244]
[1.0, 0.32600858215514417, 0.6739914178448558]
[1.0, 0.43719954366223235, 0.5628004563377677]
[1.0, 0.5015693903019439, 0.4984306096980561]
[1.0, 0.3520599794734717, 0.6479400205265283]
[0.0, 0.7136551580545356, 0.2863448419454644]
[0.0, 0.691539040905299, 0.3084609590947009]
[0.0, 0.6456864590200369, 0.3543135409799631]
[1.0, 0.49728229937865787, 0.5027177006213421]
[1.0, 0.5053164651389999, 0.4946835348610002]
[1.0, 0.32409117775107144, 0.6759088222489286]
[1.0, 0.33799774602677035, 0.6620022539732296]
[1.0, 0.33546100812026536, 0.6645389918797346]
[1.0, 0.3291116306564278, 0.6708883693435722]
[1.0, 0.34960310481503776, 0.6503968951849622]
[0.0, 0.6420030245677055, 0.3579969754322945]
[0.0, 0.702288968265046, 0.29771103173495395]
[0.0, 0.6853070477425438, 0.31469295225745625]
[0.0, 0.6986911834956384, 0.3013088165043616]
[0.0, 0.6828524069683485, 0.3171475930316515]
[0.0, 0.6766225889596353, 0.3233774110403647]
[0.0, 0.6550230893809439, 0.34497691061905605]
[0.0, 0.6627313654203771, 0.33726863457962286]
[0.0, 0.6194181449382052, 0.3805818550617947]
[0.0, 0.6287960485123604, 0.3712039514876396]
[0.0, 0.6031207427426208, 0.39687925725737916]
[0.0, 0.631443257612921, 0.3685567423870791]
[0.0, 0.631443257612921, 0.3685567423870791]
[0.0, 0.5949097153924903, 0.4050902846075097]
[0.0, 0.6031207427426208, 0.39687925725737916]
[1.0, 0.5824536885515581, 0.41754631144844184]
[1.0, 0.5487886740446668, 0.45121132595533325]
[1.0, 0.5600941246719415, 0.43990587532805847]
[0.0, 0.5949097153924903, 0.4050902846075097]
[1.0, 0.5768917725927651, 0.4231082274072348]
[1.0, 0.5445389189295642, 0.45546108107043576]
[1.0, 0.5360482252853607, 0.4639517747146394]
[1.0, 0.5431300705136628, 0.4568699294863372]
[1.0, 0.5544346878843135, 0.4455653121156865]
[1.0, 0.5473820446555506, 0.45261795534444943]
[1.0, 0.5232327687141057, 0.47676723128589427]
[1.0, 0.5104144740689989, 0.4895855259310011]
[1.0, 0.5388718022175978, 0.46112819778240216]
[1.0, 0.5713102980493416, 0.4286897019506583]
[1.0, 0.4847258359107751, 0.5152741640892249]
[1.0, 0.5614928962440411, 0.43850710375595886]
[0.0, 0.6309657003770963, 0.36903429962290374]
[1.0, 0.41393916163435096, 0.586060838365649]
[1.0, 0.4761649155775749, 0.5238350844224251]
[1.0, 0.49755463152452895, 0.502445368475471]
[1.0, 0.5161172790598401, 0.4838827209401599]
[0.0, 0.6826173504990423, 0.31738264950095774]
[0.0, 0.6650485066866292, 0.3349514933133709]
[0.0, 0.700872779187272, 0.2991272208127281]
[0.0, 0.6838464429248389, 0.31615355707516113]
[1.0, 0.542859744853315, 0.457140255146685]
[1.0, 0.49897437492595353, 0.5010256250740465]
[0.0, 0.6385797502979957, 0.3614202497020042]
[1.0, 0.5777769658989813, 0.4222230341010187]
[1.0, 0.5371894923241564, 0.46281050767584364]
[0.0, 0.6159081119477529, 0.38409188805224714]
[0.0, 0.7402410054730385, 0.2597589945269615]
[1.0, 0.4699345087947543, 0.5300654912052457]
[1.0, 0.4910964054854592, 0.5089035945145408]
[0.0, 0.795603118843927, 0.20439688115607302]
[0.0, 0.7517002446908271, 0.24829975530917292]
[0.0, 0.8097111150960554, 0.19028888490394463]
[1.0, 0.4934233521160579, 0.5065766478839421]
[1.0, 0.5012999736547359, 0.4987000263452641]
[1.0, 0.49704072675710964, 0.5029592732428904]
[0.0, 0.6307465782578083, 0.36925342174219167]
[0.0, 0.683322993686075, 0.31667700631392504]
[0.0, 0.7043787939342518, 0.2956212060657481]
[0.0, 0.7338450156954315, 0.26615498430456846]
[0.0, 0.6918238594576924, 0.30817614054230763]
[0.0, 0.6126491010977937, 0.38735089890220625]
[1.0, 0.5852404076927649, 0.4147595923072352]
[1.0, 0.46479143616271, 0.53520856383729]
[1.0, 0.48898215018446045, 0.5110178498155395]
[1.0, 0.41975008973206906, 0.5802499102679309]
[1.0, 0.2948154702852088, 0.7051845297147912]
[1.0, 0.42951668064463233, 0.5704833193553677]
[1.0, 0.268274240782407, 0.731725759217593]
[1.0, 0.25829647884522766, 0.7417035211547723]
[1.0, 0.3773404697247259, 0.6226595302752741]
[1.0, 0.20541485335301057, 0.7945851466469894]
[1.0, 0.24434510637686224, 0.7556548936231378]
[1.0, 0.19001863580736023, 0.8099813641926398]
[1.0, 0.3654757615772867, 0.6345242384227133]
[1.0, 0.2539473777893143, 0.7460526222106857]
[1.0, 0.25612648296430196, 0.743873517035698]
[1.0, 0.1959073788608423, 0.8040926211391577]
[1.0, 0.5152704663526726, 0.48472953364732735]
[1.0, 0.38478729143758494, 0.6152127085624151]
[0.0, 0.5967749484372267, 0.4032250515627733]
[1.0, 0.4170833210988366, 0.5829166789011634]
[1.0, 0.4515106548633343, 0.5484893451366657]
[1.0, 0.5129802468787532, 0.4870197531212468]
[1.0, 0.5238017544185162, 0.4761982455814838]
[1.0, 0.5749765186713791, 0.42502348132862094]
[1.0, 0.27401846526013607, 0.7259815347398639]
[1.0, 0.27742071964711035, 0.7225792803528897]
[0.0, 0.7222801189726338, 0.2777198810273662]
[1.0, 0.5086951645178741, 0.4913048354821259]
[1.0, 0.5695067319513738, 0.4304932680486262]
[1.0, 0.3576375612529913, 0.6423624387470087]
[1.0, 0.5060231607005564, 0.4939768392994436]
[0.0, 0.608092831437236, 0.3919071685627639]
[1.0, 0.504493450901915, 0.495506549098085]
[1.0, 0.33546100812026536, 0.6645389918797346]
[1.0, 0.47562441653818566, 0.5243755834618143]
[1.0, 0.2910634615456046, 0.7089365384543954]
[0.0, 0.6751407836621593, 0.32485921633784065]
[1.0, 0.3291116306564278, 0.6708883693435722]
[1.0, 0.37575426734121, 0.62424573265879]
[1.0, 0.35099874698030564, 0.6490012530196944]
[1.0, 0.2063615722584219, 0.7936384277415781]
[1.0, 0.5467379916713475, 0.45326200832865254]
[1.0, 0.36486575433632473, 0.6351342456636753]
[1.0, 0.49287551581617106, 0.5071244841838289]
[1.0, 0.56756606781207, 0.43243393218793]
[0.0, 0.6004103822496754, 0.39958961775032464]
[0.0, 0.6157162679249859, 0.3842837320750141]
[1.0, 0.5532301696563944, 0.4467698303436056]
[0.0, 0.7886057697186168, 0.2113942302813832]
[0.0, 0.8074062253466058, 0.19259377465339425]
[0.0, 0.8245513166866245, 0.17544868331337554]
[0.0, 0.739170881870354, 0.2608291181296461]
[0.0, 0.6901339110713406, 0.3098660889286594]
[0.0, 0.7249541520674156, 0.2750458479325844]
[1.0, 0.5887587764662638, 0.4112412235337361]
[0.0, 0.8204179994704127, 0.17958200052958725]
[0.0, 0.8631508707699724, 0.13684912923002762]
[0.0, 0.7681462261141588, 0.2318537738858412]
[0.0, 0.7900645012191975, 0.20993549878080256]
[0.0, 0.823756667976412, 0.17624333202358797]
[0.0, 0.8131774382993389, 0.1868225617006612]
[0.0, 0.817811094602175, 0.18218890539782492]
[0.0, 0.7297463747179167, 0.27025362528208335]
[0.0, 0.7356995833189782, 0.2643004166810218]
[0.0, 0.750924425179448, 0.24907557482055193]
[0.0, 0.7501434998368772, 0.24985650016312272]
[0.0, 0.7968501239590635, 0.2031498760409365]
[0.0, 0.6909377060503867, 0.3090622939496132]
[0.0, 0.7703839606575826, 0.2296160393424174]
[0.0, 0.7354404376636445, 0.2645595623363555]
[0.0, 0.8365046652238697, 0.16349533477613037]
[0.0, 0.8341458043729331, 0.16585419562706688]
[0.0, 0.8486122304589497, 0.15138776954105024]
[0.0, 0.8143039606765148, 0.18569603932348527]
[0.0, 0.8252738794678146, 0.1747261205321854]
[0.0, 0.6981870542937162, 0.3018129457062838]
[0.0, 0.7817226694657586, 0.2182773305342414]
[0.0, 0.7433726858633428, 0.2566273141366572]
[0.0, 0.794399108263656, 0.20560089173634402]
[0.0, 0.8083208284060233, 0.19167917159397674]
[0.0, 0.8436130561323087, 0.1563869438676912]
[0.0, 0.8330336749972367, 0.16696632500276332]
[0.0, 0.866686115654041, 0.133313884345959]
[1.0, 0.2623437364395593, 0.7376562635604407]
[1.0, 0.48955213465979286, 0.5104478653402071]
[1.0, 0.5374603140929141, 0.46253968590708594]
[1.0, 0.5445389189295642, 0.45546108107043576]
[1.0, 0.5838341902481854, 0.41616580975181455]
[0.0, 0.6433327647950993, 0.3566672352049007]
[0.0, 0.5976439494006307, 0.4023560505993693]
[1.0, 0.5935135111432943, 0.4064864888567057]
[0.0, 0.6003988417139712, 0.3996011582860288]
[1.0, 0.5628906911990733, 0.4371093088009267]
[1.0, 0.5445389189295642, 0.45546108107043576]
[1.0, 0.5614928962440411, 0.43850710375595886]
[1.0, 0.534607853212351, 0.46539214678764895]
[1.0, 0.5459746580595306, 0.45402534194046945]
[1.0, 0.5487886740446668, 0.45121132595533325]
[1.0, 0.568498992098791, 0.43150100790120904]
[1.0, 0.5175354316772581, 0.48246456832274187]
[1.0, 0.5473820446555506, 0.45261795534444943]
[1.0, 0.534607853212351, 0.46539214678764895]
[1.0, 0.5018417265387775, 0.49815827346122254]
[1.0, 0.5089674189626983, 0.49103258103730174]
[1.0, 0.49897437492595353, 0.5010256250740465]
[1.0, 0.5289240660863563, 0.4710759339136437]
[1.0, 0.5671053389592048, 0.4328946610407952]
[1.0, 0.5657106231909865, 0.4342893768090135]
[0.0, 0.6003988417139712, 0.3996011582860288]
[0.0, 0.5990088043885353, 0.4009911956114646]
[0.0, 0.6058628660562886, 0.3941371339437114]
[1.0, 0.5740897821514936, 0.4259102178485063]
[1.0, 0.540310324938879, 0.459689675061121]
[1.0, 0.5018417265387775, 0.49815827346122254]
[1.0, 0.5161172790598401, 0.4838827209401599]
[1.0, 0.4733048833323076, 0.5266951166676924]
[1.0, 0.4280984296296386, 0.5719015703703614]
[1.0, 0.4961349275554271, 0.5038650724445729]
[1.0, 0.42531992515473793, 0.5746800748452621]
[1.0, 0.45627083073355323, 0.5437291692664468]
[1.0, 0.353267030665413, 0.646732969334587]
[1.0, 0.33522174105423075, 0.6647782589457693]
[1.0, 0.4039525158125685, 0.5960474841874315]
[1.0, 0.3717405159636066, 0.6282594840363934]
[1.0, 0.407041039257371, 0.592958960742629]
[1.0, 0.3838327028315205, 0.6161672971684795]
[1.0, 0.39468604037096866, 0.6053139596290313]
[0.0, 0.66194743688477, 0.33805256311523]
[1.0, 0.48125749330643974, 0.5187425066935603]
[1.0, 0.4768309386581502, 0.5231690613418498]
[1.0, 0.2782762233187104, 0.7217237766812896]
[1.0, 0.4662044363671143, 0.5337955636328857]
[1.0, 0.3201357301256724, 0.6798642698743276]
[1.0, 0.49326789603973775, 0.5067321039602622]
[1.0, 0.3908521508862314, 0.6091478491137686]
[1.0, 0.37041416999179677, 0.6295858300082032]
[1.0, 0.35719376211541, 0.64280623788459]
[1.0, 0.34162802951930116, 0.6583719704806988]
[0.0, 0.7183236207588451, 0.28167637924115485]
[0.0, 0.654057483432889, 0.34594251656711095]
[0.0, 0.7199073028287116, 0.2800926971712884]
[0.0, 0.6617512699195474, 0.3382487300804527]
[0.0, 0.8701895610758176, 0.1298104389241824]
[0.0, 0.8748753840561565, 0.12512461594384353]
[0.0, 0.8871778490613309, 0.11282215093866911]
[0.0, 0.8258638999001127, 0.17413610009988728]
[0.0, 0.8732609944954524, 0.1267390055045476]
[1.0, 0.49988021512580627, 0.5001197848741937]
[0.0, 0.8416470925385916, 0.1583529074614084]
[1.0, 0.5690950587073842, 0.43090494129261586]
[1.0, 0.33672820100943146, 0.6632717989905685]
[1.0, 0.5901852261549307, 0.4098147738450693]
[1.0, 0.5140943552561236, 0.48590564474387643]
[1.0, 0.505523619775393, 0.494476380224607]
[1.0, 0.5699543932533646, 0.4300456067466354]
[0.0, 0.8800504652976563, 0.11994953470234367]
[0.0, 0.8476373991346597, 0.15236260086534031]
[0.0, 0.7711313490511849, 0.2288686509488152]
[0.0, 0.8010395144320317, 0.19896048556796828]
[0.0, 0.6191687170978061, 0.3808312829021939]
[1.0, 0.5112920633271503, 0.48870793667284973]
[1.0, 0.4797632095199922, 0.5202367904800078]
[0.0, 0.7073312860367782, 0.29266871396322186]
[0.0, 0.7625497325447341, 0.23745026745526593]
[0.0, 0.6484023600413987, 0.35159763995860127]
[0.0, 0.7278968005369071, 0.2721031994630929]
[0.0, 0.6467855735928341, 0.3532144264071659]
[0.0, 0.6108090854958441, 0.3891909145041558]
[0.0, 0.877743146138792, 0.12225685386120795]
[0.0, 0.7082453425901718, 0.29175465740982826]
[0.0, 0.836101888301456, 0.16389811169854399]
[1.0, 0.4584224817304885, 0.5415775182695115]
[1.0, 0.41452885417234353, 0.5854711458276565]
[0.0, 0.7120388473296867, 0.2879611526703133]
[0.0, 0.690514833660545, 0.309485166339455]
[0.0, 0.6812217704173631, 0.31877822958263685]
[0.0, 0.8016090606761658, 0.19839093932383423]
[1.0, 0.4753546324979614, 0.5246453675020386]
[1.0, 0.428985769259541, 0.571014230740459]
[1.0, 0.4212583792351454, 0.5787416207648546]
[1.0, 0.4345863696312552, 0.5654136303687448]
[1.0, 0.5178180227910827, 0.48218197720891726]
[0.0, 0.6731738490585579, 0.32682615094144213]
[1.0, 0.5303835285080205, 0.4696164714919795]
[0.0, 0.7861050046066763, 0.21389499539332368]
[1.0, 0.5536953279554402, 0.44630467204455987]
[0.0, 0.7576216226939527, 0.24237837730604725]
[0.0, 0.8245513166866245, 0.17544868331337554]
[0.0, 0.7426308822269165, 0.25736911777308347]
[0.0, 0.7904928753003593, 0.20950712469964072]
[0.0, 0.7484488657530468, 0.2515511342469532]
[0.0, 0.7633656252225104, 0.2366343747774896]
[0.0, 0.734189328604014, 0.265810671395986]
[0.0, 0.714384806003663, 0.2856151939963369]
[1.0, 0.428985769259541, 0.571014230740459]
[0.0, 0.7397152759498999, 0.2602847240501001]
[0.0, 0.6696387011196071, 0.3303612988803929]
[1.0, 0.5798267029506708, 0.42017329704932915]
[1.0, 0.5015693903019439, 0.4984306096980561]
[1.0, 0.46142857394277415, 0.5385714260572259]
[1.0, 0.41981008634233086, 0.5801899136576691]
[0.0, 0.6814699610681941, 0.31853003893180587]
[1.0, 0.5889885841125115, 0.41101141588748846]
[0.0, 0.7054851494286902, 0.2945148505713097]
[0.0, 0.722634589934017, 0.2773654100659831]
[0.0, 0.6986147359218098, 0.30138526407819016]
[0.0, 0.7794051947022317, 0.2205948052977683]
[0.0, 0.820372736124482, 0.17962726387551795]
[0.0, 0.8015817581841596, 0.19841824181584042]
[0.0, 0.8161335403345759, 0.18386645966542414]
[0.0, 0.8036723390025786, 0.19632766099742133]
[0.0, 0.7841334844548885, 0.2158665155451115]
[0.0, 0.8231337660689235, 0.1768662339310765]
[0.0, 0.771735838156441, 0.22826416184355908]
[0.0, 0.8095014321342445, 0.1904985678657555]
[0.0, 0.8502249591188327, 0.1497750408811674]
[0.0, 0.7774800532894701, 0.22251994671052983]
[0.0, 0.8313694980848567, 0.16863050191514323]
[0.0, 0.8134436817625599, 0.18655631823744012]
[0.0, 0.7762309309876188, 0.2237690690123813]
[0.0, 0.818155186879078, 0.18184481312092204]
[0.0, 0.8049960971950214, 0.19500390280497862]
[0.0, 0.7788335703074145, 0.22116642969258551]
[0.0, 0.8381438785500608, 0.16185612144993916]
[0.0, 0.8578819970641975, 0.14211800293580246]
[0.0, 0.7870778976007355, 0.2129221023992644]
[0.0, 0.851621144611187, 0.14837885538881299]
[0.0, 0.8742238698473233, 0.12577613015267675]
[1.0, 0.5732170763782889, 0.42678292362171105]
[0.0, 0.6909576798663317, 0.3090423201336682]
[0.0, 0.7390339007270129, 0.2609660992729871]
[0.0, 0.7696855388412076, 0.23031446115879237]
[0.0, 0.7011002356241751, 0.2988997643758249]
[0.0, 0.5990088043885353, 0.4009911956114646]
[1.0, 0.5317808530745687, 0.46821914692543126]
[1.0, 0.28521647673782424, 0.7147835232621758]
[1.0, 0.476733897703441, 0.523266102296559]
[1.0, 0.5060821549012444, 0.4939178450987556]
[1.0, 0.5338017098385726, 0.4661982901614274]
[0.0, 0.6585170156448286, 0.3414829843551714]
[1.0, 0.5300562472289535, 0.4699437527710465]
[0.0, 0.7872240096128672, 0.2127759903871328]
[0.0, 0.7710218858486972, 0.2289781141513027]
[0.0, 0.7230287072266433, 0.2769712927733567]
[0.0, 0.7683167324827258, 0.2316832675172742]
[0.0, 0.8302596844353721, 0.16974031556462787]
[0.0, 0.7898645011560101, 0.21013549884398983]
[0.0, 0.6324384270224142, 0.3675615729775859]
[0.0, 0.8431435682470682, 0.15685643175293185]
[0.0, 0.7803800591073516, 0.21961994089264836]
[0.0, 0.8228858916408353, 0.1771141083591647]
[0.0, 0.7754553727782953, 0.22454462722170462]
[0.0, 0.706797450883242, 0.29320254911675797]
[1.0, 0.4348162708692843, 0.5651837291307157]
[0.0, 0.7874282207101984, 0.2125717792898017]
[0.0, 0.7026995911499847, 0.2973004088500153]
[1.0, 0.43096918961378494, 0.5690308103862151]
[1.0, 0.5511757436754565, 0.4488242563245435]
[0.0, 0.777984465505353, 0.22201553449464695]
[0.0, 0.8427427775666056, 0.15725722243339438]
[0.0, 0.7491197321224722, 0.2508802678775278]
[0.0, 0.8247559858377139, 0.17524401416228608]
[0.0, 0.7323917275277532, 0.2676082724722468]
[0.0, 0.605796211662246, 0.3942037883377541]
[0.0, 0.6437648791078743, 0.3562351208921257]
[0.0, 0.6511378484371115, 0.3488621515628884]
[0.0, 0.6441106735382334, 0.35588932646176663]
[0.0, 0.64280779106392, 0.35719220893608]
[1.0, 0.4350318015008231, 0.5649681984991769]
[1.0, 0.4160087538856362, 0.5839912461143638]
[1.0, 0.4317116044141118, 0.5682883955858882]
[0.0, 0.7000285124265004, 0.2999714875734995]
[0.0, 0.7169741947837429, 0.28302580521625714]
[0.0, 0.7208861554751271, 0.2791138445248728]
[0.0, 0.7545085236276615, 0.24549147637233848]
[0.0, 0.8025667672163962, 0.19743323278360378]
[0.0, 0.6082381626544453, 0.3917618373455547]
[0.0, 0.618603825128655, 0.381396174871345]
[0.0, 0.7277135606084082, 0.2722864393915918]
[0.0, 0.790990230697947, 0.209009769302053]
[0.0, 0.7492513150416041, 0.25074868495839586]
[1.0, 0.5759016198943319, 0.4240983801056682]
[1.0, 0.5922168623602264, 0.40778313763977364]
[0.0, 0.6774063432950812, 0.32259365670491874]
[1.0, 0.5642469183982688, 0.43575308160173115]
[0.0, 0.660966624489101, 0.3390333755108989]
[0.0, 0.6860279480625777, 0.3139720519374222]
[0.0, 0.6981995498524058, 0.3018004501475942]
[1.0, 0.5849965054357711, 0.41500349456422886]
[1.0, 0.5909214370977038, 0.40907856290229616]
[0.0, 0.6345321207193468, 0.36546787928065316]
[0.0, 0.7730032635310926, 0.2269967364689074]
[0.0, 0.7049861207203634, 0.2950138792796366]
[0.0, 0.745249881446863, 0.254750118553137]
[0.0, 0.8352333903785585, 0.16476660962144146]
[0.0, 0.7578979070911244, 0.24210209290887563]
[0.0, 0.7998672442665122, 0.20013275573348777]
[0.0, 0.8149108226974646, 0.18508917730253532]
[0.0, 0.8178814678787305, 0.18211853212126952]
[0.0, 0.7034163494010492, 0.2965836505989507]
[0.0, 0.8404979390949798, 0.15950206090502012]
[0.0, 0.6932162215223704, 0.3067837784776296]
[0.0, 0.8472348226176125, 0.15276517738238748]
[1.0, 0.4363984379986763, 0.5636015620013237]
[0.0, 0.6918354358917258, 0.30816456410827414]
[0.0, 0.6975302824663439, 0.3024697175336561]
[0.0, 0.6925835166815812, 0.3074164833184187]
[1.0, 0.40039747919940527, 0.5996025208005947]
[1.0, 0.5074926200892642, 0.49250737991073584]
[0.0, 0.6757568886548415, 0.32424311134515854]
[1.0, 0.4899124484049703, 0.5100875515950297]
[1.0, 0.5090245857053686, 0.49097541429463143]
[1.0, 0.5446067567883389, 0.4553932432116611]
[1.0, 0.5219731590588021, 0.4780268409411978]
[0.0, 0.7184528869044335, 0.2815471130955664]
[0.0, 0.7869173691881035, 0.21308263081189646]
[0.0, 0.8671420372188192, 0.1328579627811808]
[0.0, 0.7426354038522598, 0.25736459614774027]
[0.0, 0.8181612713771189, 0.1818387286228811]
[0.0, 0.8431698516830372, 0.15683014831696288]
[0.0, 0.7853524477779982, 0.2146475522220018]
[0.0, 0.8494661694089827, 0.15053383059101727]
[0.0, 0.8586820128599637, 0.14131798714003627]
[0.0, 0.804777917894689, 0.195222082105311]
[0.0, 0.7599312728914134, 0.2400687271085866]
[0.0, 0.8029696472536297, 0.1970303527463703]
[0.0, 0.8120802697434434, 0.1879197302565566]
[0.0, 0.6240686695708013, 0.37593133042919874]
[0.0, 0.7995737184373547, 0.20042628156264533]
[0.0, 0.7223336847937498, 0.27766631520625024]
[1.0, 0.4726594179740753, 0.5273405820259247]
[1.0, 0.424343811194942, 0.575656188805058]
[0.0, 0.7361397643026221, 0.26386023569737793]
[1.0, 0.35131539208131346, 0.6486846079186865]
[1.0, 0.39563228367984926, 0.6043677163201507]
[0.0, 0.7643662257646145, 0.23563377423538542]
[0.0, 0.6731650499601423, 0.32683495003985774]
[0.0, 0.652211031678227, 0.347788968321773]
[0.0, 0.7562601631335727, 0.24373983686642728]
[0.0, 0.7155884185487313, 0.2844115814512686]
[1.0, 0.3468163223675619, 0.6531836776324381]
[1.0, 0.2526242736274157, 0.7473757263725843]
[0.0, 0.6546862330689069, 0.345313766931093]
[0.0, 0.7318210621592085, 0.26817893784079144]
[0.0, 0.6738482036384399, 0.32615179636156016]
[1.0, 0.4547513491947036, 0.5452486508052964]
[0.0, 0.706880120356018, 0.29311987964398195]
[0.0, 0.6945738379501012, 0.3054261620498988]
[0.0, 0.6567771135385347, 0.34322288646146526]
[0.0, 0.6978581807695945, 0.30214181923040556]
[1.0, 0.5090788814444869, 0.4909211185555132]
[0.0, 0.6052909117874818, 0.3947090882125182]
[0.0, 0.6695022300421806, 0.33049776995781943]
[1.0, 0.4975311572524145, 0.5024688427475855]
[1.0, 0.3269452902369342, 0.6730547097630658]
[0.0, 0.7765188581870451, 0.22348114181295486]
[0.0, 0.7845851992458299, 0.21541480075417005]
[0.0, 0.6433802953852067, 0.3566197046147933]
[1.0, 0.5632970546357634, 0.43670294536423665]
[1.0, 0.3737140380252807, 0.6262859619747193]
[0.0, 0.8149297819587306, 0.1850702180412694]
[0.0, 0.8359011229203157, 0.16409887707968432]
[0.0, 0.8088114000395678, 0.19118859996043225]
[0.0, 0.7695052081672806, 0.2304947918327194]
[1.0, 0.4228262631048426, 0.5771737368951574]
[1.0, 0.45528786991890324, 0.5447121300810968]
[0.0, 0.756300782617523, 0.24369921738247707]
[1.0, 0.514936693765071, 0.48506330623492905]
[1.0, 0.5048249177812354, 0.49517508221876455]
[0.0, 0.68411789331746, 0.31588210668254]
[1.0, 0.5742765698433279, 0.42572343015667213]
[0.0, 0.7396282802420611, 0.260371719757939]
[0.0, 0.8375797949197015, 0.16242020508029856]
[1.0, 0.574997093438087, 0.42500290656191303]
[0.0, 0.8527072387031033, 0.14729276129689672]
[0.0, 0.7334836283391166, 0.2665163716608834]
[0.0, 0.770033643174105, 0.229966356825895]
[0.0, 0.8018971223516521, 0.19810287764834789]
[0.0, 0.8584863030118829, 0.14151369698811714]
[0.0, 0.8383448954188139, 0.16165510458118618]
[0.0, 0.6357512973152363, 0.3642487026847637]
[0.0, 0.8740294717172545, 0.1259705282827454]
[0.0, 0.6514577694494926, 0.34854223055050737]
[0.0, 0.60012155040485, 0.39987844959514995]
[0.0, 0.703506076685221, 0.2964939233147789]
[0.0, 0.6436559263060941, 0.3563440736939059]
[0.0, 0.6744173458170885, 0.32558265418291155]
[0.0, 0.7187607467953567, 0.2812392532046432]
[0.0, 0.6655790174935703, 0.3344209825064297]
[0.0, 0.7095245283607182, 0.2904754716392818]
[0.0, 0.7175887724932135, 0.28241122750678654]
[0.0, 0.7199073028287116, 0.2800926971712884]
[0.0, 0.7988292230175598, 0.20117077698244026]
[1.0, 0.5505087046232695, 0.44949129537673055]
[1.0, 0.508826880197094, 0.491173119802906]
[0.0, 0.9054539898917066, 0.09454601010829347]
[0.0, 0.7233520630939656, 0.27664793690603434]
[0.0, 0.7256191988530077, 0.27438080114699226]
[0.0, 0.7630419139098057, 0.23695808609019425]
[0.0, 0.7244870761240014, 0.27551292387599857]
[1.0, 0.5841155833528596, 0.4158844166471404]
[0.0, 0.7290201527652769, 0.27097984723472307]
[0.0, 0.8584863030118829, 0.14151369698811714]
[0.0, 0.6320702866783141, 0.36792971332168584]
[0.0, 0.7087253681593844, 0.2912746318406157]
[1.0, 0.58448641054, 0.41551358946000005]
[0.0, 0.878481511509364, 0.12151848849063601]
[0.0, 0.7294790531426039, 0.27052094685739614]
[1.0, 0.5913924772703205, 0.40860752272967943]
[0.0, 0.7256191988530077, 0.27438080114699226]
[0.0, 0.7244870761240014, 0.27551292387599857]
[0.0, 0.8883207759223928, 0.11167922407760723]
[0.0, 0.8733881301891894, 0.12661186981081063]
[0.0, 0.6542708140793868, 0.3457291859206132]
[0.0, 0.7335060804057036, 0.26649391959429636]
[1.0, 0.3690907513290371, 0.6309092486709629]
[0.0, 0.6077214833772924, 0.39227851662270763]
[0.0, 0.7701937807737524, 0.22980621922624753]
[1.0, 0.5698076927468554, 0.43019230725314467]
[1.0, 0.5843469625879731, 0.4156530374120268]
[0.0, 0.6158405141371067, 0.3841594858628933]
[0.0, 0.7100464909786617, 0.2899535090213383]
[1.0, 0.5109973956109822, 0.48900260438901777]
[0.0, 0.6744760180393208, 0.32552398196067917]
[0.0, 0.6666360808679647, 0.33336391913203534]
[1.0, 0.5920331567303398, 0.40796684326966015]
[1.0, 0.5617780569397701, 0.4382219430602298]
[1.0, 0.48492716231084465, 0.5150728376891553]
[1.0, 0.53529889934759, 0.46470110065240994]
[0.0, 0.6091043066174575, 0.39089569338254243]
[0.0, 0.8449723267482836, 0.15502767325171637]
[0.0, 0.8914536940138125, 0.10854630598618747]
[0.0, 0.8395210362257491, 0.16047896377425083]
[0.0, 0.8206623480822319, 0.17933765191776813]
[0.0, 0.8517751011305954, 0.14822489886940454]
[0.0, 0.8235703580984689, 0.17642964190153107]
[0.0, 0.8868191241281911, 0.1131808758718089]
[0.0, 0.7630419139098057, 0.23695808609019425]
[0.0, 0.7721979377807039, 0.22780206221929608]
[0.0, 0.5949178060474278, 0.4050821939525721]
[0.0, 0.8818971605471124, 0.11810283945288758]
[0.0, 0.8769965015591781, 0.12300349844082187]
[0.0, 0.7350933328089166, 0.26490666719108336]
[0.0, 0.8259082339140766, 0.17409176608592333]
[0.0, 0.7228434882882513, 0.27715651171174877]
[0.0, 0.8742120866221825, 0.12578791337781753]
[1.0, 0.5623970781639294, 0.43760292183607064]
[0.0, 0.824384912012633, 0.17561508798736697]
[1.0, 0.342281306774299, 0.657718693225701]
[1.0, 0.35499584473990387, 0.6450041552600961]
[1.0, 0.5842918095695218, 0.4157081904304782]
[1.0, 0.5670456479827037, 0.43295435201729626]
[1.0, 0.5768052427711645, 0.4231947572288355]
[1.0, 0.5670456479827037, 0.43295435201729626]
[0.0, 0.722184250720081, 0.27781574927991903]
[0.0, 0.6815970834624696, 0.31840291653753033]
[0.0, 0.6393883469030259, 0.36061165309697407]
[1.0, 0.5796888252584697, 0.42031117474153035]
[1.0, 0.23945159763176527, 0.7605484023682347]
[1.0, 0.38406027791809794, 0.6159397220819021]
[1.0, 0.27316337597981377, 0.7268366240201862]
[1.0, 0.17023604072998277, 0.8297639592700172]
[1.0, 0.1554586439414145, 0.8445413560585855]
[1.0, 0.32217755120657177, 0.6778224487934282]
[1.0, 0.1797014198248974, 0.8202985801751026]
[1.0, 0.23497153561354, 0.76502846438646]
[1.0, 0.5058207995104562, 0.49417920048954384]
[1.0, 0.5748930655720357, 0.4251069344279643]
[1.0, 0.21033313523810127, 0.7896668647618987]
[1.0, 0.3633194507334174, 0.6366805492665826]
[0.0, 0.7377488464789645, 0.2622511535210354]
[0.0, 0.7656456844229784, 0.2343543155770216]
[0.0, 0.8144760314399448, 0.1855239685600551]
[0.0, 0.6758093496993284, 0.3241906503006716]
[0.0, 0.8149169278337784, 0.18508307216622155]
[0.0, 0.6029467491760935, 0.3970532508239065]
[0.0, 0.7575778756308635, 0.24242212436913643]
[0.0, 0.7186595010710513, 0.2813404989289487]
[0.0, 0.7988345739008257, 0.2011654260991743]
[1.0, 0.2994113675565727, 0.7005886324434273]
[0.0, 0.6323491369022198, 0.36765086309778017]
[0.0, 0.6149185420000451, 0.38508145799995486]
[0.0, 0.6814609449630632, 0.3185390550369368]
[0.0, 0.8146718011909936, 0.18532819880900644]
[0.0, 0.781895084189212, 0.21810491581078797]
[0.0, 0.6814159898730168, 0.31858401012698323]
[0.0, 0.6284815867571993, 0.37151841324280066]
[0.0, 0.6055411640934162, 0.3944588359065838]
[1.0, 0.5695886576926534, 0.43041134230734657]
[1.0, 0.59044473477072, 0.40955526522927993]
[0.0, 0.7942959055145358, 0.20570409448546426]
[0.0, 0.7162040021625539, 0.28379599783744613]
[1.0, 0.5022725268430429, 0.4977274731569571]
[0.0, 0.8432754364062749, 0.15672456359372516]
[0.0, 0.7669401094998461, 0.23305989050015383]
[0.0, 0.8087639235963502, 0.19123607640364979]
[0.0, 0.8110544206414761, 0.18894557935852385]
[0.0, 0.8088941207714235, 0.1911058792285765]
[0.0, 0.6457084075344091, 0.35429159246559094]
[0.0, 0.6232200987060856, 0.37677990129391437]
[0.0, 0.7914071670384542, 0.20859283296154582]
[0.0, 0.8746993685776631, 0.12530063142233694]
[0.0, 0.8472043049550636, 0.1527956950449364]
[0.0, 0.8525618842221969, 0.14743811577780314]
[0.0, 0.8005943227171406, 0.19940567728285935]
[0.0, 0.7788635554670931, 0.2211364445329069]
[0.0, 0.814384746665469, 0.18561525333453097]
[0.0, 0.7218762216110886, 0.27812377838891145]
[0.0, 0.830438925623443, 0.16956107437655696]
[0.0, 0.8502861013234554, 0.1497138986765446]
[0.0, 0.8120115550919094, 0.18798844490809058]
[0.0, 0.8524560106681163, 0.14754398933188376]
[0.0, 0.8247353132936623, 0.1752646867063376]
[0.0, 0.8498680535388049, 0.1501319464611951]
[0.0, 0.8059174820428476, 0.19408251795715242]
[1.0, 0.5591069865991298, 0.4408930134008701]
[0.0, 0.8180378787051685, 0.18196212129483147]
[0.0, 0.775470017841598, 0.22452998215840203]
[0.0, 0.8171910146087231, 0.18280898539127682]
[0.0, 0.8128769188770457, 0.18712308112295425]
[0.0, 0.7514610966153553, 0.24853890338464465]
[0.0, 0.8005143747841602, 0.19948562521583976]
[0.0, 0.7653674821865869, 0.23463251781341307]
[0.0, 0.7117676169450461, 0.2882323830549539]
[0.0, 0.7239797916707453, 0.2760202083292547]
[1.0, 0.5647081883143177, 0.4352918116856824]
[0.0, 0.8299690175866221, 0.17003098241337783]
[0.0, 0.7385725268205191, 0.2614274731794809]
[0.0, 0.772564966597058, 0.22743503340294202]
[0.0, 0.6699662463808521, 0.3300337536191479]
[0.0, 0.8384105749652545, 0.1615894250347455]
[0.0, 0.8376245635411892, 0.16237543645881078]
[0.0, 0.6384681014326025, 0.36153189856739754]
[0.0, 0.8643110915184022, 0.1356889084815978]
[0.0, 0.8150155306215099, 0.18498446937849006]
[0.0, 0.6833776826053055, 0.31662231739469443]
[0.0, 0.6279845719094603, 0.37201542809053967]
[0.0, 0.6730086400891144, 0.3269913599108855]
[1.0, 0.5513015821452516, 0.4486984178547484]
[0.0, 0.7194938236422754, 0.2805061763577246]
[0.0, 0.6048149602528441, 0.39518503974715596]
[0.0, 0.7761760574074996, 0.22382394259250032]
[0.0, 0.7554270874219648, 0.24457291257803518]
[0.0, 0.8081027892815621, 0.19189721071843788]
[0.0, 0.6841081181709827, 0.3158918818290173]
[0.0, 0.8013337842737634, 0.19866621572623658]
[1.0, 0.20074419459828952, 0.7992558054017105]
[0.0, 0.7692996080707133, 0.23070039192928676]
[0.0, 0.7285606209573061, 0.2714393790426939]
[1.0, 0.45902962680850423, 0.5409703731914958]
[1.0, 0.3521355923538716, 0.6478644076461284]
[1.0, 0.4528582396424635, 0.5471417603575365]
[1.0, 0.5017709000341888, 0.49822909996581116]
[0.0, 0.7357599165422668, 0.2642400834577332]
[0.0, 0.6665915424044696, 0.3334084575955304]
[0.0, 0.670391797915171, 0.329608202084829]
