[88.45557002067567, 0.0]
[0.6866666650772095, 0.0]
[1.7130000174045563, 0.0]
[2.4466666650772093, 0.0]
[8.371333384513855, 0.0]
[5.12, 0.0]
[7.328000054359436, 0.0]
[15.31828562259674, 0.0]
[4.91, 0.0]
[0.8, 0.0]
[1.9651428365707397, 0.0]
[5.12, 0.0]
[5.362476165294647, 0.0]
[0.0, 0.0]
[88.45557002067567, 0.0]
[15.31828562259674, 0.0]
[9.341333384513854, 0.0]
[9.872476143836975, 0.0]
[15.31828562259674, 0.0]
[0.0, 0.0]
[9.207809481620789, 0.0]
[91.20999862670898, 0.0]
[3.1184761762619018, 0.0]
[-1.7541904902458192, 0.0]
[1.04, 0.0]
[1.1330000174045562, 0.0]
[0.2, 0.0]
[0.17666666507720946, 0.0]
[0.15666666507720947, 0.0]
[-1.7541904902458192, 0.0]
[2.1051428365707396, 0.0]
[5.362476165294647, 0.0]
[1.7130000174045563, 0.0]
[3.6730000233650206, 0.0]
[10.072476143836974, 0.0]
[-1.7541904902458192, 0.0]
[4.91, 0.0]
[5.12, 0.0]
[1.8166666650772094, 0.0]
[5.362476165294647, 0.0]
