[88.45557002067567, 0.0]
[10.09847617149353, 0.0]
[10.09847617149353, 0.0]
[1.9651428365707397, 0.0]
java.lang.ArrayIndexOutOfBoundsException
java.lang.ArrayIndexOutOfBoundsException
[4.925333366394043, 0.0]
[4.925333366394043, 0.0]
[4.925333366394043, 0.0]
[4.925333366394043, 0.0]
[4.925333366394043, 0.0]
[4.925333366394043, 0.0]
[4.925333366394043, 0.0]
[4.925333366394043, 0.0]
[4.925333366394043, 0.0]
[4.925333366394043, 0.0]
[4.925333366394043, 0.0]
[4.925333366394043, 0.0]
[4.925333366394043, 0.0]
[4.925333366394043, 0.0]
[4.925333366394043, 0.0]
[4.925333366394043, 0.0]
[4.925333366394043, 0.0]
[4.925333366394043, 0.0]
[4.925333366394043, 0.0]
[4.925333366394043, 0.0]
[10.09847617149353]
