[0.0, 0.886626777946949, 0.113373222053051]
[0.0, 0.9020992410182953, 0.0979007589817047]
[0.0, 0.9032718180119992, 0.09672818198800082]
[0.0, 0.8420669615268708, 0.15793303847312923]
[0.0, 0.8544786712527275, 0.14552132874727253]
[0.0, 0.8928811150789261, 0.10711888492107391]
[0.0, 0.8385435140505433, 0.16145648594945672]
[0.0, 0.8754543903470039, 0.1245456096529961]
[0.0, 0.7879570014774799, 0.21204299852252007]
[0.0, 0.7426893362402915, 0.25731066375970846]
[0.0, 0.8737893095612526, 0.12621069043874744]
[0.0, 0.6216199185419827, 0.37838008145801727]
[0.0, 0.8193363089859486, 0.18066369101405144]
[0.0, 0.7302778831869364, 0.2697221168130636]
[0.0, 0.7739857975766062, 0.22601420242339376]
[0.0, 0.7795925644040108, 0.2204074355959892]
[0.0, 0.7660735839232803, 0.2339264160767197]
[0.0, 0.7828478167951107, 0.21715218320488927]
[0.0, 0.8014780022669583, 0.1985219977330417]
[0.0, 0.7440160839818418, 0.2559839160181582]
[0.0, 0.8172069077938795, 0.1827930922061205]
[0.0, 0.9486656698584557, 0.051334330141544315]
[0.0, 0.9440099081397056, 0.055990091860294355]
[0.0, 0.9547181794047356, 0.04528182059526442]
[0.0, 0.9684942904114723, 0.03150570958852772]
[0.0, 0.8466691122949124, 0.15333088770508763]
[1.0, 0.20378007471561432, 0.7962199252843857]
[1.0, 0.08935870509594679, 0.9106412949040532]
[1.0, 0.03881429710425437, 0.9611857028957457]
[1.0, 0.03369724326767028, 0.9663027567323297]
[1.0, 0.048030329877510665, 0.9519696701224893]
[1.0, 0.028463451685383917, 0.9715365483146161]
[1.0, 0.028170351022854447, 0.9718296489771455]
[1.0, 0.06611970563419163, 0.9338802943658083]
[1.0, 0.05254956775344908, 0.9474504322465509]
[1.0, 0.061280680680647494, 0.9387193193193525]
[1.0, 0.031261106068268416, 0.9687388939317316]
[1.0, 0.12805298056453465, 0.8719470194354654]
[1.0, 0.07991836723871529, 0.9200816327612847]
[1.0, 0.06212028433568775, 0.9378797156643123]
[1.0, 0.04788340386003256, 0.9521165961399675]
[1.0, 0.14872413516044616, 0.8512758648395539]
[1.0, 0.0673171478882432, 0.9326828521117568]
[1.0, 0.08259244260378182, 0.9174075573962182]
[1.0, 0.06781648163683712, 0.9321835183631628]
[1.0, 0.051116301910951734, 0.9488836980890483]
[1.0, 0.08409704712219536, 0.9159029528778047]
[1.0, 0.0491429165750742, 0.9508570834249258]
[1.0, 0.049348156787455084, 0.9506518432125449]
[1.0, 0.08653349727392197, 0.913466502726078]
[1.0, 0.0845750817656517, 0.9154249182343484]
[1.0, 0.09955992553383113, 0.9004400744661689]
[1.0, 0.08721760627813638, 0.9127823937218636]
[1.0, 0.11858885824680328, 0.8814111417531967]
[1.0, 0.055156533205881715, 0.9448434667941182]
[1.0, 0.07532332659699023, 0.9246766734030097]
[1.0, 0.09844647333025933, 0.9015535266697406]
[1.0, 0.065174263054505, 0.934825736945495]
[1.0, 0.09436240904033184, 0.9056375909596681]
[1.0, 0.08224011920392513, 0.9177598807960748]
[1.0, 0.08226441778242588, 0.9177355822175741]
[1.0, 0.06350123864598572, 0.9364987613540143]
[1.0, 0.1327242848277092, 0.8672757151722907]
[1.0, 0.0905476859305054, 0.9094523140694946]
[1.0, 0.08683364942669869, 0.9131663505733013]
[1.0, 0.1789659281075001, 0.8210340718924999]
[1.0, 0.15223495461046696, 0.847765045389533]
[1.0, 0.2047649697214365, 0.7952350302785635]
[1.0, 0.25304899990558627, 0.7469510000944137]
[1.0, 0.11811093125492335, 0.8818890687450767]
[1.0, 0.1455858477950096, 0.8544141522049904]
[1.0, 0.12526736374944447, 0.8747326362505555]
[1.0, 0.12733588062226772, 0.8726641193777323]
[1.0, 0.1388867464661598, 0.8611132535338402]
[1.0, 0.14025912255048753, 0.8597408774495124]
[1.0, 0.12720010071992874, 0.8727998992800713]
[1.0, 0.16074817553162574, 0.8392518244683742]
[1.0, 0.24238556891679763, 0.7576144310832024]
[1.0, 0.23604415006935597, 0.763955849930644]
[1.0, 0.19391700096428394, 0.8060829990357161]
[1.0, 0.17609833016991616, 0.8239016698300838]
[1.0, 0.08485500000417233, 0.9151449999958277]
[1.0, 0.10084135815501213, 0.8991586418449878]
[1.0, 0.22984316267073154, 0.7701568373292684]
[1.0, 0.23029420420527458, 0.7697057957947254]
[1.0, 0.06497389942407608, 0.935026100575924]
[1.0, 0.11301433682441711, 0.8869856631755829]
[1.0, 0.07859419047832489, 0.9214058095216751]
[1.0, 0.08632663786411285, 0.9136733621358871]
[1.0, 0.07925591602921486, 0.9207440839707851]
[1.0, 0.05816528011113405, 0.9418347198888659]
[1.0, 0.1161843652650714, 0.8838156347349286]
[1.0, 0.07902377918362617, 0.9209762208163739]
[1.0, 0.07067155286669731, 0.9293284471333026]
[1.0, 0.0728825643658638, 0.9271174356341362]
[1.0, 0.05655090510845184, 0.9434490948915482]
[1.0, 0.12454169578850269, 0.8754583042114973]
[1.0, 0.08711560018360615, 0.9128843998163938]
[1.0, 0.07280278799124063, 0.9271972120087594]
[1.0, 0.11913756214082241, 0.8808624378591776]
[1.0, 0.04765191107988358, 0.9523480889201165]
[1.0, 0.0741501296684146, 0.9258498703315854]
[1.0, 0.0597497121989727, 0.9402502878010273]
[1.0, 0.06837759405374527, 0.9316224059462548]
[1.0, 0.040997883174568414, 0.9590021168254316]
[1.0, 0.05601429224014282, 0.9439857077598571]
[1.0, 0.06300560496747494, 0.936994395032525]
[1.0, 0.08176972846500576, 0.9182302715349943]
[1.0, 0.0854471400566399, 0.9145528599433601]
[1.0, 0.12626921521499754, 0.8737307847850024]
[1.0, 0.08090152576565743, 0.9190984742343425]
[1.0, 0.21746343974024057, 0.7825365602597594]
[1.0, 0.1029867884516716, 0.8970132115483284]
[1.0, 0.10087343173101544, 0.8991265682689845]
[1.0, 0.1020645437669009, 0.8979354562330991]
[1.0, 0.10569120801985264, 0.8943087919801473]
[1.0, 0.12289659328758716, 0.8771034067124128]
[1.0, 0.15198416769504547, 0.8480158323049545]
[1.0, 0.21020425364375114, 0.7897957463562488]
[1.0, 0.14000533252954483, 0.8599946674704552]
[1.0, 0.18926263570785523, 0.8107373642921447]
[1.0, 0.3269922760128975, 0.6730077239871025]
[1.0, 0.2931149174273014, 0.7068850825726987]
[1.0, 0.3049773080646992, 0.6950226919353009]
[0.0, 0.901741052865982, 0.09825894713401795]
[0.0, 0.9157990860939026, 0.08420091390609741]
[0.0, 0.8628877364099026, 0.13711226359009743]
[0.0, 0.8499335631728172, 0.1500664368271828]
[0.0, 0.9113380041718483, 0.08866199582815171]
[0.0, 0.884623538851738, 0.11537646114826206]
[0.0, 0.9121807786822319, 0.08781922131776809]
[0.0, 0.9121087828278541, 0.08789121717214587]
[0.0, 0.9126734808087349, 0.0873265191912651]
[0.0, 0.902379230260849, 0.09762076973915101]
[0.0, 0.9182618722319603, 0.08173812776803968]
[0.0, 0.893834967315197, 0.10616503268480304]
[0.0, 0.87321373462677, 0.12678626537323]
[0.0, 0.9080792784690856, 0.09192072153091435]
[0.0, 0.9043114545941353, 0.09568854540586469]
[0.0, 0.903203202188015, 0.09679679781198502]
[0.0, 0.8919408556818962, 0.10805914431810382]
[0.0, 0.8719654336571694, 0.1280345663428306]
[0.0, 0.90722392141819, 0.09277607858181003]
[0.0, 0.9169266755878925, 0.08307332441210746]
[0.0, 0.9156961250305176, 0.08430387496948244]
[0.0, 0.8832375288009644, 0.1167624711990356]
[0.0, 0.8066584122180939, 0.19334158778190613]
[0.0, 0.8890631115436554, 0.11093688845634464]
[0.0, 0.81255227252841, 0.18744772747159]
[0.0, 0.736545161753893, 0.26345483824610705]
[0.0, 0.8995392942428588, 0.10046070575714117]
[0.0, 0.9096641364693642, 0.09033586353063583]
[0.0, 0.868909849524498, 0.131090150475502]
[0.0, 0.853332177400589, 0.14666782259941102]
[0.0, 0.8804142785072326, 0.11958572149276736]
[0.0, 0.882613827586174, 0.11738617241382598]
[0.0, 0.8847146692872048, 0.11528533071279523]
[0.0, 0.9192815071344376, 0.08071849286556243]
[0.0, 0.9014368218183517, 0.09856317818164828]
[0.0, 0.9096882550418377, 0.0903117449581623]
[0.0, 0.9245773994922638, 0.07542260050773619]
[0.0, 0.8807998275756836, 0.11920017242431635]
[0.0, 0.9049382793903351, 0.09506172060966489]
[0.0, 0.9085546790063381, 0.09144532099366187]
[0.0, 0.8969652906060219, 0.10303470939397807]
[0.0, 0.894567457139492, 0.10543254286050796]
[0.0, 0.919597205221653, 0.080402794778347]
[0.0, 0.9246330079436302, 0.07536699205636976]
[0.0, 0.8648400932550431, 0.13515990674495693]
[0.0, 0.9136307428777218, 0.08636925712227816]
[0.0, 0.914011785686016, 0.08598821431398396]
[0.0, 0.9041253232955933, 0.09587467670440675]
[0.0, 0.9183524355292321, 0.08164756447076793]
[0.0, 0.8914775481820106, 0.10852245181798936]
[0.0, 0.9436932662129403, 0.05630673378705975]
[0.0, 0.9118812081217765, 0.08811879187822347]
[0.0, 0.9265278699994087, 0.07347213000059127]
[0.0, 0.9083355522155762, 0.09166444778442384]
[0.0, 0.8657545122504234, 0.13424548774957656]
[0.0, 0.9118730941414833, 0.08812690585851668]
[0.0, 0.7959232543408871, 0.20407674565911293]
[0.0, 0.8571703377366066, 0.14282966226339344]
[0.0, 0.6603572858870029, 0.33964271411299707]
[0.0, 0.60712809773162, 0.39287190226838]
[0.0, 0.868065479695797, 0.13193452030420305]
[0.0, 0.8922822767496109, 0.10771772325038909]
[0.0, 0.9377378275990487, 0.06226217240095133]
[0.0, 0.9640398433804512, 0.035960156619548767]
[0.0, 0.9472957417368889, 0.05270425826311109]
[0.0, 0.931663718521595, 0.06833628147840498]
[1.0, 0.1367518586292863, 0.8632481413707137]
[1.0, 0.053892703577876094, 0.9461072964221239]
[1.0, 0.05270922658033669, 0.9472907734196633]
[1.0, 0.05031594493426383, 0.9496840550657362]
[1.0, 0.05028465335257351, 0.9497153466474265]
[1.0, 0.05794143043458462, 0.9420585695654153]
[1.0, 0.0437880615144968, 0.9562119384855032]
[1.0, 0.04109431986697018, 0.9589056801330298]
[1.0, 0.08920341026037931, 0.9107965897396206]
[1.0, 0.1276452635228634, 0.8723547364771366]
[1.0, 0.13817702930420636, 0.8618229706957936]
[1.0, 0.11323038350790739, 0.8867696164920926]
[1.0, 0.1853472915664315, 0.8146527084335685]
[1.0, 0.17552291233092546, 0.8244770876690746]
[1.0, 0.16350740555673837, 0.8364925944432616]
[1.0, 0.12341511340811849, 0.8765848865918815]
[1.0, 0.2575968160666525, 0.7424031839333475]
[1.0, 0.20433735985308885, 0.7956626401469111]
[1.0, 0.19853958256542684, 0.8014604174345732]
[1.0, 0.19678644333034753, 0.8032135566696524]
[1.0, 0.2751238885521889, 0.7248761114478111]
[1.0, 0.2567628913745284, 0.7432371086254717]
[1.0, 0.2625839690119028, 0.7374160309880973]
[1.0, 0.4649487443268299, 0.5350512556731701]
[1.0, 0.4095883822068572, 0.5904116177931428]
[1.0, 0.25688651675358415, 0.7431134832464159]
[1.0, 0.2900257632881403, 0.7099742367118598]
[1.0, 0.36243886064738035, 0.6375611393526197]
[1.0, 0.39700463846325873, 0.6029953615367413]
[1.0, 0.26422036916017533, 0.7357796308398247]
[1.0, 0.1669218148291111, 0.8330781851708889]
[1.0, 0.299090807121247, 0.700909192878753]
[1.0, 0.2476715735718608, 0.7523284264281392]
[1.0, 0.17731669027358293, 0.822683309726417]
[1.0, 0.26017168946564195, 0.739828310534358]
[1.0, 0.27470046604052184, 0.7252995339594781]
[1.0, 0.12170720458030701, 0.878292795419693]
[1.0, 0.15446755051612854, 0.8455324494838714]
[1.0, 0.10341507017612457, 0.8965849298238754]
[1.0, 0.11534519478678704, 0.8846548052132129]
[1.0, 0.17247772190719843, 0.8275222780928015]
[1.0, 0.27660773769021035, 0.7233922623097897]
[1.0, 0.22473540633916855, 0.7752645936608314]
[1.0, 0.5051949594914913, 0.4948050405085087]
[0.0, 0.8646887448430062, 0.13531125515699383]
[0.0, 0.8150364603102207, 0.1849635396897793]
[0.0, 0.9101606518030166, 0.08983934819698336]
[0.0, 0.8459597447514534, 0.1540402552485466]
[0.0, 0.8480611050128937, 0.15193889498710633]
[0.0, 0.8391780754923821, 0.1608219245076179]
[0.0, 0.8374826045334339, 0.16251739546656607]
[0.0, 0.8891299770027399, 0.11087002299726012]
[0.0, 0.8805693849921227, 0.11943061500787733]
[0.0, 0.8725165921449661, 0.12748340785503387]
[0.0, 0.8280236116051674, 0.17197638839483265]
[0.0, 0.7102067034691573, 0.28979329653084274]
[0.0, 0.7851961413025856, 0.21480385869741436]
[0.0, 0.8048231999576092, 0.1951768000423908]
[0.0, 0.8445108914375306, 0.15548910856246945]
[0.0, 0.8319237500429153, 0.1680762499570847]
[0.0, 0.7694257122278213, 0.2305742877721787]
[0.0, 0.8092220324277878, 0.19077796757221221]
[0.0, 0.8076914156973362, 0.19230858430266384]
[0.0, 0.8968072742223739, 0.10319272577762606]
[0.0, 0.7596784582734109, 0.24032154172658915]
[0.0, 0.8069845907390117, 0.19301540926098826]
[0.0, 0.843466019332409, 0.15653398066759106]
[0.0, 0.8288865095376968, 0.17111349046230317]
[0.0, 0.87659484423697, 0.12340515576303002]
[0.0, 0.8582261908054352, 0.14177380919456484]
[0.0, 0.8650004634261131, 0.13499953657388686]
[0.0, 0.7450265588983893, 0.2549734411016107]
[0.0, 0.8209628786146641, 0.1790371213853359]
[0.0, 0.91438041806221, 0.08561958193778996]
[0.0, 0.8592006656527519, 0.14079933434724812]
[0.0, 0.6820326678454876, 0.31796733215451245]
[0.0, 0.721083373427391, 0.27891662657260896]
[0.0, 0.887231670320034, 0.11276832967996597]
[0.0, 0.7257947298884392, 0.2742052701115608]
[0.0, 0.8343629896640777, 0.16563701033592226]
[0.0, 0.6222283564507961, 0.3777716435492039]
[0.0, 0.8046364098787308, 0.19536359012126925]
[0.0, 0.7541224263235926, 0.2458775736764074]
[0.0, 0.7078144446387887, 0.29218555536121127]
[0.0, 0.7788215636461974, 0.22117843635380263]
[0.0, 0.8289427630603313, 0.17105723693966868]
[0.0, 0.8394353950023651, 0.16056460499763492]
[0.0, 0.8151264968514442, 0.18487350314855577]
[0.0, 0.8615767544507981, 0.13842324554920193]
[0.0, 0.8740119728446006, 0.12598802715539936]
[0.0, 0.7872694567590952, 0.2127305432409048]
[0.0, 0.8527039781212806, 0.14729602187871937]
[0.0, 0.7068861094862222, 0.2931138905137778]
[0.0, 0.8959107729792595, 0.10408922702074053]
[0.0, 0.7609137213230133, 0.23908627867698673]
[0.0, 0.8420828765630722, 0.15791712343692776]
[0.0, 0.794992567077279, 0.20500743292272094]
[0.0, 0.7741076518595219, 0.2258923481404781]
[0.0, 0.7358289436995983, 0.2641710563004017]
[0.0, 0.7166642840765417, 0.2833357159234583]
[0.0, 0.7797509185224771, 0.22024908147752287]
[0.0, 0.7271503613889218, 0.27284963861107825]
[0.0, 0.7947217216342688, 0.2052782783657312]
[0.0, 0.7996324184536934, 0.20036758154630663]
[0.0, 0.766022390127182, 0.23397760987281802]
[0.0, 0.840998567044735, 0.15900143295526503]
[0.0, 0.7967904470488429, 0.20320955295115706]
[0.0, 0.7789450407028198, 0.22105495929718022]
[0.0, 0.873996828943491, 0.12600317105650904]
[0.0, 0.8555051261186599, 0.14449487388134008]
[0.0, 0.8993994981050492, 0.10060050189495084]
[0.0, 0.9283736371994018, 0.0716263628005982]
[0.0, 0.8577788031846285, 0.1422211968153715]
[0.0, 0.9191188749670982, 0.08088112503290179]
[0.0, 0.8812120012938977, 0.11878799870610235]
[0.0, 0.9032771891355514, 0.09672281086444856]
[0.0, 0.8901540789008141, 0.1098459210991859]
[0.0, 0.9277103477716446, 0.07228965222835537]
[0.0, 0.9372847065329551, 0.06271529346704485]
[0.0, 0.8636355260014534, 0.13636447399854656]
[1.0, 0.3001842210441828, 0.6998157789558173]
[1.0, 0.042357458109036086, 0.9576425418909639]
[1.0, 0.06223081500269473, 0.9377691849973053]
[1.0, 0.09977351944893599, 0.900226480551064]
[1.0, 0.12748545866459607, 0.872514541335404]
[1.0, 0.1351481682062149, 0.8648518317937851]
[1.0, 0.18130072388798, 0.81869927611202]
[1.0, 0.08358038691803812, 0.9164196130819618]
[1.0, 0.08593903576955199, 0.914060964230448]
[1.0, 0.07919456385076046, 0.9208054361492395]
[1.0, 0.09420436089858412, 0.9057956391014159]
[1.0, 0.07839289225637913, 0.9216071077436209]
[1.0, 0.11085114665329457, 0.8891488533467055]
[1.0, 0.08920226546935738, 0.9107977345306426]
[1.0, 0.10703814276494086, 0.8929618572350592]
[1.0, 0.1108796356804669, 0.8891203643195331]
[1.0, 0.11718235810287297, 0.882817641897127]
[1.0, 0.13481728350743652, 0.8651827164925635]
[1.0, 0.11909863866865635, 0.8809013613313437]
[1.0, 0.13326779194176197, 0.866732208058238]
[1.0, 0.16188911959528923, 0.8381108804047108]
[1.0, 0.14144399434328078, 0.8585560056567192]
[1.0, 0.1174089977145195, 0.8825910022854805]
[1.0, 0.18081650320440532, 0.8191834967955947]
[1.0, 0.1865324702113867, 0.8134675297886134]
[1.0, 0.12684176608920097, 0.873158233910799]
[1.0, 0.2073437026143074, 0.7926562973856925]
[1.0, 0.3451357718557119, 0.654864228144288]
[1.0, 0.27310752660036086, 0.7268924733996391]
[1.0, 0.22489213898777963, 0.7751078610122204]
[1.0, 0.13149940982460975, 0.8685005901753903]
[1.0, 0.12637092095799743, 0.8736290790420026]
[1.0, 0.172034718580544, 0.827965281419456]
[1.0, 0.11071740513667465, 0.8892825948633254]
[1.0, 0.08409562276676297, 0.915904377233237]
[1.0, 0.1892549099586904, 0.8107450900413096]
[1.0, 0.1647252667322755, 0.8352747332677245]
[1.0, 0.11321543522179127, 0.8867845647782088]
[1.0, 0.15340974977239966, 0.8465902502276004]
[1.0, 0.16304766850546001, 0.83695233149454]
[1.0, 0.181861032852903, 0.818138967147097]
[1.0, 0.07190070869401097, 0.928099291305989]
[1.0, 0.06351684393361211, 0.9364831560663879]
[1.0, 0.10265129327774047, 0.8973487067222595]
[1.0, 0.08427916079759598, 0.915720839202404]
[1.0, 0.17873478084802627, 0.8212652191519737]
[1.0, 0.1221445512957871, 0.877855448704213]
[1.0, 0.09281484488397837, 0.9071851551160216]
[1.0, 0.1735651190765202, 0.8264348809234798]
[1.0, 0.24359399596229195, 0.7564060040377081]
[1.0, 0.21297336625866592, 0.7870266337413341]
[1.0, 0.12083619030192494, 0.8791638096980751]
[1.0, 0.15191499557346105, 0.8480850044265389]
[1.0, 0.2014350158162415, 0.7985649841837585]
[1.0, 0.15308104852214455, 0.8469189514778555]
[1.0, 0.31697850055992605, 0.683021499440074]
[1.0, 0.16803805554285645, 0.8319619444571436]
[1.0, 0.18316247286275028, 0.8168375271372497]
[1.0, 0.11276829749345779, 0.8872317025065422]
[1.0, 0.3869117569178343, 0.6130882430821657]
[1.0, 0.2550003152340651, 0.7449996847659349]
[1.0, 0.23865039348602296, 0.7613496065139771]
[1.0, 0.24360804319381713, 0.7563919568061829]
[1.0, 0.23955637320876122, 0.7604436267912388]
[1.0, 0.24656758040189744, 0.7534324195981026]
[1.0, 0.27774654537439347, 0.7222534546256065]
[0.0, 0.8443790037930011, 0.15562099620699887]
[0.0, 0.8858190417289734, 0.11418095827102659]
[0.0, 0.8945237286388874, 0.1054762713611126]
[0.0, 0.826551584303379, 0.17344841569662095]
[0.0, 0.862522822022438, 0.13747717797756198]
[0.0, 0.919159682393074, 0.080840317606926]
[0.0, 0.9181940165162087, 0.08180598348379131]
[0.0, 0.9135582470893859, 0.08644175291061407]
[0.0, 0.9095269268751145, 0.0904730731248855]
[0.0, 0.8679221504926682, 0.1320778495073318]
[0.0, 0.8927213707566262, 0.10727862924337384]
[0.0, 0.888312023282051, 0.11168797671794894]
[0.0, 0.8819490551948548, 0.11805094480514522]
[0.0, 0.8885280984640122, 0.11147190153598785]
[0.0, 0.8951786345243454, 0.10482136547565457]
[0.0, 0.8715729305148124, 0.12842706948518756]
[0.0, 0.8169558462500572, 0.18304415374994276]
[0.0, 0.9100462037324906, 0.08995379626750943]
[0.0, 0.9018553584814072, 0.09814464151859281]
[0.0, 0.9098838219046592, 0.09011617809534078]
[0.0, 0.8479808422923089, 0.15201915770769114]
[0.0, 0.8587537881731987, 0.1412462118268013]
[0.0, 0.8784604215621948, 0.12153957843780516]
[0.0, 0.857978610098362, 0.14202138990163804]
[0.0, 0.6368569196760654, 0.3631430803239346]
[0.0, 0.8049110026657581, 0.1950889973342419]
[0.0, 0.7438714319840074, 0.2561285680159926]
[0.0, 0.7952946376800537, 0.2047053623199463]
[0.0, 0.8531010809913278, 0.14689891900867225]
[0.0, 0.8367345961928367, 0.16326540380716326]
[0.0, 0.8818858908116818, 0.11811410918831822]
[0.0, 0.7181651915609837, 0.2818348084390163]
[0.0, 0.9026522940397262, 0.09734770596027376]
[0.0, 0.9302991130948066, 0.06970088690519338]
[0.0, 0.9184779325127601, 0.08152206748723989]
[0.0, 0.8930833658576012, 0.10691663414239883]
[0.0, 0.763610143661499, 0.23638985633850096]
[0.0, 0.7796637021005154, 0.2203362978994846]
[1.0, 0.2570188011787832, 0.7429811988212168]
[1.0, 0.3482225100696087, 0.6517774899303913]
[1.0, 0.3658261869847774, 0.6341738130152226]
[1.0, 0.5218135906755924, 0.4781864093244076]
[0.0, 0.7609207005053759, 0.23907929949462414]
[0.0, 0.7577380207180977, 0.2422619792819023]
[0.0, 0.8531890723109246, 0.14681092768907544]
[0.0, 0.8212773312628269, 0.17872266873717313]
[0.0, 0.7408597990870476, 0.2591402009129524]
[0.0, 0.8070088648796081, 0.1929911351203919]
[0.0, 0.8442055381089449, 0.15579446189105506]
[0.0, 0.7611704875156283, 0.23882951248437168]
[0.0, 0.8716722512245179, 0.12832774877548214]
[0.0, 0.8854808726906777, 0.11451912730932234]
[0.0, 0.8223742386698722, 0.17762576133012775]
[0.0, 0.793017860352993, 0.20698213964700696]
[0.0, 0.8493558448553086, 0.15064415514469143]
[0.0, 0.9004073762893676, 0.09959262371063238]
[0.0, 0.8263962219655514, 0.1736037780344486]
[0.0, 0.8511807435750961, 0.1488192564249039]
[0.0, 0.9163539850711823, 0.08364601492881774]
[0.0, 0.8555889344587922, 0.14441106554120775]
[0.0, 0.7919168591499328, 0.20808314085006718]
[0.0, 0.8252972710132599, 0.1747027289867401]
[0.0, 0.8205282460898161, 0.17947175391018388]
[0.0, 0.8048962040245533, 0.1951037959754467]
[0.0, 0.8566863940656185, 0.14331360593438147]
[0.0, 0.792047254294157, 0.207952745705843]
[0.0, 0.849312809407711, 0.15068719059228897]
[0.0, 0.8456049558520317, 0.15439504414796834]
[0.0, 0.8872902405261993, 0.11270975947380069]
[0.0, 0.7939234414696693, 0.2060765585303307]
[0.0, 0.8981517839431763, 0.1018482160568237]
[0.0, 0.8725325679779052, 0.12746743202209476]
[0.0, 0.8570630683749915, 0.14293693162500853]
[0.0, 0.8720081454515457, 0.1279918545484543]
[0.0, 0.8978099925816059, 0.10219000741839412]
[0.0, 0.8637604862451553, 0.13623951375484467]
[0.0, 0.8970368188619614, 0.1029631811380386]
[0.0, 0.8638084799051284, 0.13619152009487157]
[0.0, 0.9193358421325684, 0.08066415786743164]
[0.0, 0.907994275689125, 0.09200572431087495]
[0.0, 0.9048673096299171, 0.09513269037008287]
[0.0, 0.827243154346943, 0.17275684565305705]
[0.0, 0.7939933069050312, 0.20600669309496877]
[0.0, 0.9037556311488152, 0.09624436885118481]
[0.0, 0.8834675768762827, 0.11653242312371725]
[0.0, 0.9025864738225937, 0.09741352617740628]
[0.0, 0.933193983733654, 0.06680601626634597]
[0.0, 0.8910292088985443, 0.10897079110145569]
[0.0, 0.9154602065682411, 0.08453979343175888]
[0.0, 0.9395095902681351, 0.060490409731864925]
[0.0, 0.8900823040306568, 0.1099176959693432]
[0.0, 0.9156913262605667, 0.08430867373943329]
[0.0, 0.8896740947663784, 0.11032590523362162]
[0.0, 0.9112081128358841, 0.0887918871641159]
[0.0, 0.8951278409361839, 0.10487215906381608]
[0.0, 0.721978646889329, 0.278021353110671]
[0.0, 0.9118476217985153, 0.0881523782014847]
[0.0, 0.9630740985274315, 0.03692590147256847]
[0.0, 0.8940834718942642, 0.10591652810573582]
[0.0, 0.9289984880387783, 0.07100151196122173]
[0.0, 0.9083078345656395, 0.09169216543436054]
[1.0, 0.23953259674832225, 0.7604674032516777]
[1.0, 0.17854117952287196, 0.821458820477128]
[1.0, 0.13021915704011916, 0.8697808429598808]
[1.0, 0.1298490012809634, 0.8701509987190366]
[1.0, 0.08382302902638912, 0.9161769709736108]
[1.0, 0.07147639192640781, 0.9285236080735921]
[1.0, 0.08791008811444044, 0.9120899118855595]
[1.0, 0.09974700316786766, 0.9002529968321323]
[1.0, 0.11724787374958395, 0.8827521262504161]
[1.0, 0.10729324944317341, 0.8927067505568266]
[1.0, 0.08793225584551692, 0.9120677441544831]
[1.0, 0.11416263684630394, 0.8858373631536961]
[1.0, 0.12163765490055084, 0.8783623450994491]
[1.0, 0.10879114375449717, 0.8912088562455028]
[1.0, 0.08047451663762331, 0.9195254833623767]
[1.0, 0.10857695128768682, 0.8914230487123131]
[1.0, 0.13164465649984777, 0.8683553435001522]
[1.0, 0.10704088471829891, 0.8929591152817011]
[1.0, 0.11487521687522531, 0.8851247831247747]
[1.0, 0.26827900238335134, 0.7317209976166487]
[1.0, 0.11608890157192946, 0.8839110984280706]
[1.0, 0.13109930850565432, 0.8689006914943457]
[1.0, 0.14262036330997943, 0.8573796366900206]
[1.0, 0.17048543758690357, 0.8295145624130964]
[1.0, 0.14997389994561672, 0.8500261000543833]
[1.0, 0.1635848130658269, 0.8364151869341732]
[1.0, 0.16136335462331772, 0.8386366453766823]
[1.0, 0.20691276783123613, 0.7930872321687639]
[1.0, 0.15732738494873047, 0.8426726150512696]
[1.0, 0.2050231172144413, 0.7949768827855587]
[1.0, 0.4031523342430592, 0.5968476657569408]
[1.0, 0.20228495821356773, 0.7977150417864323]
[1.0, 0.38423444230109455, 0.6157655576989054]
[1.0, 0.38066052116453647, 0.6193394788354636]
[1.0, 0.22595252007246017, 0.7740474799275399]
[1.0, 0.0964075268805027, 0.9035924731194973]
[1.0, 0.29958760887384417, 0.7004123911261558]
[1.0, 0.18238204151391982, 0.8176179584860802]
[1.0, 0.21104583263397217, 0.7889541673660279]
[1.0, 0.25407335832715033, 0.7459266416728496]
[1.0, 0.09229376330971718, 0.9077062366902828]
[0.0, 0.5923865724354982, 0.4076134275645018]
[1.0, 0.1705008913576603, 0.8294991086423397]
[1.0, 0.23939777441322804, 0.7606022255867719]
[1.0, 0.3347757639363408, 0.6652242360636592]
[1.0, 0.38016035094857215, 0.6198396490514279]
[1.0, 0.21815916676074265, 0.7818408332392573]
[1.0, 0.14869312273338436, 0.8513068772666157]
[1.0, 0.2866297694668174, 0.7133702305331826]
[1.0, 0.17294485123828054, 0.8270551487617195]
[1.0, 0.2999590566754341, 0.7000409433245659]
[1.0, 0.15367634885013104, 0.846323651149869]
[1.0, 0.2661599911004305, 0.7338400088995696]
[1.0, 0.16961313564330338, 0.8303868643566966]
[1.0, 0.1694104753807187, 0.8305895246192813]
[1.0, 0.10880824729800224, 0.8911917527019978]
[1.0, 0.15948337759822606, 0.8405166224017739]
[1.0, 0.08820370599627494, 0.9117962940037251]
[1.0, 0.13410343900322913, 0.8658965609967708]
[1.0, 0.1518698357604444, 0.8481301642395556]
[1.0, 0.29425299042835834, 0.7057470095716416]
[1.0, 0.15390005365014076, 0.8460999463498593]
[1.0, 0.1559186603501439, 0.8440813396498561]
[1.0, 0.1480390402674675, 0.8519609597325325]
[1.0, 0.14029640158638357, 0.8597035984136164]
[1.0, 0.16131371155381202, 0.838686288446188]
[1.0, 0.12291588168591261, 0.8770841183140874]
[1.0, 0.14340378031134604, 0.856596219688654]
[1.0, 0.18285212486982347, 0.8171478751301765]
[1.0, 0.1837444044649601, 0.8162555955350399]
[1.0, 0.12680768027901648, 0.8731923197209835]
[1.0, 0.1062853203713894, 0.8937146796286106]
[1.0, 0.24834288612008096, 0.7516571138799191]
[1.0, 0.17845392763614654, 0.8215460723638535]
[1.0, 0.10143900737166404, 0.898560992628336]
[1.0, 0.2130401523783803, 0.7869598476216197]
[1.0, 0.15668747745454312, 0.8433125225454569]
[1.0, 0.284371767193079, 0.715628232806921]
[1.0, 0.11979068793356419, 0.8802093120664358]
[1.0, 0.14660749703645706, 0.853392502963543]
[1.0, 0.12367743123322725, 0.8763225687667727]
[1.0, 0.23269429802894592, 0.7673057019710541]
[1.0, 0.16501241236925124, 0.8349875876307488]
[1.0, 0.15964734863489866, 0.8403526513651014]
[1.0, 0.1527657389640808, 0.8472342610359191]
[1.0, 0.10982065990567208, 0.8901793400943279]
[1.0, 0.22218348555266856, 0.7778165144473315]
[1.0, 0.329047362357378, 0.670952637642622]
[1.0, 0.12697844218462706, 0.8730215578153729]
[1.0, 0.27960131473839284, 0.7203986852616071]
[1.0, 0.22463783651590347, 0.7753621634840966]
[1.0, 0.11966724662110209, 0.8803327533788979]
[1.0, 0.10712168714031577, 0.8928783128596842]
[1.0, 0.12621329005807638, 0.8737867099419236]
[1.0, 0.12147226385772228, 0.8785277361422777]
[1.0, 0.2152792950719595, 0.7847207049280405]
[1.0, 0.21219125390052795, 0.787808746099472]
[1.0, 0.13886245366185904, 0.861137546338141]
[1.0, 0.13575517382472754, 0.8642448261752724]
[1.0, 0.2575046381354332, 0.7424953618645669]
[1.0, 0.14825310138985515, 0.8517468986101449]
[1.0, 0.15755197167396545, 0.8424480283260345]
[1.0, 0.11515916898846626, 0.8848408310115338]
[1.0, 0.13422441557049752, 0.8657755844295025]
[1.0, 0.1030678703635931, 0.8969321296364069]
[1.0, 0.13397512478753926, 0.8660248752124607]
[1.0, 0.23248829692602158, 0.7675117030739784]
[1.0, 0.1503182704746723, 0.8496817295253277]
[1.0, 0.24576959013938904, 0.754230409860611]
[1.0, 0.17711017042398453, 0.8228898295760154]
[1.0, 0.17186155181378127, 0.8281384481862187]
[1.0, 0.1334530570358038, 0.8665469429641962]
[1.0, 0.22356153212487698, 0.776438467875123]
[1.0, 0.1632698906585574, 0.8367301093414425]
[1.0, 0.13549707822501658, 0.8645029217749834]
[1.0, 0.2914819502830505, 0.7085180497169494]
[1.0, 0.3996072067320347, 0.6003927932679654]
[1.0, 0.15961558774113654, 0.8403844122588635]
[1.0, 0.10755383890122175, 0.8924461610987783]
[1.0, 0.09790164768695832, 0.9020983523130417]
[1.0, 0.15799044284969568, 0.8420095571503043]
[1.0, 0.15360036745667457, 0.8463996325433254]
[1.0, 0.1570146670937538, 0.8429853329062462]
[1.0, 0.20498602524399756, 0.7950139747560024]
[1.0, 0.10441231992095709, 0.8955876800790429]
[1.0, 0.22563616685569288, 0.7743638331443071]
[1.0, 0.3012282857298851, 0.6987717142701149]
[1.0, 0.16513549119234086, 0.8348645088076592]
[1.0, 0.23363979764282702, 0.766360202357173]
[1.0, 0.08676955539733172, 0.9132304446026682]
[1.0, 0.1778520928695798, 0.8221479071304202]
[1.0, 0.23731855181977152, 0.7626814481802284]
[1.0, 0.19781085086986422, 0.8021891491301358]
[1.0, 0.33467198511585594, 0.6653280148841441]
[1.0, 0.231944333370775, 0.768055666629225]
[1.0, 0.18656198078766464, 0.8134380192123354]
[1.0, 0.20095966877415777, 0.7990403312258423]
[1.0, 0.12803909406065941, 0.8719609059393406]
[1.0, 0.08625477373600006, 0.9137452262639999]
[1.0, 0.0932650002837181, 0.9067349997162819]
[1.0, 0.07892107516527176, 0.9210789248347282]
[1.0, 0.1663253551721573, 0.8336746448278427]
[1.0, 0.2077331592142582, 0.7922668407857418]
[1.0, 0.2641236743330955, 0.7358763256669045]
[0.0, 0.8031529673933983, 0.19684703260660175]
[0.0, 0.9467169398069382, 0.05328306019306184]
[0.0, 0.977464216351509, 0.02253578364849096]
[0.0, 0.9320354008674622, 0.06796459913253783]
[0.0, 0.9755646163225173, 0.02443538367748266]
[0.0, 0.9724978518486023, 0.02750214815139773]
[0.0, 0.9695913869142533, 0.030408613085746716]
[0.0, 0.9408579051494599, 0.05914209485054012]
[0.0, 0.9383087891340256, 0.0616912108659744]
[0.0, 0.9648790121078491, 0.0351209878921509]
[0.0, 0.79289196819067, 0.20710803180933002]
[0.0, 0.8763056075572968, 0.1236943924427032]
[0.0, 0.892625723183155, 0.10737427681684497]
[0.0, 0.9135318350791931, 0.08646816492080689]
[0.0, 0.9069948580861091, 0.09300514191389087]
[0.0, 0.8625687445700169, 0.13743125542998313]
[0.0, 0.8773179683089256, 0.12268203169107439]
[0.0, 0.8902449691295624, 0.10975503087043759]
[0.0, 0.8810778740048408, 0.11892212599515917]
[0.0, 0.8954759170114994, 0.10452408298850058]
[0.0, 0.8769951403141022, 0.1230048596858978]
[0.0, 0.8771427420526743, 0.12285725794732572]
[0.0, 0.8333319117873907, 0.16666808821260926]
[0.0, 0.8215673573315143, 0.17843264266848569]
[0.0, 0.840337133705616, 0.15966286629438398]
[0.0, 0.73262037307024, 0.26737962692976003]
[0.0, 0.8796816343069076, 0.1203183656930924]
[0.0, 0.7911918586492539, 0.2088081413507461]
[0.0, 0.8345312815904617, 0.16546871840953825]
[0.0, 0.8819836512207985, 0.11801634877920153]
[0.0, 0.8848048767447472, 0.11519512325525283]
[0.0, 0.8638145440816879, 0.1361854559183121]
[0.0, 0.8295618598163128, 0.1704381401836872]
[0.0, 0.8584795832633972, 0.14152041673660276]
[0.0, 0.8545050902664661, 0.14549490973353385]
[0.0, 0.7931602288782597, 0.20683977112174035]
[0.0, 0.7445142000168562, 0.2554857999831438]
[0.0, 0.7466875810921192, 0.2533124189078808]
[0.0, 0.83497517734766, 0.16502482265233998]
[0.0, 0.708468209952116, 0.291531790047884]
[0.0, 0.7286181331053376, 0.27138186689466237]
[0.0, 0.7917556205391884, 0.20824437946081165]
[0.0, 0.775883569419384, 0.22411643058061603]
[0.0, 0.7076822119951248, 0.2923177880048752]
[0.0, 0.8112440237402916, 0.1887559762597084]
[0.0, 0.7079390688240528, 0.2920609311759472]
[0.0, 0.7448162530362606, 0.25518374696373936]
[0.0, 0.7447830134630203, 0.25521698653697966]
[0.0, 0.8117865609377622, 0.18821343906223775]
[0.0, 0.8845345574617386, 0.11546544253826141]
[0.0, 0.8359960094094276, 0.16400399059057236]
[0.0, 0.7552534732222557, 0.24474652677774433]
[0.0, 0.7039498142898083, 0.2960501857101917]
[0.0, 0.737105651050806, 0.26289434894919395]
[0.0, 0.6594122743606567, 0.34058772563934325]
[0.0, 0.7610589811205863, 0.23894101887941366]
[0.0, 0.8560488760471344, 0.14395112395286558]
[0.0, 0.819994337707758, 0.18000566229224202]
[0.0, 0.8506983774900436, 0.14930162250995638]
[0.0, 0.9056843599677086, 0.09431564003229143]
[0.0, 0.8468575116991996, 0.15314248830080035]
[0.0, 0.8581602028012276, 0.14183979719877238]
[0.0, 0.8438672231137753, 0.15613277688622473]
[0.0, 0.8033001983165741, 0.19669980168342593]
[0.0, 0.78198635622859, 0.21801364377140997]
[0.0, 0.8479446360468864, 0.1520553639531136]
[0.0, 0.7768502579629422, 0.22314974203705784]
[0.0, 0.7940724259614944, 0.2059275740385056]
[0.0, 0.7571227552741766, 0.2428772447258234]
[0.0, 0.7739211294800044, 0.22607887051999564]
[0.0, 0.8848454859852791, 0.11515451401472088]
[0.0, 0.8646159556508064, 0.1353840443491936]
[0.0, 0.8077593117952346, 0.19224068820476536]
[0.0, 0.7349007646739483, 0.26509923532605173]
[0.0, 0.8146335029602051, 0.1853664970397949]
[0.0, 0.7866352674365044, 0.21336473256349564]
[0.0, 0.7881768940389157, 0.21182310596108433]
[0.0, 0.8525666758418083, 0.14743332415819166]
[0.0, 0.775504879206419, 0.22449512079358103]
[0.0, 0.8320842278003693, 0.16791577219963072]
[0.0, 0.8733714058995247, 0.12662859410047533]
[0.0, 0.8826832896471024, 0.11731671035289759]
[0.0, 0.7198495096713304, 0.28015049032866957]
[0.0, 0.7861604008078575, 0.21383959919214246]
[0.0, 0.8300961387157441, 0.16990386128425594]
[0.0, 0.7318298204988242, 0.26817017950117583]
[0.0, 0.8765749725699424, 0.12342502743005757]
[0.0, 0.8957674580812455, 0.10423254191875453]
[0.0, 0.8676798257231713, 0.13232017427682874]
[0.0, 0.909722161591053, 0.09027783840894699]
[0.0, 0.8170910497754812, 0.1829089502245188]
[0.0, 0.756041627312079, 0.24395837268792098]
[0.0, 0.9149208128452301, 0.08507918715476992]
[0.0, 0.845859388038516, 0.154140611961484]
[0.0, 0.8629197800159454, 0.13708021998405462]
[0.0, 0.730097900852561, 0.269902099147439]
[0.0, 0.83647466622293, 0.16352533377707001]
[0.0, 0.8609749600291252, 0.1390250399708748]
[0.0, 0.8740170387923718, 0.1259829612076282]
[0.0, 0.8601015046238899, 0.1398984953761101]
[0.0, 0.894559890627861, 0.10544010937213899]
[0.0, 0.8945104658603669, 0.10548953413963313]
[0.0, 0.8179380375146866, 0.18206196248531337]
[0.0, 0.88514334410429, 0.11485665589571004]
[0.0, 0.8834780541062355, 0.11652194589376452]
[0.0, 0.8228779119253159, 0.1771220880746841]
[0.0, 0.8599738320708274, 0.14002616792917255]
[0.0, 0.8499656212329865, 0.15003437876701353]
[0.0, 0.8473523178696633, 0.15264768213033675]
[0.0, 0.8283846643567085, 0.17161533564329146]
[0.0, 0.7484642067551612, 0.25153579324483877]
[0.0, 0.9051288947463035, 0.09487110525369646]
[0.0, 0.9210922434926033, 0.07890775650739668]
[0.0, 0.8440981896966696, 0.1559018103033304]
[0.0, 0.719683592543006, 0.28031640745699404]
[0.0, 0.845776106659323, 0.154223893340677]
[0.0, 0.8203490573167801, 0.1796509426832199]
[0.0, 0.8606429685652256, 0.1393570314347744]
[0.0, 0.8293587045371532, 0.1706412954628468]
[0.0, 0.8657746973633766, 0.13422530263662336]
[0.0, 0.7863429030776024, 0.21365709692239765]
[0.0, 0.8680497283488512, 0.1319502716511488]
[0.0, 0.9402010884881019, 0.05979891151189809]
[0.0, 0.9510834351181984, 0.04891656488180163]
[0.0, 0.9169926446676254, 0.08300735533237458]
[0.0, 0.9234705293178558, 0.07652947068214422]
[0.0, 0.8049510377645492, 0.19504896223545076]
[0.0, 0.8303294104337692, 0.16967058956623082]
[1.0, 0.24224579056724907, 0.757754209432751]
[1.0, 0.11908270329236985, 0.8809172967076302]
[1.0, 0.10229383017867803, 0.897706169821322]
[1.0, 0.10357899688184262, 0.8964210031181574]
[1.0, 0.07279019352048635, 0.9272098064795137]
[1.0, 0.038736336939036844, 0.9612636630609631]
[1.0, 0.044251751936972145, 0.9557482480630278]
[1.0, 0.0721967538818717, 0.9278032461181283]
[1.0, 0.07365244898945093, 0.9263475510105491]
[1.0, 0.10850218255072833, 0.8914978174492717]
[1.0, 0.07133117690682411, 0.9286688230931759]
[1.0, 0.1274829583801329, 0.8725170416198671]
[1.0, 0.064436081238091, 0.935563918761909]
[1.0, 0.08050096612423659, 0.9194990338757634]
[1.0, 0.08146129224449396, 0.9185387077555061]
[1.0, 0.13779377184808253, 0.8622062281519175]
[1.0, 0.08985312931239604, 0.9101468706876039]
[1.0, 0.062242684178054335, 0.9377573158219457]
[1.0, 0.06262231003493071, 0.9373776899650693]
[1.0, 0.16225621778517962, 0.8377437822148204]
[1.0, 0.15763897821307182, 0.8423610217869282]
[1.0, 0.1492685579881072, 0.8507314420118928]
[1.0, 0.13265673637390138, 0.8673432636260986]
[1.0, 0.2566593019664288, 0.7433406980335713]
[1.0, 0.1627599263191223, 0.8372400736808777]
[1.0, 0.1399393240734935, 0.8600606759265065]
[1.0, 0.22716040339320898, 0.772839596606791]
[1.0, 0.09472517728805542, 0.9052748227119446]
[1.0, 0.1307717951759696, 0.8692282048240304]
[1.0, 0.14321667701005936, 0.8567833229899406]
[1.0, 0.12786892887204884, 0.8721310711279512]
[1.0, 0.05226678848266601, 0.947733211517334]
[1.0, 0.22815446697175504, 0.771845533028245]
[1.0, 0.3017114694043994, 0.6982885305956006]
[1.0, 0.19076046869158744, 0.8092395313084125]
[1.0, 0.12628227703273295, 0.873717722967267]
[1.0, 0.16375723335891962, 0.8362427666410803]
[1.0, 0.12713854825124143, 0.8728614517487585]
[1.0, 0.31557271188125013, 0.6844272881187499]
[1.0, 0.22522416833788156, 0.7747758316621185]
[1.0, 0.17055781392380595, 0.829442186076194]
[1.0, 0.341683907341212, 0.658316092658788]
[1.0, 0.4158506689220667, 0.5841493310779333]
[1.0, 0.2348765857331455, 0.7651234142668545]
[1.0, 0.2103211136162281, 0.7896788863837719]
[1.0, 0.2428044442087412, 0.7571955557912589]
[1.0, 0.24589069802314042, 0.7541093019768595]
[1.0, 0.12951521757990123, 0.8704847824200987]
[1.0, 0.3348683112859726, 0.6651316887140274]
[1.0, 0.3920973820239306, 0.6079026179760694]
[1.0, 0.3317978074401617, 0.6682021925598383]
[1.0, 0.18638434579595922, 0.8136156542040408]
[1.0, 0.21086424481123686, 0.7891357551887631]
[1.0, 0.30236180637031795, 0.697638193629682]
[1.0, 0.2881925704330206, 0.7118074295669794]
[1.0, 0.29991951704025266, 0.7000804829597473]
[1.0, 0.1485459597222507, 0.8514540402777493]
[1.0, 0.1831632658280432, 0.8168367341719568]
[1.0, 0.22923954401165247, 0.7707604559883475]
[1.0, 0.1772285612113774, 0.8227714387886226]
[1.0, 0.15756195295602082, 0.8424380470439792]
[1.0, 0.1263454801775515, 0.8736545198224485]
[1.0, 0.28159737057983875, 0.7184026294201613]
[1.0, 0.32801881825551393, 0.6719811817444861]
[1.0, 0.3859044033288956, 0.6140955966711044]
[1.0, 0.3133750192821026, 0.6866249807178975]
[1.0, 0.2731977509148419, 0.7268022490851581]
[1.0, 0.27946712434291837, 0.7205328756570817]
[1.0, 0.2984025008790195, 0.7015974991209806]
[1.0, 0.18314712636172772, 0.8168528736382723]
[1.0, 0.1726302931457758, 0.8273697068542242]
[1.0, 0.27961135253310204, 0.7203886474668979]
[1.0, 0.2381350702047348, 0.7618649297952652]
[1.0, 0.310323664303869, 0.6896763356961311]
[1.0, 0.2386310893855989, 0.761368910614401]
[1.0, 0.3361836510524154, 0.6638163489475846]
[1.0, 0.3797313182801008, 0.6202686817198992]
[1.0, 0.2982933747395873, 0.7017066252604127]
[1.0, 0.27066159803420303, 0.7293384019657969]
[1.0, 0.16107494857162238, 0.8389250514283776]
[1.0, 0.29950135987251997, 0.70049864012748]
[1.0, 0.18142647692933678, 0.8185735230706632]
[1.0, 0.1611800741776824, 0.8388199258223176]
[1.0, 0.08118479607626795, 0.9188152039237321]
[1.0, 0.10305514037609101, 0.896944859623909]
[1.0, 0.08009688548743725, 0.9199031145125628]
[1.0, 0.16382835537195206, 0.8361716446280479]
[1.0, 0.14583407644182445, 0.8541659235581756]
[1.0, 0.14409879058599473, 0.8559012094140053]
[1.0, 0.1045091712474823, 0.8954908287525177]
[1.0, 0.41693453311920164, 0.5830654668807984]
[1.0, 0.14539267867803574, 0.8546073213219643]
[1.0, 0.26533885926008227, 0.7346611407399177]
[1.0, 0.23331460863351822, 0.7666853913664817]
[1.0, 0.18072566643357277, 0.8192743335664272]
[1.0, 0.1967021095752716, 0.8032978904247284]
[1.0, 0.18985749274492264, 0.8101425072550774]
[0.0, 0.9519474735856056, 0.04805252641439439]
[0.0, 0.9820537972450256, 0.017946202754974383]
[0.0, 0.9717869704961777, 0.028213029503822318]
[0.0, 0.9704335951805114, 0.02956640481948858]
[0.0, 0.98568186044693, 0.014318139553070042]
[0.0, 0.961250946521759, 0.03874905347824098]
[0.0, 0.9758574742078782, 0.02414252579212184]
[0.0, 0.9831252259016037, 0.016874774098396328]
[0.0, 0.9814453959465027, 0.018554604053497292]
[0.0, 0.9800247889757157, 0.019975211024284345]
[0.0, 0.9760707426071167, 0.02392925739288332]
[0.0, 0.9326758813858033, 0.06732411861419674]
[0.0, 0.9390503460168839, 0.06094965398311614]
[0.0, 0.8513017350435257, 0.1486982649564743]
[0.0, 0.8474092906713486, 0.15259070932865137]
[0.0, 0.8525278925895691, 0.14747210741043093]
[0.0, 0.8420897759497166, 0.15791022405028343]
[0.0, 0.9287289696931839, 0.07127103030681614]
[0.0, 0.9019602385163307, 0.09803976148366933]
[0.0, 0.8556169363856315, 0.14438306361436848]
[0.0, 0.81394127368927, 0.18605872631072995]
[0.0, 0.8823861423134803, 0.11761385768651966]
[0.0, 0.8636625078320503, 0.13633749216794966]
[0.0, 0.8259842360019684, 0.17401576399803165]
[0.0, 0.8577888721227646, 0.14221112787723544]
[0.0, 0.8039349089562893, 0.19606509104371073]
[0.0, 0.828006104528904, 0.171993895471096]
[0.0, 0.8072812210023403, 0.19271877899765966]
[0.0, 0.8630399054288864, 0.13696009457111358]
[0.0, 0.8892965078353882, 0.11070349216461184]
[0.0, 0.8906020188331604, 0.10939798116683963]
[0.0, 0.8842495223879814, 0.11575047761201862]
[0.0, 0.873487508893013, 0.12651249110698704]
[0.0, 0.8574484467506409, 0.1425515532493591]
[0.0, 0.7520749947428703, 0.24792500525712968]
[0.0, 0.8415127757191658, 0.15848722428083417]
[0.0, 0.8326329359412193, 0.16736706405878066]
[0.0, 0.8659455341100692, 0.13405446588993075]
[0.0, 0.8418571549654007, 0.1581428450345993]
[0.0, 0.7091766968369484, 0.2908233031630516]
[0.0, 0.8074112665653229, 0.19258873343467708]
[0.0, 0.8187852816283703, 0.18121471837162972]
[0.0, 0.6618354907631874, 0.3381645092368126]
[0.0, 0.8132378187775612, 0.18676218122243882]
[0.0, 0.8592632468044757, 0.14073675319552426]
[0.0, 0.8086836921423673, 0.19131630785763265]
[0.0, 0.816865576505661, 0.18313442349433895]
[0.0, 0.8770130801200867, 0.12298691987991328]
[0.0, 0.8913233342766762, 0.1086766657233238]
[0.0, 0.8720514732599258, 0.12794852674007418]
[0.0, 0.8654818537831307, 0.1345181462168693]
[0.0, 0.6934928585588932, 0.3065071414411068]
[0.0, 0.8008186784386635, 0.1991813215613365]
[0.0, 0.8015269914269447, 0.19847300857305528]
[0.0, 0.7649586065113545, 0.2350413934886455]
[0.0, 0.8241756901144981, 0.1758243098855019]
[0.0, 0.7664161713421345, 0.23358382865786553]
[0.0, 0.8419396021962166, 0.15806039780378345]
[0.0, 0.8017212417721749, 0.19827875822782515]
[0.0, 0.8679091334342957, 0.13209086656570435]
[0.0, 0.8472826901078224, 0.15271730989217758]
[0.0, 0.8561297425627709, 0.14387025743722914]
[0.0, 0.9251454100012779, 0.07485458999872208]
[0.0, 0.8702911571413279, 0.12970884285867212]
[0.0, 0.7240954564511776, 0.27590454354882243]
[0.0, 0.6338515459746122, 0.36614845402538776]
[0.0, 0.7643584644794464, 0.23564153552055356]
[0.0, 0.821666938662529, 0.17833306133747096]
[0.0, 0.7338809259235859, 0.2661190740764141]
[0.0, 0.8540081250667572, 0.14599187493324284]
[0.0, 0.8154971197247505, 0.18450288027524953]
[0.0, 0.8974193304777145, 0.1025806695222855]
[0.0, 0.8625090819597244, 0.13749091804027558]
[0.0, 0.7212205383181572, 0.27877946168184276]
[0.0, 0.7046411599591375, 0.29535884004086255]
[0.0, 0.8041179329156876, 0.19588206708431244]
[0.0, 0.8190384569764138, 0.18096154302358625]
[0.0, 0.8417166256904602, 0.15828337430953976]
[0.0, 0.8015158036351204, 0.19848419636487957]
[0.0, 0.7672063276171684, 0.23279367238283155]
[0.0, 0.831378163844347, 0.16862183615565296]
[0.0, 0.7549435585364699, 0.24505644146353012]
[0.0, 0.8049113638699055, 0.19508863613009453]
[0.0, 0.859676373898983, 0.140323626101017]
[0.0, 0.8427958402037621, 0.15720415979623792]
[0.0, 0.8898297554254532, 0.11017024457454683]
[0.0, 0.8085819616913795, 0.19141803830862048]
[0.0, 0.7610010507702828, 0.2389989492297172]
[0.0, 0.7774725053086877, 0.22252749469131228]
[0.0, 0.6984463081508875, 0.3015536918491125]
[0.0, 0.6131546724773943, 0.3868453275226057]
[0.0, 0.7520301753282547, 0.24796982467174533]
[0.0, 0.7395228439569473, 0.26047715604305266]
[0.0, 0.7544714638590813, 0.24552853614091874]
[0.0, 0.715252377986908, 0.284747622013092]
[0.0, 0.7737343975901604, 0.22626560240983962]
[0.0, 0.7706885115802288, 0.22931148841977123]
[0.0, 0.6015324963256716, 0.39846750367432837]
[0.0, 0.6010616721678526, 0.39893832783214744]
[0.0, 0.9067438313364983, 0.09325616866350173]
[0.0, 0.9241464918851853, 0.07585350811481473]
[0.0, 0.9010816884040832, 0.0989183115959168]
[0.0, 0.9498020014166833, 0.05019799858331675]
[0.0, 0.737554872110486, 0.262445127889514]
[1.0, 0.22240593060851097, 0.777594069391489]
[1.0, 0.16172952383756636, 0.8382704761624337]
[1.0, 0.05539171796292067, 0.9446082820370794]
[1.0, 0.058209752924740316, 0.9417902470752597]
[1.0, 0.14041187029331922, 0.8595881297066807]
[1.0, 0.10670178074389697, 0.893298219256103]
[1.0, 0.04805864218622446, 0.9519413578137755]
[1.0, 0.18177293121814728, 0.8182270687818527]
[1.0, 0.13889712009578944, 0.8611028799042105]
[1.0, 0.12842072364874185, 0.8715792763512582]
[1.0, 0.09108473226428032, 0.9089152677357197]
[1.0, 0.12040726077742875, 0.8795927392225713]
[1.0, 0.14757084500975906, 0.852429154990241]
[1.0, 0.18187078800052403, 0.818129211999476]
[1.0, 0.16924541556276382, 0.8307545844372362]
[1.0, 0.12153456576168536, 0.8784654342383147]
[1.0, 0.16955046884715558, 0.8304495311528444]
[1.0, 0.1583439364284277, 0.8416560635715723]
[1.0, 0.15620949731208383, 0.8437905026879162]
[1.0, 0.08469900142401457, 0.9153009985759855]
[1.0, 0.18149231985211373, 0.8185076801478863]
[1.0, 0.09829119456000626, 0.9017088054399938]
[1.0, 0.29095031939446925, 0.7090496806055308]
[1.0, 0.2556696355063468, 0.7443303644936532]
[1.0, 0.26901482477784155, 0.7309851752221584]
[1.0, 0.21016848608851432, 0.7898315139114856]
[1.0, 0.18465082369744779, 0.8153491763025522]
[1.0, 0.22116043493151666, 0.7788395650684834]
[1.0, 0.2300235192850232, 0.7699764807149768]
[1.0, 0.25924422435462474, 0.7407557756453753]
[1.0, 0.19431905210018158, 0.8056809478998184]
[1.0, 0.25054119937121866, 0.7494588006287813]
[1.0, 0.24665380150079727, 0.7533461984992027]
[1.0, 0.1134163038432598, 0.8865836961567402]
[1.0, 0.27520185239613054, 0.7247981476038694]
[1.0, 0.22129599630832672, 0.7787040036916733]
[1.0, 0.19258842568844556, 0.8074115743115544]
[1.0, 0.20786551892757416, 0.7921344810724258]
[1.0, 0.13833858795464038, 0.8616614120453596]
[1.0, 0.2003650029748678, 0.7996349970251322]
[1.0, 0.1306399641931057, 0.8693600358068942]
[1.0, 0.14275834303349255, 0.8572416569665074]
[1.0, 0.2955546846985817, 0.7044453153014183]
[1.0, 0.19359894424676896, 0.8064010557532311]
[1.0, 0.1659095274657011, 0.8340904725342989]
[1.0, 0.1753311929292977, 0.8246688070707023]
[1.0, 0.15078380648046733, 0.8492161935195327]
[1.0, 0.11396371594630182, 0.8860362840536982]
[1.0, 0.30840783210471273, 0.6915921678952872]
[1.0, 0.11651983484625816, 0.8834801651537418]
[1.0, 0.13285193409770726, 0.8671480659022928]
[1.0, 0.15013165406882764, 0.8498683459311723]
[1.0, 0.19005642127245664, 0.8099435787275433]
[1.0, 0.12293005699291826, 0.8770699430070817]
[1.0, 0.18970215655863285, 0.8102978434413671]
[1.0, 0.1486351716518402, 0.8513648283481599]
[1.0, 0.21481066616252065, 0.7851893338374794]
[1.0, 0.1307381146773696, 0.8692618853226304]
[1.0, 0.16826451398432254, 0.8317354860156775]
[1.0, 0.1363587004877627, 0.8636412995122373]
[1.0, 0.2183519130386412, 0.7816480869613588]
[1.0, 0.23498623799532653, 0.7650137620046735]
[1.0, 0.2270673879235983, 0.7729326120764017]
[1.0, 0.3104783909395337, 0.6895216090604663]
[1.0, 0.2450575877353549, 0.7549424122646451]
[1.0, 0.14098316699266433, 0.8590168330073357]
[1.0, 0.11825809454545379, 0.8817419054545462]
[1.0, 0.14034422408789396, 0.8596557759121061]
[1.0, 0.1354379051923752, 0.8645620948076248]
[1.0, 0.36432518854737284, 0.6356748114526272]
[1.0, 0.15087985791265965, 0.8491201420873403]
[1.0, 0.2299343354254961, 0.7700656645745039]
[1.0, 0.14680264553055167, 0.8531973544694483]
[1.0, 0.19988839667290448, 0.8001116033270955]
[1.0, 0.1403976173326373, 0.8596023826673627]
[1.0, 0.12195791771635413, 0.8780420822836459]
[1.0, 0.20439504811540246, 0.7956049518845976]
[1.0, 0.12528311977162956, 0.8747168802283705]
[1.0, 0.17327088447287678, 0.8267291155271232]
[1.0, 0.08656166147440672, 0.9134383385255933]
[1.0, 0.1579301130771637, 0.8420698869228362]
[1.0, 0.13965371211990715, 0.8603462878800928]
[1.0, 0.10979345384985209, 0.8902065461501479]
[1.0, 0.11577417902648449, 0.8842258209735155]
[1.0, 0.3421976691484451, 0.6578023308515548]
[1.0, 0.1729250442609191, 0.8270749557390809]
[1.0, 0.24925872646272182, 0.7507412735372782]
[1.0, 0.43488880917429923, 0.5651111908257007]
[1.0, 0.33608967885375024, 0.6639103211462498]
[1.0, 0.21535382568836212, 0.7846461743116379]
[1.0, 0.32317259833216666, 0.6768274016678333]
[1.0, 0.3068199650943279, 0.693180034905672]
[1.0, 0.4097458747960627, 0.5902541252039373]
[1.0, 0.38743907563388347, 0.6125609243661165]
[1.0, 0.23540001483634115, 0.7645999851636589]
[1.0, 0.4100416973978281, 0.589958302602172]
[1.0, 0.4908058160543442, 0.5091941839456557]
[1.0, 0.46554300144314764, 0.5344569985568524]
[1.0, 0.32034961922094224, 0.6796503807790577]
[1.0, 0.40441186994314193, 0.5955881300568581]
[1.0, 0.2931554057635367, 0.7068445942364633]
[1.0, 0.26136644709855317, 0.7386335529014468]
[1.0, 0.310910147447139, 0.689089852552861]
[1.0, 0.20953192321583627, 0.7904680767841638]
[1.0, 0.19482670043595135, 0.8051732995640486]
[1.0, 0.3040639666840434, 0.6959360333159565]
[1.0, 0.22885849349200726, 0.7711415065079927]
[1.0, 0.3217952847853303, 0.6782047152146697]
[1.0, 0.29940090045332907, 0.7005990995466709]
[1.0, 0.28871413752436637, 0.7112858624756336]
[1.0, 0.15352536498568953, 0.8464746350143104]
[1.0, 0.11461997148580849, 0.8853800285141915]
[1.0, 0.11481789533980191, 0.8851821046601981]
[1.0, 0.14837173245847224, 0.8516282675415278]
[1.0, 0.1769026136957109, 0.8230973863042891]
[1.0, 0.22389371112920345, 0.7761062888707966]
[1.0, 0.2002357655763626, 0.7997642344236374]
[1.0, 0.19805302597582342, 0.8019469740241766]
[1.0, 0.1984307069517672, 0.8015692930482328]
[1.0, 0.3127367028594017, 0.6872632971405983]
[1.0, 0.33988496178761124, 0.6601150382123888]
[1.0, 0.1662831283081323, 0.8337168716918677]
[1.0, 0.26536439258605243, 0.7346356074139475]
[1.0, 0.28923279996961354, 0.7107672000303864]
[1.0, 0.14609310582280158, 0.8539068941771985]
[1.0, 0.15635417498648166, 0.8436458250135184]
[1.0, 0.26394903790205715, 0.7360509620979429]
[1.0, 0.16930985871702434, 0.8306901412829757]
[1.0, 0.45672834299504755, 0.5432716570049525]
[1.0, 0.19174132395535706, 0.808258676044643]
[1.0, 0.15496298070997, 0.8450370192900301]
[1.0, 0.33915288507938385, 0.6608471149206161]
[1.0, 0.14511550342664123, 0.8548844965733587]
[1.0, 0.15693085681647062, 0.8430691431835293]
[1.0, 0.1593898591399193, 0.8406101408600807]
[1.0, 0.17307281685993076, 0.8269271831400693]
[1.0, 0.14283529326319694, 0.8571647067368031]
[1.0, 0.21266811317764223, 0.7873318868223578]
[1.0, 0.17694092374294995, 0.82305907625705]
[1.0, 0.12040139717981219, 0.8795986028201879]
[1.0, 0.1185833735577762, 0.8814166264422238]
[1.0, 0.23406795939430594, 0.7659320406056941]
[1.0, 0.2515134862065315, 0.7484865137934684]
[1.0, 0.15738325081765653, 0.8426167491823435]
[1.0, 0.12255880200304091, 0.8774411979969591]
[1.0, 0.14977616355754436, 0.8502238364424557]
[1.0, 0.15525354118086399, 0.844746458819136]
[1.0, 0.14819073274731637, 0.8518092672526836]
[1.0, 0.2960478373616934, 0.7039521626383066]
[1.0, 0.22037840947508813, 0.7796215905249119]
[1.0, 0.20328356549143792, 0.7967164345085621]
[1.0, 0.12760225758887828, 0.8723977424111218]
[1.0, 0.16376243449747563, 0.8362375655025244]
[1.0, 0.2138679570890963, 0.7861320429109037]
[1.0, 0.22102396864444018, 0.7789760313555598]
[1.0, 0.3079990392923355, 0.6920009607076645]
[1.0, 0.159725636318326, 0.840274363681674]
[1.0, 0.215400745049119, 0.784599254950881]
[1.0, 0.253782379552722, 0.746217620447278]
[1.0, 0.12879190111532807, 0.871208098884672]
[1.0, 0.13008098281919955, 0.8699190171808004]
[1.0, 0.1762462230399251, 0.8237537769600749]
[1.0, 0.09721426255069673, 0.9027857374493032]
[1.0, 0.13597357095219195, 0.864026429047808]
[1.0, 0.14038879219442607, 0.859611207805574]
[1.0, 0.14333366395905614, 0.8566663360409439]
[1.0, 0.3831501746550202, 0.6168498253449798]
[1.0, 0.22550631627440454, 0.7744936837255955]
[1.0, 0.19887978108599783, 0.8011202189140022]
[1.0, 0.23387746341526508, 0.766122536584735]
[1.0, 0.10979145396500826, 0.8902085460349918]
[1.0, 0.27055548135191204, 0.729444518648088]
[1.0, 0.11490085404366254, 0.8850991459563374]
[1.0, 0.21251469604671003, 0.78748530395329]
[1.0, 0.2981919726729393, 0.7018080273270607]
[1.0, 0.2854884781315923, 0.7145115218684077]
[1.0, 0.18933897154405713, 0.8106610284559429]
[1.0, 0.19987433288246392, 0.8001256671175361]
[1.0, 0.21323148416355253, 0.7867685158364475]
[1.0, 0.3232988243177533, 0.6767011756822467]
[1.0, 0.2704905516654253, 0.7295094483345748]
[1.0, 0.32789294503629207, 0.6721070549637079]
[1.0, 0.19384548805654048, 0.8061545119434596]
[1.0, 0.24699476383626462, 0.7530052361637354]
[1.0, 0.18006990367546677, 0.8199300963245333]
[1.0, 0.34377205159515145, 0.6562279484048485]
[1.0, 0.17015369556844234, 0.8298463044315576]
[1.0, 0.14382756544277073, 0.8561724345572292]
[1.0, 0.3488374598696828, 0.6511625401303172]
[1.0, 0.3158575205132365, 0.6841424794867634]
[1.0, 0.41708024248480796, 0.5829197575151921]
[1.0, 0.2746563305705786, 0.7253436694294214]
[1.0, 0.3809157704561949, 0.619084229543805]
[1.0, 0.33570885729044675, 0.6642911427095533]
[1.0, 0.2711498637124896, 0.7288501362875104]
[1.0, 0.2768186678737402, 0.7231813321262598]
[1.0, 0.25059749737381937, 0.7494025026261806]
[1.0, 0.33224075198173525, 0.6677592480182648]
[1.0, 0.22651549959555267, 0.7734845004044473]
[1.0, 0.2023803586512804, 0.7976196413487195]
[1.0, 0.31306978207081554, 0.6869302179291845]
[1.0, 0.15179405163042248, 0.8482059483695775]
[1.0, 0.2277332517504692, 0.7722667482495308]
[1.0, 0.18220039584673942, 0.8177996041532606]
[1.0, 0.4080849842354655, 0.5919150157645345]
[1.0, 0.19814300091005863, 0.8018569990899413]
[1.0, 0.2254738993011415, 0.7745261006988585]
[1.0, 0.32436521172523497, 0.6756347882747651]
[1.0, 0.25335286918096245, 0.7466471308190376]
[1.0, 0.20596546124666928, 0.7940345387533307]
[1.0, 0.13432401538826524, 0.8656759846117348]
[1.0, 0.15790741071105002, 0.8420925892889499]
[1.0, 0.19888489129953085, 0.8011151087004691]
[1.0, 0.16069060508161784, 0.8393093949183822]
[1.0, 0.27082701317965985, 0.7291729868203402]
[1.0, 0.20167401007376612, 0.7983259899262338]
[1.0, 0.19288714308291674, 0.8071128569170832]
[1.0, 0.20481302155181766, 0.7951869784481823]
[1.0, 0.1832555684540421, 0.8167444315459579]
[1.0, 0.0983436840120703, 0.9016563159879297]
[1.0, 0.14951289361342787, 0.8504871063865721]
[1.0, 0.1494928491767496, 0.8505071508232505]
[1.0, 0.19187799762934446, 0.8081220023706556]
[1.0, 0.15904390932992102, 0.840956090670079]
[1.0, 0.26020957451313736, 0.7397904254868626]
[1.0, 0.14895174518227577, 0.8510482548177243]
[1.0, 0.16163777556270362, 0.8383622244372964]
[1.0, 0.19059260261245073, 0.8094073973875493]
[1.0, 0.27708974841982126, 0.7229102515801787]
[1.0, 0.19036087357439102, 0.809639126425609]
[1.0, 0.20257553913630544, 0.7974244608636946]
[1.0, 0.18422391975298524, 0.8157760802470148]
[1.0, 0.1682444290164858, 0.8317555709835142]
[1.0, 0.2921068933606148, 0.7078931066393852]
[1.0, 0.19401904620230198, 0.8059809537976981]
[1.0, 0.468023881316185, 0.531976118683815]
[1.0, 0.2300935793109238, 0.7699064206890762]
[1.0, 0.2520591538026929, 0.7479408461973072]
[1.0, 0.2700775821506977, 0.7299224178493022]
[1.0, 0.33835920177400114, 0.6616407982259989]
[1.0, 0.22746664633974434, 0.7725333536602557]
[1.0, 0.1513433778472245, 0.8486566221527755]
[1.0, 0.2060520434193313, 0.7939479565806686]
[1.0, 0.16531237503513693, 0.834687624964863]
[1.0, 0.36974853213876485, 0.6302514678612352]
[1.0, 0.521663093008101, 0.478336906991899]
[1.0, 0.12565246012061834, 0.8743475398793816]
[0.0, 0.6015823443233966, 0.39841765567660337]
[1.0, 0.21593849673867227, 0.7840615032613277]
[1.0, 0.48710832379758356, 0.5128916762024165]
[1.0, 0.21304276371374725, 0.7869572362862527]
[1.0, 0.351084885597229, 0.6489151144027709]
[1.0, 0.35928111113607886, 0.6407188888639211]
[1.0, 0.31588209301233294, 0.6841179069876671]
[1.0, 0.20944622881710528, 0.7905537711828947]
[1.0, 0.21744401551783085, 0.7825559844821691]
[1.0, 0.3238405820727348, 0.6761594179272652]
[1.0, 0.23869802918285132, 0.7613019708171487]
[1.0, 0.13211557544767857, 0.8678844245523214]
[1.0, 0.24534235432744025, 0.7546576456725598]
[1.0, 0.24080090768635273, 0.7591990923136472]
[1.0, 0.3506733177602291, 0.649326682239771]
[1.0, 0.27416634406894447, 0.7258336559310555]
[1.0, 0.3038549821451306, 0.6961450178548694]
[1.0, 0.15380718503147364, 0.8461928149685264]
[1.0, 0.3026067388057709, 0.6973932611942291]
[1.0, 0.20026646852493285, 0.7997335314750671]
[1.0, 0.1551274435967207, 0.8448725564032793]
[1.0, 0.12722616791725158, 0.8727738320827484]
[1.0, 0.24502073418349027, 0.7549792658165098]
[1.0, 0.1795692179352045, 0.8204307820647955]
[1.0, 0.18239296332001687, 0.8176070366799831]
[1.0, 0.15308582359924913, 0.8469141764007508]
[1.0, 0.24689208544790744, 0.7531079145520926]
[1.0, 0.0977036035247147, 0.9022963964752853]
[1.0, 0.1953289419785142, 0.8046710580214858]
[1.0, 0.1176369540207088, 0.8823630459792912]
[1.0, 0.19798445533961057, 0.8020155446603894]
[1.0, 0.17682640824466944, 0.8231735917553306]
[1.0, 0.15462077321484685, 0.8453792267851532]
[1.0, 0.17335002671927213, 0.8266499732807279]
[1.0, 0.1842175207287073, 0.8157824792712927]
[1.0, 0.21697965225204827, 0.7830203477479517]
[1.0, 0.3214013409614563, 0.6785986590385438]
[1.0, 0.29285416040569545, 0.7071458395943045]
[1.0, 0.1812595906853676, 0.8187404093146324]
[1.0, 0.33820169895887375, 0.6617983010411262]
[1.0, 0.4045022586733103, 0.5954977413266898]
[1.0, 0.3540040645003319, 0.645995935499668]
[1.0, 0.3639407020807266, 0.6360592979192734]
[1.0, 0.27406143490225077, 0.7259385650977492]
[1.0, 0.2532760476693511, 0.7467239523306489]
[1.0, 0.3013517452031374, 0.6986482547968627]
[1.0, 0.3533361689001322, 0.6466638310998678]
[1.0, 0.22099755331873894, 0.7790024466812611]
[1.0, 0.1479402175731957, 0.8520597824268044]
[1.0, 0.33570714730769396, 0.664292852692306]
[1.0, 0.2514920473471284, 0.7485079526528716]
[1.0, 0.28646579027175906, 0.7135342097282409]
[1.0, 0.29701452285051344, 0.7029854771494866]
[1.0, 0.1816268239542842, 0.8183731760457158]
[1.0, 0.2038797075673938, 0.7961202924326062]
[1.0, 0.40551499035209415, 0.5944850096479058]
[1.0, 0.2906755735352635, 0.7093244264647365]
[1.0, 0.43141834661364553, 0.5685816533863545]
[1.0, 0.2937308528646827, 0.7062691471353173]
[1.0, 0.22252952182665467, 0.7774704781733454]
[1.0, 0.38126844257116316, 0.6187315574288368]
[1.0, 0.1200086807552725, 0.8799913192447275]
[1.0, 0.47305770721286533, 0.5269422927871347]
[1.0, 0.19793941132724285, 0.8020605886727572]
[1.0, 0.22778580710291862, 0.7722141928970814]
[1.0, 0.2186580904200673, 0.7813419095799327]
[1.0, 0.15466057047247886, 0.8453394295275212]
[1.0, 0.2969882908463478, 0.7030117091536522]
[1.0, 0.2171052549779415, 0.7828947450220585]
[1.0, 0.2876315713301301, 0.7123684286698699]
[1.0, 0.2709828454256058, 0.7290171545743942]
[1.0, 0.24624702882021665, 0.7537529711797833]
[1.0, 0.2609800293296576, 0.7390199706703424]
[1.0, 0.16634853661060334, 0.8336514633893967]
[1.0, 0.1511521065607667, 0.8488478934392333]
[1.0, 0.1832379522547126, 0.8167620477452874]
[1.0, 0.1664416907168925, 0.8335583092831075]
[1.0, 0.24959565043449403, 0.750404349565506]
[1.0, 0.2576163926161826, 0.7423836073838175]
[1.0, 0.34485749393701554, 0.6551425060629845]
[1.0, 0.5067975008487702, 0.4932024991512298]
[1.0, 0.17122723316773772, 0.8287727668322623]
[1.0, 0.17050068764016033, 0.8294993123598396]
[1.0, 0.16633127722889185, 0.8336687227711082]
[1.0, 0.24973118895664811, 0.7502688110433519]
[1.0, 0.1317187316529453, 0.8682812683470547]
[1.0, 0.324964658729732, 0.675035341270268]
[1.0, 0.36909968189895154, 0.6309003181010484]
[1.0, 0.2951425165310502, 0.7048574834689498]
[1.0, 0.11496803374961019, 0.8850319662503898]
[1.0, 0.21114269360899926, 0.7888573063910007]
[1.0, 0.35485383719205854, 0.6451461628079415]
[1.0, 0.1852789306640625, 0.8147210693359375]
[1.0, 0.17996507614850998, 0.82003492385149]
[1.0, 0.1868921050429344, 0.8131078949570656]
[1.0, 0.2546293351054192, 0.7453706648945808]
[0.0, 0.8565569147467613, 0.14344308525323868]
[0.0, 0.905006138086319, 0.09499386191368098]
[0.0, 0.8813916948437691, 0.11860830515623089]
[0.0, 0.9254578560590744, 0.07454214394092562]
[0.0, 0.8880467331409454, 0.1119532668590546]
[0.0, 0.8630774104595185, 0.13692258954048153]
[0.0, 0.8596034136414528, 0.14039658635854724]
[0.0, 0.880469257235527, 0.11953074276447295]
[0.0, 0.9164946550130844, 0.08350534498691564]
[0.0, 0.8962925109267235, 0.10370748907327654]
[0.0, 0.9147413873672485, 0.08525861263275147]
[0.0, 0.8843694466352463, 0.1156305533647537]
[0.0, 0.9273049572110176, 0.07269504278898242]
[0.0, 0.9209642279148101, 0.07903577208518986]
[0.0, 0.837121419608593, 0.162878580391407]
[0.0, 0.9018534308671952, 0.09814656913280484]
[0.0, 0.8737226098775863, 0.12627739012241368]
[0.0, 0.8621662316471338, 0.1378337683528662]
[0.0, 0.8424221208691597, 0.15757787913084031]
[0.0, 0.7867970403656364, 0.21320295963436364]
[0.0, 0.7485975920781494, 0.25140240792185065]
[0.0, 0.825504738688469, 0.17449526131153104]
[0.0, 0.7828856140561402, 0.2171143859438598]
[0.0, 0.9204191392660142, 0.07958086073398585]
[0.0, 0.8891875976324082, 0.11081240236759182]
[0.0, 0.8876126573234796, 0.1123873426765204]
[0.0, 0.9076855801790953, 0.09231441982090471]
[0.0, 0.8368312326073647, 0.1631687673926353]
[0.0, 0.8558613699674607, 0.14413863003253935]
[0.0, 0.7874463899433612, 0.21255361005663875]
[0.0, 0.7919674485921859, 0.20803255140781407]
[0.0, 0.8646029654145241, 0.13539703458547592]
[0.0, 0.8328825423121452, 0.1671174576878548]
[0.0, 0.8722078870236873, 0.12779211297631266]
[0.0, 0.6755115188471973, 0.3244884811528027]
[0.0, 0.816917397081852, 0.18308260291814804]
[0.0, 0.8353928758203983, 0.16460712417960166]
[0.0, 0.8704294782876968, 0.1295705217123032]
[0.0, 0.808626928627491, 0.19137307137250903]
[0.0, 0.7100499597191811, 0.28995004028081894]
[0.0, 0.8761294078826904, 0.12387059211730955]
[0.0, 0.8564542083442211, 0.14354579165577885]
[0.0, 0.770950627475977, 0.22904937252402302]
[0.0, 0.8291064375638961, 0.17089356243610387]
[0.0, 0.7970612485706806, 0.2029387514293194]
[0.0, 0.6847434972971678, 0.31525650270283223]
[0.0, 0.8233038058876991, 0.17669619411230086]
[0.0, 0.7399280421435833, 0.2600719578564167]
[0.0, 0.6594298691675067, 0.3405701308324933]
[0.0, 0.7842147953808307, 0.21578520461916928]
[0.0, 0.7946599468588829, 0.20534005314111714]
[0.0, 0.7706654797121882, 0.22933452028781176]
[0.0, 0.8679957440495492, 0.13200425595045084]
[0.0, 0.6635725116170943, 0.3364274883829057]
[0.0, 0.8738542774319649, 0.12614572256803513]
[0.0, 0.8622039857506753, 0.13779601424932475]
[0.0, 0.8939985674619675, 0.10600143253803251]
[0.0, 0.738079565167427, 0.261920434832573]
[0.0, 0.859383923560381, 0.14061607643961904]
[0.0, 0.8181846706196666, 0.1818153293803334]
[0.0, 0.7529001887887716, 0.24709981121122837]
[0.0, 0.8914948096871376, 0.10850519031286243]
[0.0, 0.8814948096871376, 0.11850519031286244]
[0.0, 0.7675216963887215, 0.23247830361127853]
[0.0, 0.832119914740324, 0.16788008525967602]
[0.0, 0.8041850896179676, 0.19581491038203236]
[0.0, 0.7756095385551453, 0.22439046144485475]
[0.0, 0.8020175424218178, 0.19798245757818222]
[0.0, 0.8895972722768783, 0.11040272772312165]
[0.0, 0.8443405702710152, 0.15565942972898483]
[0.0, 0.8100668425858021, 0.18993315741419792]
[0.0, 0.8934693679213523, 0.10653063207864766]
[0.0, 0.8009065201878548, 0.1990934798121452]
[0.0, 0.8117748185992241, 0.18822518140077593]
[0.0, 0.8536276173591614, 0.14637238264083863]
[0.0, 0.8669603565335273, 0.13303964346647268]
[0.0, 0.8718574476242066, 0.12814255237579342]
[0.0, 0.8469795343279839, 0.1530204656720161]
[0.0, 0.8013753816485405, 0.1986246183514595]
[0.0, 0.8480421882867814, 0.15195781171321865]
[0.0, 0.8018225431442261, 0.19817745685577393]
[0.0, 0.8147810044512153, 0.18521899554878474]
[0.0, 0.8172440832853317, 0.1827559167146683]
[0.0, 0.7650836264342069, 0.2349163735657931]
[0.0, 0.6920781268924475, 0.3079218731075525]
[0.0, 0.8018915933370591, 0.19810840666294094]
[0.0, 0.7128897939249873, 0.2871102060750127]
[0.0, 0.8310272557288408, 0.16897274427115916]
[0.0, 0.7666415330767632, 0.2333584669232368]
[0.0, 0.8657313469052315, 0.13426865309476854]
[0.0, 0.7905330680310726, 0.2094669319689274]
[0.0, 0.857153239250183, 0.14284676074981695]
[0.0, 0.7901933971047401, 0.20980660289525987]
[0.0, 0.8585252241790294, 0.14147477582097057]
[0.0, 0.8841914008557796, 0.11580859914422037]
[0.0, 0.9108270537853241, 0.08917294621467586]
[0.0, 0.9060146863758564, 0.09398531362414364]
[0.0, 0.8904609197378158, 0.10953908026218417]
[0.0, 0.8412716460227966, 0.15872835397720342]
[0.0, 0.8557289910316467, 0.14427100896835332]
[0.0, 0.561132381297648, 0.438867618702352]
[0.0, 0.7345377784967423, 0.2654622215032577]
[0.0, 0.7036510760337115, 0.29634892396628854]
[0.0, 0.7493450158461928, 0.25065498415380716]
[0.0, 0.7977570884674787, 0.20224291153252127]
[0.0, 0.8725378108024597, 0.12746218919754027]
[0.0, 0.6804372717440128, 0.3195627282559872]
[0.0, 0.8939458626508713, 0.10605413734912872]
[0.0, 0.9153492552042007, 0.08465074479579926]
[0.0, 0.857132880166173, 0.14286711983382705]
[0.0, 0.7378734995424747, 0.2621265004575253]
[0.0, 0.8698527939617634, 0.1301472060382366]
[0.0, 0.8362200132012367, 0.16377998679876327]
[0.0, 0.8300282940268516, 0.16997170597314837]
[0.0, 0.9025910422205925, 0.0974089577794075]
[0.0, 0.8248703950643539, 0.1751296049356461]
[0.0, 0.7523854598402977, 0.2476145401597023]
[0.0, 0.7371922289021313, 0.2628077710978687]
[0.0, 0.8323075245320797, 0.16769247546792032]
[0.0, 0.7370660190284252, 0.26293398097157483]
[0.0, 0.8077479235827922, 0.19225207641720776]
[0.0, 0.8103710535168648, 0.18962894648313522]
[0.0, 0.8529783004522323, 0.14702169954776767]
[0.0, 0.8477960723638535, 0.15220392763614654]
[0.0, 0.8824338640272618, 0.11756613597273824]
[0.0, 0.9214258652925491, 0.0785741347074509]
[0.0, 0.8302247194945812, 0.1697752805054188]
[0.0, 0.8166019030287862, 0.1833980969712138]
[0.0, 0.8606674492359161, 0.1393325507640839]
[0.0, 0.8587873014807701, 0.1412126985192299]
[0.0, 0.8546062824130058, 0.14539371758699415]
[0.0, 0.8129272731393575, 0.18707272686064247]
[0.0, 0.7517292289622128, 0.24827077103778716]
[0.0, 0.7358158733323217, 0.2641841266676783]
[0.0, 0.7690441896393895, 0.23095581036061053]
[0.0, 0.7748456552624703, 0.2251543447375297]
[0.0, 0.7286093091219663, 0.2713906908780337]
[0.0, 0.7639146567881108, 0.23608534321188923]
[0.0, 0.8840177413821221, 0.11598225861787792]
[0.0, 0.8207280889898538, 0.17927191101014617]
[0.0, 0.8876724722981453, 0.11232752770185472]
[0.0, 0.7790654166042805, 0.22093458339571947]
[0.0, 0.8071703339368105, 0.19282966606318952]
[0.0, 0.8165823175013065, 0.1834176824986935]
[0.0, 0.8618492065370082, 0.13815079346299175]
[0.0, 0.6347239879518747, 0.3652760120481253]
[0.0, 0.792521626278758, 0.207478373721242]
[0.0, 0.7766548104584217, 0.22334518954157834]
[0.0, 0.7829208034276962, 0.2170791965723038]
[0.0, 0.7784755653887987, 0.2215244346112013]
[0.0, 0.7596877630800009, 0.24031223691999914]
[0.0, 0.8397930370271206, 0.1602069629728794]
[0.0, 0.6618564406409859, 0.3381435593590141]
[0.0, 0.7503195539861918, 0.24968044601380823]
[0.0, 0.873652167916298, 0.12634783208370204]
[0.0, 0.6192512202262879, 0.38074877977371213]
[0.0, 0.7151767538487911, 0.2848232461512089]
[0.0, 0.7692068246006966, 0.23079317539930344]
[0.0, 0.8171591755747795, 0.18284082442522054]
[0.0, 0.8230978041142225, 0.1769021958857775]
[0.0, 0.7538254704885184, 0.24617452951148155]
[0.0, 0.7808812978863716, 0.21911870211362838]
[0.0, 0.6173055271804333, 0.3826944728195667]
[0.0, 0.829963566660881, 0.170036433339119]
[0.0, 0.7301464694738388, 0.26985353052616123]
[0.0, 0.7361265227198601, 0.2638734772801399]
[0.0, 0.625288402698934, 0.37471159730106596]
[0.0, 0.6526638963632285, 0.3473361036367715]
[0.0, 0.7811324016749859, 0.21886759832501412]
[0.0, 0.6784011217206717, 0.3215988782793283]
[0.0, 0.8385445311665535, 0.16145546883344652]
[0.0, 0.7738074333965779, 0.22619256660342213]
[0.0, 0.8697056439518929, 0.13029435604810713]
[0.0, 0.8736583271622658, 0.12634167283773423]
[0.0, 0.8193752101063728, 0.18062478989362718]
[0.0, 0.8996581107378006, 0.10034188926219945]
[0.0, 0.8549527436867357, 0.14504725631326432]
[0.0, 0.8640001451969147, 0.1359998548030853]
[0.0, 0.8941935151815414, 0.10580648481845856]
[0.0, 0.7917991410940886, 0.20820085890591145]
[0.0, 0.8805116620659829, 0.11948833793401714]
[0.0, 0.8028156998753547, 0.19718430012464527]
[0.0, 0.9032246404886246, 0.09677535951137539]
[0.0, 0.9059550446271897, 0.09404495537281032]
[0.0, 0.9170265325903892, 0.08297346740961076]
[0.0, 0.9147437062859535, 0.08525629371404653]
[0.0, 0.9090550020337105, 0.09094499796628952]
[0.0, 0.912617389857769, 0.08738261014223103]
[0.0, 0.8397502899169922, 0.1602497100830078]
[0.0, 0.8501485127210617, 0.14985148727893827]
[0.0, 0.8713309374451638, 0.12866906255483623]
[0.0, 0.8707819858193397, 0.12921801418066026]
[0.0, 0.8650138238072396, 0.13498617619276043]
[0.0, 0.8496932917833329, 0.15030670821666714]
[0.0, 0.9006945809721947, 0.09930541902780532]
[0.0, 0.8243369108438492, 0.1756630891561508]
[0.0, 0.8356870651245117, 0.16431293487548826]
[0.0, 0.8035997448861599, 0.19640025511384007]
[0.0, 0.8909913474321365, 0.10900865256786352]
[0.0, 0.8113017198443413, 0.1886982801556587]
[0.0, 0.8190325759351254, 0.18096742406487465]
[0.0, 0.8473443195223809, 0.15265568047761913]
[0.0, 0.9014950415492058, 0.09850495845079421]
[0.0, 0.8516651200503111, 0.14833487994968886]
[0.0, 0.7449144353717565, 0.2550855646282435]
[0.0, 0.8113294793665409, 0.18867052063345913]
[0.0, 0.7519820614159107, 0.24801793858408927]
[0.0, 0.8919537088274956, 0.10804629117250442]
[0.0, 0.7796402997151017, 0.22035970028489826]
[0.0, 0.8274980527162552, 0.1725019472837448]
[0.0, 0.8550592851638794, 0.1449407148361206]
[0.0, 0.8376540076732636, 0.1623459923267364]
[0.0, 0.8044163741543889, 0.19558362584561106]
[0.0, 0.90174884557724, 0.09825115442276]
[0.0, 0.8779714033007622, 0.12202859669923782]
[0.0, 0.8702598235011101, 0.12974017649888991]
[0.0, 0.8897391033172607, 0.1102608966827393]
[0.0, 0.8668567210435867, 0.1331432789564133]
[0.0, 0.805971802175045, 0.19402819782495495]
[0.0, 0.6853746526688337, 0.3146253473311663]
[0.0, 0.8224978086352348, 0.1775021913647652]
[0.0, 0.8424396660923957, 0.15756033390760427]
[0.0, 0.8185555830597877, 0.1814444169402123]
[0.0, 0.8321122720837593, 0.16788772791624074]
[0.0, 0.8838154301047325, 0.11618456989526749]
[0.0, 0.8464184555411339, 0.15358154445886607]
[0.0, 0.9039536681771279, 0.09604633182287214]
[0.0, 0.9333630159497261, 0.06663698405027385]
[0.0, 0.8993698918819427, 0.10063010811805728]
[0.0, 0.8504084703326226, 0.14959152966737743]
[0.0, 0.9821336516737937, 0.01786634832620626]
[0.0, 0.9923777064681053, 0.007622293531894697]
[0.0, 0.9929040220379829, 0.007095977962017108]
[0.0, 0.9923777064681053, 0.007622293531894697]
[0.0, 0.9918221506476402, 0.008177849352359767]
[0.0, 0.989578095972538, 0.010421904027462014]
[0.0, 0.9923484662175178, 0.007651533782482178]
[0.0, 0.9921336516737937, 0.007866348326206252]
[0.0, 0.9730126863718033, 0.02698731362819673]
[0.0, 0.9901426896452904, 0.009857310354709603]
[0.0, 0.8056808386743068, 0.19431916132569316]
[0.0, 0.9094381937384606, 0.09056180626153942]
[0.0, 0.9278628274798393, 0.07213717252016072]
[0.0, 0.7926621417049319, 0.20733785829506812]
[0.0, 0.8034469638764858, 0.19655303612351416]
[0.0, 0.7409902867022902, 0.25900971329770983]
[0.0, 0.8055386300384998, 0.1944613699615002]
[0.0, 0.8867927615344524, 0.11320723846554759]
[0.0, 0.8170929142832756, 0.18290708571672443]
[0.0, 0.9156320925056934, 0.08436790749430656]
[0.0, 0.8310268752276897, 0.1689731247723103]
[0.0, 0.941846684217453, 0.05815331578254701]
[0.0, 0.9502485933899879, 0.049751406610012094]
[0.0, 0.9385537883639335, 0.06144621163606645]
[0.0, 0.8841855534911156, 0.1158144465088844]
[0.0, 0.9500041489303112, 0.049995851069688846]
[0.0, 0.9117765264213085, 0.08822347357869154]
[0.0, 0.9328453606367111, 0.06715463936328891]
[0.0, 0.9232155427336692, 0.07678445726633076]
[0.0, 0.8558485172688961, 0.1441514827311039]
[0.0, 0.9366568407416344, 0.06334315925836564]
[0.0, 0.9247898432612419, 0.07521015673875808]
[0.0, 0.8567145857214927, 0.14328541427850727]
[0.0, 0.8273552113771439, 0.17264478862285615]
[0.0, 0.8972383791208267, 0.10276162087917329]
[0.0, 0.8586997762322426, 0.14130022376775742]
[0.0, 0.8888992568850518, 0.11110074311494822]
[0.0, 0.88047238484025, 0.11952761515974997]
[0.0, 0.9036825227737427, 0.09631747722625728]
[0.0, 0.8996812351793051, 0.1003187648206949]
[0.0, 0.7945815691351891, 0.20541843086481093]
[0.0, 0.9017191633582116, 0.09828083664178844]
[0.0, 0.8772533306479454, 0.12274666935205458]
[0.0, 0.8350354577600956, 0.16496454223990442]
[0.0, 0.8506855456531048, 0.14931445434689516]
[0.0, 0.7907994523644447, 0.2092005476355553]
[0.0, 0.8476448501646519, 0.15235514983534815]
[0.0, 0.7665485476702452, 0.23345145232975484]
[0.0, 0.8241922369599343, 0.17580776304006573]
[0.0, 0.8111433340609073, 0.18885666593909267]
[0.0, 0.8311055634170771, 0.1688944365829229]
[0.0, 0.8323650369048119, 0.1676349630951881]
[0.0, 0.8269797796010971, 0.17302022039890286]
[0.0, 0.7991627383232117, 0.20083726167678828]
[0.0, 0.7809049335122108, 0.2190950664877892]
[0.0, 0.8555292916297913, 0.1444707083702087]
[0.0, 0.851139762699604, 0.148860237300396]
[0.0, 0.9291529804468155, 0.07084701955318451]
[0.0, 0.9032251927256584, 0.09677480727434162]
[0.0, 0.9302382805943489, 0.06976171940565112]
[0.0, 0.943299646526575, 0.05670035347342495]
[0.0, 0.8568002809584141, 0.1431997190415859]
[0.0, 0.8453723331540823, 0.15462766684591767]
[1.0, 0.13457069646567107, 0.8654293035343289]
[1.0, 0.04919344268739224, 0.9508065573126078]
[1.0, 0.04980582598596811, 0.9501941740140318]
[1.0, 0.05207830533385277, 0.9479216946661473]
[1.0, 0.044334415271878244, 0.9556655847281218]
[1.0, 0.05149909861385822, 0.9485009013861417]
[1.0, 0.06290021765977144, 0.9370997823402285]
[1.0, 0.05329155668616295, 0.9467084433138371]
[1.0, 0.06605108235031366, 0.9339489176496863]
[1.0, 0.07256671335548162, 0.9274332866445184]
[1.0, 0.0952431346848607, 0.9047568653151393]
[1.0, 0.09258921984583139, 0.9074107801541687]
[1.0, 0.057609663642942906, 0.942390336357057]
[1.0, 0.16962225060909986, 0.8303777493909001]
[1.0, 0.21446332931518555, 0.7855366706848145]
[1.0, 0.41873730070889, 0.5812626992911101]
[1.0, 0.15380115542560815, 0.8461988445743919]
[1.0, 0.16239084769040346, 0.8376091523095965]
[1.0, 0.13658851655200124, 0.8634114834479988]
[1.0, 0.1064557820186019, 0.8935442179813982]
[1.0, 0.14633598839864134, 0.8536640116013586]
[1.0, 0.07870923489332199, 0.921290765106678]
[1.0, 0.14183781284838914, 0.8581621871516109]
[1.0, 0.11201035138219595, 0.887989648617804]
[1.0, 0.16777003344148397, 0.832229966558516]
[1.0, 0.10089018160477281, 0.8991098183952272]
[1.0, 0.1489834738522768, 0.8510165261477232]
[1.0, 0.08480886220932007, 0.91519113779068]
[1.0, 0.14516541063785554, 0.8548345893621445]
[1.0, 0.19870071925222874, 0.8012992807477712]
[1.0, 0.22064416110515594, 0.779355838894844]
[1.0, 0.13360034549608826, 0.8663996545039118]
[1.0, 0.11803905582055449, 0.8819609441794455]
[1.0, 0.08931339979171753, 0.9106866002082825]
[1.0, 0.11007048070430756, 0.8899295192956924]
[1.0, 0.11320034896954895, 0.886799651030451]
[1.0, 0.08144467391073704, 0.9185553260892629]
[1.0, 0.12115370497107505, 0.878846295028925]
[1.0, 0.06504168465733529, 0.9349583153426647]
[1.0, 0.09639372847974301, 0.903606271520257]
[1.0, 0.10870586305856705, 0.8912941369414329]
[1.0, 0.15298908606171607, 0.847010913938284]
[1.0, 0.19922115683555602, 0.800778843164444]
[1.0, 0.14318739116191864, 0.8568126088380814]
[1.0, 0.17428465537726878, 0.8257153446227312]
[1.0, 0.25958847761154175, 0.7404115223884582]
[1.0, 0.19640649730339646, 0.8035935026966036]
[1.0, 0.1790607206337154, 0.8209392793662846]
[1.0, 0.2780494707636535, 0.7219505292363465]
[1.0, 0.32952584892511366, 0.6704741510748864]
[1.0, 0.2653612917661667, 0.7346387082338333]
[1.0, 0.2743939104676247, 0.7256060895323753]
[1.0, 0.20531268954277038, 0.7946873104572296]
[1.0, 0.17533167943358421, 0.8246683205664158]
[1.0, 0.2452918918058276, 0.7547081081941724]
[1.0, 0.3570590800791979, 0.642940919920802]
[1.0, 0.34700020343065263, 0.6529997965693474]
[1.0, 0.4579547828063369, 0.5420452171936632]
[1.0, 0.3517947944998741, 0.648205205500126]
[1.0, 0.26320207422599196, 0.736797925774008]
[1.0, 0.15246554628014564, 0.8475344537198544]
[1.0, 0.1823101434111595, 0.8176898565888405]
[1.0, 0.27798022016882895, 0.722019779831171]
[1.0, 0.1585704741626978, 0.8414295258373022]
[1.0, 0.23206834606826304, 0.7679316539317369]
[1.0, 0.1424546169117093, 0.8575453830882906]
[1.0, 0.30488690912723543, 0.6951130908727645]
[1.0, 0.21616919703781604, 0.783830802962184]
[1.0, 0.2403770809620619, 0.7596229190379381]
[1.0, 0.262289899289608, 0.737710100710392]
[1.0, 0.16025194503366946, 0.8397480549663305]
[1.0, 0.35069878116250036, 0.6493012188374996]
[1.0, 0.22908445000648497, 0.770915549993515]
[1.0, 0.280935153439641, 0.7190648465603591]
[1.0, 0.17279521211981774, 0.8272047878801823]
[1.0, 0.23816101610660553, 0.7618389838933944]
[1.0, 0.31182079650461675, 0.6881792034953833]
[1.0, 0.28192146867513657, 0.7180785313248634]
[1.0, 0.32436678893864157, 0.6756332110613584]
[1.0, 0.25257464714348316, 0.7474253528565169]
[1.0, 0.25051508396863936, 0.7494849160313606]
[1.0, 0.10517728984355927, 0.8948227101564408]
[1.0, 0.26812649361789226, 0.7318735063821078]
[1.0, 0.18285039365291594, 0.817149606347084]
[1.0, 0.1135800960008055, 0.8864199039991945]
[1.0, 0.07953950808383524, 0.9204604919161647]
[1.0, 0.10298865571618081, 0.8970113442838192]
[1.0, 0.10602798894047737, 0.8939720110595226]
[1.0, 0.09470135209150612, 0.9052986479084939]
[1.0, 0.12337586611509323, 0.8766241338849068]
[1.0, 0.06644905273802579, 0.9335509472619742]
[1.0, 0.06997536865063012, 0.9300246313493699]
[1.0, 0.05405520376749337, 0.9459447962325066]
[1.0, 0.04809587818570435, 0.9519041218142956]
[1.0, 0.06660499815829098, 0.933395001841709]
[1.0, 0.18884058651514352, 0.8111594134848565]
[1.0, 0.06607868236489595, 0.933921317635104]
[1.0, 0.0785723099205643, 0.9214276900794357]
[1.0, 0.06386963077820837, 0.9361303692217916]
[1.0, 0.07954758995212614, 0.9204524100478738]
[1.0, 0.06120044246315956, 0.9387995575368404]
[1.0, 0.06967666052281857, 0.9303233394771815]
[1.0, 0.08432226315140724, 0.9156777368485928]
[1.0, 0.052448629597201944, 0.947551370402798]
[1.0, 0.061896129557862875, 0.9381038704421372]
[1.0, 0.12556913026608527, 0.8744308697339147]
[1.0, 0.09590335935354233, 0.9040966406464577]
[1.0, 0.05226431414484978, 0.9477356858551502]
[1.0, 0.058040551245212554, 0.9419594487547874]
[1.0, 0.05435984031297267, 0.9456401596870273]
[1.0, 0.06291053131222725, 0.9370894686877728]
[1.0, 0.0715401178598404, 0.9284598821401596]
[1.0, 0.06447618767619133, 0.9355238123238087]
[1.0, 0.08375697880983353, 0.9162430211901664]
[1.0, 0.05145537633448839, 0.9485446236655116]
[1.0, 0.07322525888681412, 0.9267747411131859]
[1.0, 0.056646970696747304, 0.9433530293032527]
[1.0, 0.05053243398666382, 0.9494675660133362]
[1.0, 0.09185528349131346, 0.9081447165086866]
[1.0, 0.11600801344960927, 0.8839919865503907]
[1.0, 0.07347421053797007, 0.9265257894620299]
[1.0, 0.04875046968460083, 0.9512495303153992]
[1.0, 0.06299937203526497, 0.937000627964735]
[1.0, 0.08789103150367737, 0.9121089684963226]
[1.0, 0.05959070831537247, 0.9404092916846275]
[1.0, 0.27556483149528505, 0.724435168504715]
[1.0, 0.2189403623342514, 0.7810596376657486]
[1.0, 0.1792978709936142, 0.8207021290063858]
[1.0, 0.06884422443807126, 0.9311557755619287]
[1.0, 0.10937290102243423, 0.8906270989775658]
[1.0, 0.07260486014187335, 0.9273951398581266]
[1.0, 0.12690572038292885, 0.8730942796170711]
[1.0, 0.07308852866292, 0.92691147133708]
[1.0, 0.10493475973606109, 0.895065240263939]
[1.0, 0.1216276901960373, 0.8783723098039627]
[1.0, 0.069449218288064, 0.9305507817119361]
[1.0, 0.12886770516633989, 0.8711322948336602]
[1.0, 0.24319181591272354, 0.7568081840872765]
[1.0, 0.20448166370391846, 0.7955183362960816]
[0.0, 0.824693551659584, 0.17530644834041598]
[0.0, 0.92383310765028, 0.07616689234971996]
[0.0, 0.8869344353675842, 0.1130655646324158]
[0.0, 0.9195642329752445, 0.08043576702475552]
[0.0, 0.8982339212298394, 0.10176607877016064]
[0.0, 0.9155992424488067, 0.08440075755119325]
[0.0, 0.8670292805880309, 0.13297071941196914]
[0.0, 0.8995609927177429, 0.10043900728225708]
[0.0, 0.9304406210780144, 0.0695593789219856]
[0.0, 0.7080204826593399, 0.2919795173406601]
[0.0, 0.8039405405521393, 0.19605945944786074]
[0.0, 0.8770802506804466, 0.1229197493195534]
[0.0, 0.8768459069728851, 0.12315409302711489]
[0.0, 0.8894224768877029, 0.11057752311229707]
[0.0, 0.8850105831027031, 0.11498941689729691]
[0.0, 0.8922017401456833, 0.10779825985431668]
[0.0, 0.925814394056797, 0.074185605943203]
[0.0, 0.9046000719070435, 0.0953999280929565]
[0.0, 0.8764679655432701, 0.12353203445672989]
[0.0, 0.9056077519059181, 0.09439224809408187]
[0.0, 0.9296346911787987, 0.07036530882120129]
[0.0, 0.840274864435196, 0.15972513556480405]
[0.0, 0.9042715346813202, 0.09572846531867985]
[0.0, 0.9390822240710258, 0.06091777592897418]
[0.0, 0.9299731889367103, 0.07002681106328967]
[0.0, 0.893214308321476, 0.10678569167852403]
[0.0, 0.8908485862612724, 0.10915141373872761]
[0.0, 0.9001164039969445, 0.09988359600305552]
[0.0, 0.9452031910419464, 0.05479680895805361]
[0.0, 0.878630222082138, 0.12136977791786197]
[0.0, 0.8981942620873451, 0.1018057379126549]
[0.0, 0.8663284283876419, 0.1336715716123581]
[0.0, 0.8610037025809288, 0.13899629741907116]
[0.0, 0.7705646482110023, 0.22943535178899765]
[0.0, 0.8182203456759453, 0.18177965432405474]
[0.0, 0.8367157372832298, 0.1632842627167702]
[0.0, 0.8508298998046666, 0.1491701001953334]
[0.0, 0.8181241369992495, 0.18187586300075054]
[0.0, 0.8226418510079384, 0.1773581489920616]
[0.0, 0.865149112045765, 0.13485088795423505]
[0.0, 0.8302406424283981, 0.16975935757160188]
[0.0, 0.8227983340620995, 0.17720166593790054]
[0.0, 0.801819527298212, 0.19818047270178796]
[0.0, 0.7974815640226006, 0.20251843597739938]
[0.0, 0.8554211220145226, 0.14457887798547742]
[0.0, 0.8717975604534149, 0.12820243954658506]
[0.0, 0.8460521419346333, 0.1539478580653667]
[0.0, 0.8602540329098701, 0.13974596709012987]
[0.0, 0.832112954556942, 0.167887045443058]
[0.0, 0.8246303401887417, 0.1753696598112583]
[0.0, 0.8224481642246246, 0.17755183577537537]
[0.0, 0.8320039562880993, 0.1679960437119007]
[0.0, 0.8122609025239944, 0.1877390974760056]
[0.0, 0.6910598355531693, 0.3089401644468307]
[0.0, 0.8554786548018456, 0.1445213451981544]
[0.0, 0.8248094248771668, 0.1751905751228332]
[0.0, 0.7773766593635082, 0.2226233406364918]
[0.0, 0.8036110541224479, 0.19638894587755207]
[0.0, 0.7492823862284422, 0.25071761377155777]
[0.0, 0.750266043394804, 0.24973395660519604]
[0.0, 0.8404136896133423, 0.15958631038665771]
[0.0, 0.7974072134494782, 0.20259278655052182]
[0.0, 0.8183807772397995, 0.18161922276020048]
[0.0, 0.8333321309089661, 0.16666786909103393]
[0.0, 0.8236759556829929, 0.1763240443170071]
[0.0, 0.8598950964212417, 0.14010490357875827]
[0.0, 0.8481605454534292, 0.15183945454657077]
[0.0, 0.8844991344213485, 0.11550086557865147]
[0.0, 0.8774935671687126, 0.12250643283128737]
[0.0, 0.8127709439396859, 0.18722905606031415]
[0.0, 0.8926577720046044, 0.10734222799539561]
[0.0, 0.8700988319516182, 0.1299011680483818]
[0.0, 0.9151763039827346, 0.08482369601726536]
[0.0, 0.9005600899457932, 0.09943991005420683]
[0.0, 0.8996549123525619, 0.1003450876474381]
[0.0, 0.8784561654925347, 0.12154383450746531]
[0.0, 0.9174785220623016, 0.08252147793769837]
[0.0, 0.8702839747071266, 0.1297160252928734]
[0.0, 0.8355041491985321, 0.1644958508014679]
[0.0, 0.9042513191699981, 0.09574868083000188]
[0.0, 0.902935341745615, 0.09706465825438504]
[0.0, 0.8392291317880154, 0.1607708682119846]
[0.0, 0.9147865185141564, 0.08521348148584362]
[0.0, 0.8859309726953506, 0.1140690273046494]
[0.0, 0.8989809399843216, 0.1010190600156784]
[0.0, 0.8551354023814202, 0.14486459761857984]
[0.0, 0.8949273636937142, 0.10507263630628583]
[0.0, 0.8502772181108594, 0.14972278188914057]
[0.0, 0.8715019875764847, 0.12849801242351533]
[0.0, 0.9465540441870689, 0.0534459558129311]
[0.0, 0.9581087800860405, 0.0418912199139595]
[0.0, 0.947954041659832, 0.05204595834016801]
[0.0, 0.8213521938025952, 0.17864780619740483]
[1.0, 0.2474496477842331, 0.7525503522157669]
[1.0, 0.12255684107542038, 0.8774431589245796]
[1.0, 0.22842083163559437, 0.7715791683644057]
[1.0, 0.3387690877914429, 0.6612309122085571]
[1.0, 0.4655474388599396, 0.5344525611400603]
[1.0, 0.311950124502182, 0.6880498754978179]
[0.0, 0.792174535766244, 0.20782546423375603]
[0.0, 0.877399777173996, 0.12260022282600402]
[0.0, 0.8638107240200043, 0.13618927597999575]
[0.0, 0.8768091449141502, 0.12319085508584982]
[0.0, 0.8763032412528992, 0.12369675874710084]
[0.0, 0.8773138192296028, 0.12268618077039717]
[0.0, 0.8780614539980889, 0.12193854600191112]
[0.0, 0.8132521334290504, 0.18674786657094955]
[0.0, 0.9201111164689064, 0.07988888353109358]
[0.0, 0.889331861436367, 0.110668138563633]
[0.0, 0.8924815806746483, 0.10751841932535167]
[0.0, 0.873190610408783, 0.12680938959121701]
[0.0, 0.8504104229807854, 0.1495895770192146]
[0.0, 0.8261565798521042, 0.17384342014789578]
[0.0, 0.8690841966867446, 0.13091580331325536]
[0.0, 0.8663204780220986, 0.13367952197790145]
[0.0, 0.7501178622245789, 0.24988213777542112]
[0.0, 0.8334858810901642, 0.1665141189098358]
[0.0, 0.772794990837574, 0.22720500916242603]
[0.0, 0.8343014943599701, 0.16569850564002986]
[0.0, 0.8200073723495006, 0.1799926276504994]
[0.0, 0.8162343177199364, 0.18376568228006362]
[0.0, 0.8518056806921959, 0.14819431930780413]
[0.0, 0.7456975093483925, 0.2543024906516075]
[0.0, 0.9243530443310738, 0.07564695566892621]
[0.0, 0.867706909775734, 0.13229309022426605]
[0.0, 0.9053058066964149, 0.09469419330358508]
[0.0, 0.9179105895757675, 0.08208941042423246]
[0.0, 0.873973118364811, 0.12602688163518905]
[1.0, 0.382514363899827, 0.617485636100173]
[1.0, 0.17907379098236562, 0.8209262090176344]
[1.0, 0.3843176594376564, 0.6156823405623436]
[1.0, 0.3291131286323071, 0.670886871367693]
[1.0, 0.4242527095973492, 0.5757472904026508]
[1.0, 0.3356821568310261, 0.6643178431689739]
[1.0, 0.3553244985640049, 0.6446755014359951]
[1.0, 0.3291093970835209, 0.6708906029164792]
[0.0, 0.8127171209454537, 0.18728287905454633]
[0.0, 0.852236014008522, 0.147763985991478]
[0.0, 0.902012445628643, 0.09798755437135698]
[0.0, 0.8104844361543655, 0.1895155638456345]
[0.0, 0.9008852091431617, 0.09911479085683828]
[0.0, 0.8231182208657265, 0.1768817791342735]
[0.0, 0.843147903084755, 0.15685209691524504]
[0.0, 0.8499378710985184, 0.15006212890148163]
[0.0, 0.8268601995706558, 0.17313980042934418]
[0.0, 0.9049954605102539, 0.09500453948974608]
[0.0, 0.7960079029202461, 0.20399209707975385]
[0.0, 0.8085431930422783, 0.19145680695772171]
[0.0, 0.8355462295562028, 0.16445377044379716]
[0.0, 0.9030489285290241, 0.09695107147097592]
[0.0, 0.8277820399403573, 0.17221796005964274]
[0.0, 0.8851935742795467, 0.1148064257204533]
[0.0, 0.88756138920784, 0.11243861079216]
[0.0, 0.8417208743840456, 0.15827912561595436]
[0.0, 0.8566308027505875, 0.14336919724941255]
[0.0, 0.8552740889787674, 0.14472591102123256]
[0.0, 0.8922017049789429, 0.10779829502105709]
[0.0, 0.7451606658846139, 0.25483933411538606]
[0.0, 0.8712087363004685, 0.12879126369953153]
[0.0, 0.8795997893810272, 0.12040021061897277]
[0.0, 0.840240761935711, 0.15975923806428904]
[0.0, 0.8689596182107926, 0.1310403817892074]
[0.0, 0.7555356187745929, 0.24446438122540715]
[0.0, 0.8022352251410484, 0.1977647748589516]
[0.0, 0.8442754685878754, 0.1557245314121246]
[0.0, 0.7819486430287361, 0.21805135697126388]
[0.0, 0.6324291060119868, 0.36757089398801324]
[0.0, 0.7604277507960796, 0.2395722492039204]
[0.0, 0.8947105374932289, 0.10528946250677107]
[0.0, 0.7349473989009857, 0.2650526010990143]
[0.0, 0.8625163036584854, 0.13748369634151458]
[0.0, 0.7608985229581594, 0.2391014770418406]
[0.0, 0.8996510216593743, 0.10034897834062573]
[0.0, 0.8237659281492233, 0.17623407185077666]
[0.0, 0.871978436410427, 0.12802156358957295]
[0.0, 0.8759214036166668, 0.12407859638333318]
[0.0, 0.7477154541015625, 0.2522845458984375]
[0.0, 0.875100928619504, 0.12489907138049605]
[0.0, 0.8224341335892678, 0.17756586641073224]
[0.0, 0.7804368714243174, 0.2195631285756826]
[0.0, 0.7317272306978703, 0.26827276930212973]
[0.0, 0.8674693024158477, 0.13253069758415226]
[0.0, 0.7752569071948529, 0.22474309280514715]
[0.0, 0.7527818624675274, 0.24721813753247257]
[0.0, 0.8426967681944371, 0.15730323180556294]
[0.0, 0.7792834630608558, 0.22071653693914417]
[0.0, 0.8118338161893189, 0.18816618381068106]
[0.0, 0.8754393249750138, 0.12456067502498624]
[0.0, 0.8482902596890927, 0.15170974031090734]
[0.0, 0.7367035093158484, 0.2632964906841516]
[0.0, 0.7067526037618518, 0.2932473962381482]
[0.0, 0.8076363334059715, 0.19236366659402848]
[0.0, 0.7361536461859941, 0.2638463538140059]
[0.0, 0.7119669095054268, 0.28803309049457315]
[0.0, 0.8717089647054672, 0.12829103529453278]
[0.0, 0.8690553393959999, 0.13094466060400012]
[0.0, 0.8347539414465427, 0.1652460585534573]
[0.0, 0.9089689835906029, 0.09103101640939715]
[0.0, 0.7770554393529892, 0.22294456064701085]
[0.0, 0.7991711248457432, 0.20082887515425685]
[0.0, 0.7300770016759635, 0.26992299832403654]
[0.0, 0.7513532146811486, 0.24864678531885143]
[0.0, 0.8266269555687904, 0.1733730444312096]
[0.0, 0.8165061847865581, 0.18349381521344188]
[0.0, 0.7504296563565731, 0.2495703436434269]
[0.0, 0.7109744668006897, 0.28902553319931035]
[0.0, 0.8711433237791062, 0.1288566762208938]
[0.0, 0.7327780088037252, 0.26722199119627477]
[0.0, 0.8829283387213945, 0.11707166127860547]
[0.0, 0.8348080897331238, 0.16519191026687619]
[0.0, 0.794159551858902, 0.20584044814109803]
[0.0, 0.8576298448443412, 0.14237015515565876]
[0.0, 0.7651044636964798, 0.23489553630352022]
[0.0, 0.7050722093880176, 0.2949277906119824]
[0.0, 0.8587557773292065, 0.1412442226707935]
[0.0, 0.8318506347388029, 0.16814936526119706]
[0.0, 0.7975352938473225, 0.20246470615267753]
[0.0, 0.8378455853462219, 0.1621544146537781]
[0.0, 0.8171839168667794, 0.18281608313322062]
[0.0, 0.8858868515491486, 0.11411314845085141]
[0.0, 0.8933667546510696, 0.10663324534893037]
[0.0, 0.8727632668614388, 0.1272367331385612]
[0.0, 0.8397169922292232, 0.16028300777077675]
[0.0, 0.7111605659127236, 0.2888394340872764]
[0.0, 0.7760507920384407, 0.22394920796155926]
[0.0, 0.7475118159502745, 0.2524881840497255]
[0.0, 0.7345358631759882, 0.2654641368240118]
[0.0, 0.6081980345398188, 0.3918019654601812]
[0.0, 0.9007748278975487, 0.0992251721024513]
[0.0, 0.6898105937242508, 0.3101894062757492]
[0.0, 0.851693551838398, 0.148306448161602]
[0.0, 0.7987427882105113, 0.20125721178948874]
[0.0, 0.7371222295984626, 0.26287777040153737]
[0.0, 0.8745951443910599, 0.1254048556089401]
[0.0, 0.8338325193524361, 0.16616748064756393]
[0.0, 0.8763400474190712, 0.12365995258092877]
[0.0, 0.7960795103013516, 0.2039204896986484]
[0.0, 0.9087713816761971, 0.09122861832380291]
[0.0, 0.8784627390652895, 0.12153726093471051]
[0.0, 0.9210216397047043, 0.0789783602952957]
[0.0, 0.9127122858166694, 0.08728771418333059]
[0.0, 0.9047604423761367, 0.09523955762386327]
[0.0, 0.9233618457615376, 0.07663815423846243]
[0.0, 0.9320791012048721, 0.06792089879512786]
[0.0, 0.9183234848082066, 0.08167651519179342]
[0.0, 0.92726666867733, 0.07273333132267001]
[0.0, 0.8799783086776733, 0.12002169132232665]
[0.0, 0.9258180439472199, 0.07418195605278011]
[0.0, 0.86330436617136, 0.13669563382864003]
[0.0, 0.9121889978647232, 0.08781100213527682]
[0.0, 0.9332395899295807, 0.06676041007041933]
[0.0, 0.8985658977925778, 0.10143410220742222]
[0.0, 0.9223290225863456, 0.07767097741365436]
[0.0, 0.9135168915987015, 0.08648310840129847]
[0.0, 0.8928223240375519, 0.1071776759624481]
[0.0, 0.945233588218689, 0.05476641178131103]
[0.0, 0.9463234889507294, 0.053676511049270625]
[0.0, 0.9432303732633591, 0.05676962673664088]
[0.0, 0.9191947457194328, 0.08080525428056717]
[0.0, 0.8768623381853103, 0.12313766181468966]
[0.0, 0.9343714773654938, 0.06562852263450625]
[0.0, 0.9022627347707748, 0.09773726522922521]
[0.0, 0.9261707097291947, 0.07382929027080531]
[0.0, 0.9118940037488937, 0.08810599625110627]
[0.0, 0.9285716170072555, 0.07142838299274445]
[0.0, 0.9053599169850349, 0.09464008301496507]
[0.0, 0.9345571678876877, 0.06544283211231228]
[0.0, 0.9050207328796387, 0.09497926712036131]
[0.0, 0.9502057826519013, 0.049794217348098746]
[0.0, 0.9466015189886093, 0.053398481011390664]
[0.0, 0.9145080813765526, 0.0854919186234474]
[0.0, 0.885639728307724, 0.11436027169227603]
[0.0, 0.9381179285049438, 0.0618820714950562]
[0.0, 0.9575989389419556, 0.04240106105804442]
[0.0, 0.7626236531138421, 0.23737634688615794]
[0.0, 0.8800129222869874, 0.11998707771301265]
[0.0, 0.9326750063896179, 0.06732499361038213]
[0.0, 0.8778342640399933, 0.12216573596000668]
[0.0, 0.9200586521625519, 0.0799413478374481]
[0.0, 0.882581592798233, 0.117418407201767]
[0.0, 0.9332413440942764, 0.06675865590572361]
[0.0, 0.9376075750589371, 0.062392424941062896]
[0.0, 0.9165204948186875, 0.08347950518131253]
[0.0, 0.9436459016799926, 0.05635409832000737]
[0.0, 0.8383408269286156, 0.16165917307138444]
[0.0, 0.9277961388230324, 0.07220386117696764]
[0.0, 0.7642555741220712, 0.23574442587792876]
[0.0, 0.9126883536577225, 0.0873116463422775]
[0.0, 0.9043304139375686, 0.09566958606243137]
[0.0, 0.8675975748896598, 0.13240242511034017]
[0.0, 0.9074616724252701, 0.0925383275747299]
[0.0, 0.8770094358921051, 0.12299056410789488]
[0.0, 0.9088142085075378, 0.0911857914924622]
[0.0, 0.9147831845283508, 0.08521681547164917]
[0.0, 0.870529152750969, 0.12947084724903102]
[0.0, 0.9010558527708054, 0.09894414722919465]
[0.0, 0.951493867635727, 0.048506132364273036]
[0.0, 0.9508573669195175, 0.0491426330804825]
[0.0, 0.9079069930315018, 0.0920930069684982]
[0.0, 0.9115772932767868, 0.08842270672321317]
[0.0, 0.8509404203295707, 0.14905957967042927]
[0.0, 0.8238093608990311, 0.17619063910096888]
[0.0, 0.864724822640419, 0.13527517735958094]
[0.0, 0.8570370084047317, 0.14296299159526826]
[0.0, 0.8366225253045559, 0.16337747469544406]
[0.0, 0.7499010907113552, 0.25009890928864476]
[1.0, 0.32276446871459485, 0.6772355312854051]
[1.0, 0.2408112643659115, 0.7591887356340885]
[1.0, 0.28978080295026304, 0.7102191970497369]
[1.0, 0.23218494169414045, 0.7678150583058596]
[1.0, 0.23185478180646896, 0.7681452181935311]
[1.0, 0.12448219727724791, 0.8755178027227521]
[1.0, 0.13565277513116597, 0.864347224868834]
[1.0, 0.18962469957768918, 0.8103753004223109]
[1.0, 0.2543006856739521, 0.745699314326048]
[1.0, 0.36448973409831525, 0.6355102659016847]
[0.0, 0.8714045551419258, 0.12859544485807417]
[0.0, 0.881961499452591, 0.11803850054740905]
[0.0, 0.9039389465004206, 0.09606105349957939]
[0.0, 0.8880932402610778, 0.11190675973892217]
[0.0, 0.7592157512903214, 0.24078424870967863]
[0.0, 0.7571641357988119, 0.24283586420118808]
[0.0, 0.8415354389697314, 0.15846456103026862]
[0.0, 0.7721731552481651, 0.2278268447518349]
[0.0, 0.7268187836930156, 0.27318121630698444]
[0.0, 0.8251522776484489, 0.1748477223515511]
[0.0, 0.7778236713260412, 0.22217632867395876]
[0.0, 0.6554908008128405, 0.3445091991871595]
[0.0, 0.8005827306956053, 0.19941726930439474]
[0.0, 0.8718810176849365, 0.12811898231506347]
[0.0, 0.842659495472908, 0.15734050452709203]
[0.0, 0.905831609070301, 0.09416839092969898]
[0.0, 0.8432015179097653, 0.15679848209023473]
[0.0, 0.8982742950320244, 0.10172570496797562]
[0.0, 0.8394384235143661, 0.16056157648563385]
[0.0, 0.888936216533184, 0.111063783466816]
[0.0, 0.9037617532908917, 0.0962382467091083]
[0.0, 0.8348413476347923, 0.16515865236520766]
[0.0, 0.8004303415119648, 0.1995696584880352]
[0.0, 0.8463968168199062, 0.1536031831800938]
[0.0, 0.8580324879288673, 0.14196751207113267]
[0.0, 0.750335306338966, 0.24966469366103405]
[0.0, 0.8896970030665398, 0.11030299693346024]
[0.0, 0.9074680906534195, 0.09253190934658051]
[0.0, 0.937637591958046, 0.06236240804195403]
[0.0, 0.9447439992427826, 0.05525600075721737]
[0.0, 0.8917307835817337, 0.10826921641826626]
[0.0, 0.9168943250179291, 0.08310567498207089]
[0.0, 0.8972152894735337, 0.10278471052646632]
[0.0, 0.930371630191803, 0.06962836980819698]
[0.0, 0.9105098143219947, 0.08949018567800526]
[0.0, 0.9306633585691452, 0.06933664143085483]
[0.0, 0.9415158236026764, 0.05848417639732362]
[0.0, 0.9316851252317429, 0.06831487476825715]
[0.0, 0.9476120454072953, 0.05238795459270473]
[0.0, 0.9450675088167191, 0.05493249118328092]
[0.0, 0.944228686094284, 0.05577131390571599]
[0.0, 0.9120773023366928, 0.08792269766330718]
[0.0, 0.9252724322676659, 0.07472756773233413]
[0.0, 0.9388682615756988, 0.061131738424301196]
[0.0, 0.9209563934803009, 0.0790436065196991]
[0.0, 0.9310330885648728, 0.06896691143512723]
[0.0, 0.9209552150964737, 0.07904478490352629]
[0.0, 0.9186122316122055, 0.08138776838779449]
[0.0, 0.9251999869942665, 0.07480001300573347]
[0.0, 0.9264043557643891, 0.07359564423561094]
[0.0, 0.9158348563313484, 0.08416514366865158]
[0.0, 0.9265648019313812, 0.07343519806861876]
[0.0, 0.9434596872329712, 0.056540312767028755]
[0.0, 0.9275881296396256, 0.07241187036037444]
[0.0, 0.8804250001907349, 0.11957499980926511]
[0.0, 0.952340047955513, 0.04765995204448703]
[0.0, 0.8969118875265122, 0.10308811247348781]
[0.0, 0.9089090189337731, 0.09109098106622693]
[0.0, 0.8458373793959617, 0.1541626206040383]
[0.0, 0.853977946639061, 0.14602205336093899]
[0.0, 0.8472864359617234, 0.15271356403827663]
[0.0, 0.8745412892103195, 0.12545871078968052]
[0.0, 0.8673318246006966, 0.13266817539930342]
[0.0, 0.8573375442624092, 0.14266245573759084]
[0.0, 0.9155825847387313, 0.08441741526126867]
[0.0, 0.8738411991298198, 0.12615880087018017]
[0.0, 0.8570811593532562, 0.14291884064674376]
[0.0, 0.9008846491575241, 0.09911535084247591]
[0.0, 0.8115547721087932, 0.18844522789120677]
[0.0, 0.8982960751652718, 0.10170392483472823]
[0.0, 0.9057788050174713, 0.09422119498252868]
[0.0, 0.8782082998752594, 0.12179170012474061]
[0.0, 0.8441237255185843, 0.15587627448141572]
[0.0, 0.7787655402719974, 0.2212344597280026]
[0.0, 0.8259639769792557, 0.17403602302074428]
[0.0, 0.804581346437335, 0.19541865356266497]
[0.0, 0.8281049413979054, 0.17189505860209464]
[0.0, 0.8542824926972389, 0.14571750730276112]
[0.0, 0.7315481442213059, 0.2684518557786941]
[0.0, 0.8147948059439659, 0.18520519405603408]
[0.0, 0.7750788588821887, 0.22492114111781125]
[0.0, 0.8117807371914387, 0.18821926280856127]
[0.0, 0.8253918564319611, 0.1746081435680389]
[0.0, 0.8437974131852388, 0.15620258681476118]
[0.0, 0.832857470214367, 0.16714252978563304]
[0.0, 0.8619043618440628, 0.13809563815593717]
[0.0, 0.7868799372017383, 0.21312006279826168]
[0.0, 0.675004738420248, 0.324995261579752]
[0.0, 0.8683804172277451, 0.13161958277225494]
[0.0, 0.8696976506710052, 0.13030234932899476]
[0.0, 0.9318509832024574, 0.0681490167975426]
[0.0, 0.9407885816693305, 0.05921141833066945]
[0.0, 0.9477637946605683, 0.05223620533943174]
[0.0, 0.8427973556518554, 0.15720264434814457]
[0.0, 0.8747726753354073, 0.12522732466459274]
[0.0, 0.7785747348889709, 0.2214252651110291]
[1.0, 0.20911029033362866, 0.7908897096663714]
[1.0, 0.22447752356529235, 0.7755224764347076]
[1.0, 0.2113021348044276, 0.7886978651955724]
