[0.0, 0.6867518010549247, 0.3132481989450753]
[0.0, 0.6239528607577085, 0.3760471392422915]
[0.0, 0.6239528607577085, 0.3760471392422915]
[0.0, 0.6239528607577085, 0.3760471392422915]
java.lang.ArrayIndexOutOfBoundsException
java.lang.ArrayIndexOutOfBoundsException
java.lang.ArrayIndexOutOfBoundsException
java.lang.ArrayIndexOutOfBoundsException
java.lang.ArrayIndexOutOfBoundsException
java.lang.ArrayIndexOutOfBoundsException
java.lang.ArrayIndexOutOfBoundsException
java.lang.ArrayIndexOutOfBoundsException
java.lang.ArrayIndexOutOfBoundsException
java.lang.ArrayIndexOutOfBoundsException
java.lang.ArrayIndexOutOfBoundsException
java.lang.ArrayIndexOutOfBoundsException
java.lang.ArrayIndexOutOfBoundsException
java.lang.ArrayIndexOutOfBoundsException
[0.0, 0.852904022037983, 0.147095977962017]
[0.0, 0.852904022037983, 0.147095977962017]
[0.0, 0.852904022037983, 0.147095977962017]
[0.0, 0.852904022037983, 0.147095977962017]
[0.0, 0.852904022037983, 0.147095977962017]
[0.0, 0.852904022037983, 0.147095977962017]
[0.0, 0.852904022037983, 0.147095977962017]
[0.0, 0.852904022037983, 0.147095977962017]
[0.0, 0.852904022037983, 0.147095977962017]
[0.0, 0.852904022037983, 0.147095977962017]
[0.0, 0.852904022037983, 0.147095977962017]
[0.0, 0.852904022037983, 0.147095977962017]
[0.0, 0.852904022037983, 0.147095977962017]
[0.0, 0.852904022037983, 0.147095977962017]
[0.0, 0.852904022037983, 0.147095977962017]
[0.0, 0.852904022037983, 0.147095977962017]
[0.0, 0.852904022037983, 0.147095977962017]
[0.0, 0.852904022037983, 0.147095977962017]
[0.0, 0.852904022037983, 0.147095977962017]
[0.0, 0.852904022037983, 0.147095977962017]
java.lang.ArrayIndexOutOfBoundsException
