[0.0, 0.9989484752441684, 0.0, 0.0010515247558315355]
[0.0, 0.9989484752441684, 0.0, 0.0010515247558315355]
[0.0, 0.9989484752441684, 0.0, 0.0010515247558315355]
[0.0, 0.9989484752441684, 0.0, 0.0010515247558315355]
[0.0, 0.9989484752441684, 0.0, 0.0010515247558315355]
[0.0, 0.9989484752441684, 0.0, 0.0010515247558315355]
[0.0, 0.9989484752441684, 0.0, 0.0010515247558315355]
[0.0, 0.9989484752441684, 0.0, 0.0010515247558315355]
[0.0, 0.9514271406702455, 0.04757135703351227, 0.0010015022962422968]
[0.0, 0.9989484752441684, 0.0, 0.0010515247558315355]
[0.0, 0.9989484752441684, 0.0, 0.0010515247558315355]
[0.0, 0.9989484752441684, 0.0, 0.0010515247558315355]
[0.0, 0.9989484752441684, 0.0, 0.0010515247558315355]
[0.0, 0.9989484752441684, 0.0, 0.0010515247558315355]
[0.0, 0.9989484752441684, 0.0, 0.0010515247558315355]
[0.0, 0.9989484752441684, 0.0, 0.0010515247558315355]
[0.0, 0.9989484752441684, 0.0, 0.0010515247558315355]
[0.0, 0.9989484752441684, 0.0, 0.0010515247558315355]
[0.0, 0.9989484752441684, 0.0, 0.0010515247558315355]
[0.0, 0.9989484752441684, 0.0, 0.0010515247558315355]
[0.0, 0.9989484752441684, 0.0, 0.0010515247558315355]
[0.0, 0.9989484752441684, 0.0, 0.0010515247558315355]
[0.0, 0.9989484752441684, 0.0, 0.0010515247558315355]
[0.0, 0.9989484752441684, 0.0, 0.0010515247558315355]
[0.0, 0.9989484752441684, 0.0, 0.0010515247558315355]
[0.0, 0.9989484752441684, 0.0, 0.0010515247558315355]
[0.0, 0.9989484752441684, 0.0, 0.0010515247558315355]
[0.0, 0.9989484752441684, 0.0, 0.0010515247558315355]
[0.0, 0.9989484752441684, 0.0, 0.0010515247558315355]
[0.0, 0.9989484752441684, 0.0, 0.0010515247558315355]
[0.0, 0.9989484752441684, 0.0, 0.0010515247558315355]
[0.0, 0.9989484752441684, 0.0, 0.0010515247558315355]
[0.0, 0.9989484752441684, 0.0, 0.0010515247558315355]
[0.0, 0.9989484752441684, 0.0, 0.0010515247558315355]
[0.0, 0.9989484752441684, 0.0, 0.0010515247558315355]
[0.0, 0.9989484752441684, 0.0, 0.0010515247558315355]
[0.0, 0.9989484752441684, 0.0, 0.0010515247558315355]
[0.0, 0.9989484752441684, 0.0, 0.0010515247558315355]
[0.0, 0.9989484752441684, 0.0, 0.0010515247558315355]
[0.0, 0.9989484752441684, 0.0, 0.0010515247558315355]
[0.0, 0.9989484752441684, 0.0, 0.0010515247558315355]
[0.0, 0.94900105148196, 0.049947423762208426, 0.0010515247558315355]
[0.0, 0.9989484752441684, 0.0, 0.0010515247558315355]
[0.0, 0.9989484752441684, 0.0, 0.0010515247558315355]
[0.0, 0.9989484752441684, 0.0, 0.0010515247558315355]
[0.0, 0.9989484752441684, 0.0, 0.0010515247558315355]
[0.0, 0.9989484752441684, 0.0, 0.0010515247558315355]
[0.0, 0.9989484752441684, 0.0, 0.0010515247558315355]
[0.0, 0.9989484752441684, 0.0, 0.0010515247558315355]
[0.0, 0.9989484752441684, 0.0, 0.0010515247558315355]
[1.0, 0.0, 0.9989484752441684, 0.0010515247558315355]
[1.0, 0.0, 0.9989484752441684, 0.0010515247558315355]
[1.0, 0.0, 0.95, 0.05]
[1.0, 0.0, 0.9989484752441684, 0.0010515247558315355]
[1.0, 0.0, 0.9988931930904335, 0.0011068069095665986]
[1.0, 0.0, 0.9989484752441684, 0.0010515247558315355]
[1.0, 0.0, 0.94900105148196, 0.05099894851803996]
[1.0, 0.0, 0.9988317756509454, 0.001168224349054662]
[1.0, 0.0, 0.9989484752441684, 0.0010515247558315355]
[1.0, 0.08687700045384372, 0.8687700045384372, 0.04435299500771899]
[1.0, 0.0, 0.94900105148196, 0.05099894851803996]
[1.0, 0.0, 0.9989484752441684, 0.0010515247558315355]
[1.0, 0.0, 0.9038557836367331, 0.09614421636326684]
[1.0, 0.0, 0.9989484752441684, 0.0010515247558315355]
[1.0, 0.0, 0.9989484752441684, 0.0010515247558315355]
[1.0, 0.0, 0.9989484752441684, 0.0010515247558315355]
[1.0, 0.0, 0.9989484752441684, 0.0010515247558315355]
[1.0, 0.0, 0.9989484752441684, 0.0010515247558315355]
[1.0, 0.0, 0.8990536277197516, 0.10094637228024839]
[1.0, 0.0, 0.9989484752441684, 0.0010515247558315355]
[1.0, 0.0, 0.7298690990893277, 0.2701309009106723]
[1.0, 0.0, 0.9989484752441684, 0.0010515247558315355]
[1.0, 0.0, 0.7727272727272727, 0.22727272727272727]
[1.0, 0.0, 0.9989484752441684, 0.0010515247558315355]
[1.0, 0.0, 0.9988931930904335, 0.0011068069095665986]
[1.0, 0.0, 0.9989484752441684, 0.0010515247558315355]
[1.0, 0.0, 0.9047619047619048, 0.09523809523809523]
[1.0, 0.0, 0.7368421052631579, 0.2631578947368421]
[1.0, 0.0, 0.9988931930904335, 0.0011068069095665986]
[1.0, 0.0, 0.9989484752441684, 0.0010515247558315355]
[1.0, 0.0, 0.9989484752441684, 0.0010515247558315355]
[1.0, 0.0, 0.9989484752441684, 0.0010515247558315355]
[1.0, 0.0, 0.9989484752441684, 0.0010515247558315355]
[1.0, 0.0, 0.8333333333333334, 0.16666666666666666]
[1.0, 0.04541108986429689, 0.9082217972859379, 0.04636711284976523]
[1.0, 0.0, 0.9988931930904335, 0.0011068069095665986]
[1.0, 0.0, 0.9989484752441684, 0.0010515247558315355]
[1.0, 0.0, 0.9988931930904335, 0.0011068069095665986]
[1.0, 0.0, 0.9989484752441684, 0.0010515247558315355]
[1.0, 0.0, 0.9989484752441684, 0.0010515247558315355]
[1.0, 0.0, 0.9989484752441684, 0.0010515247558315355]
[1.0, 0.0, 0.9989484752441684, 0.0010515247558315355]
[1.0, 0.0, 0.9989484752441684, 0.0010515247558315355]
[1.0, 0.0, 0.9989484752441684, 0.0010515247558315355]
[1.0, 0.0, 0.9989484752441684, 0.0010515247558315355]
[1.0, 0.0, 0.9989484752441684, 0.0010515247558315355]
[1.0, 0.0, 0.9989484752441684, 0.0010515247558315355]
[1.0, 0.0, 0.9989484752441684, 0.0010515247558315355]
[1.0, 0.0, 0.9514271406702455, 0.04857285932975457]
[1.0, 0.0, 0.9989484752441684, 0.0010515247558315355]
[2.0, 0.0, 0.0, 1.0]
[2.0, 0.0, 0.0, 1.0]
[2.0, 0.0, 0.0, 1.0]
[2.0, 0.0, 0.0, 1.0]
[2.0, 0.0, 0.0, 1.0]
[2.0, 0.0, 0.0, 1.0]
[2.0, 0.0, 0.1997896950488337, 0.8002103049511663]
[2.0, 0.0, 0.0, 1.0]
[2.0, 0.0, 0.0, 1.0]
[2.0, 0.0, 0.0, 1.0]
[2.0, 0.0, 0.047767393526307475, 0.9522326064736926]
[2.0, 0.0, 0.0, 1.0]
[2.0, 0.0, 0.0, 1.0]
[2.0, 0.0, 0.047767393526307475, 0.9522326064736926]
[2.0, 0.0, 0.0, 1.0]
[2.0, 0.0, 0.0, 1.0]
[2.0, 0.0, 0.0, 1.0]
[2.0, 0.0, 0.0, 1.0]
[2.0, 0.0, 0.0, 1.0]
[2.0, 0.0, 0.14285714285714285, 0.8571428571428571]
[2.0, 0.0, 0.0, 1.0]
[2.0, 0.0, 0.09553478705261495, 0.904465212947385]
[2.0, 0.0, 0.0, 1.0]
[2.0, 0.0, 0.0, 1.0]
[2.0, 0.0, 0.0, 1.0]
[2.0, 0.0, 0.0, 1.0]
[2.0, 0.0, 0.06919894739659899, 0.9308010526034011]
[2.0, 0.0, 0.0, 1.0]
[2.0, 0.0, 0.0, 1.0]
[2.0, 0.0, 0.16666666666666666, 0.8333333333333334]
[2.0, 0.0, 0.0, 1.0]
[2.0, 0.0, 0.0, 1.0]
[2.0, 0.0, 0.0, 1.0]
[2.0, 0.0, 0.2777777777777778, 0.7222222222222222]
[2.0, 0.0, 0.05555555555555555, 0.9444444444444444]
[2.0, 0.0, 0.0, 1.0]
[2.0, 0.0, 0.0, 1.0]
[2.0, 0.0, 0.0, 1.0]
[2.0, 0.0, 0.18246727518017805, 0.817532724819822]
[2.0, 0.0, 0.0, 1.0]
[2.0, 0.0, 0.0, 1.0]
[2.0, 0.0, 0.047767393526307475, 0.9522326064736926]
[2.0, 0.0, 0.0, 1.0]
[2.0, 0.0, 0.0, 1.0]
[2.0, 0.0, 0.0, 1.0]
[2.0, 0.0, 0.0, 1.0]
[2.0, 0.0, 0.05016357684200678, 0.9498364231579932]
[2.0, 0.0, 0.0, 1.0]
[2.0, 0.0, 0.0, 1.0]
[2.0, 0.0, 0.09117938546559308, 0.9088206145344069]
