[0.0, 0.8798486034572125, 0.1201513965427875]
[0.0, 0.8775949540734291, 0.12240504592657087]
[0.0, 0.9146587052941322, 0.08534129470586782]
[0.0, 0.8393090265989304, 0.16069097340106964]
[0.0, 0.8740068759024143, 0.12599312409758567]
[0.0, 0.8548715859651566, 0.14512841403484344]
[0.0, 0.8113967384397983, 0.18860326156020168]
[0.0, 0.8746524874866008, 0.12534751251339915]
[0.0, 0.7829176273941993, 0.21708237260580066]
[0.0, 0.6353175933659077, 0.36468240663409235]
[0.0, 0.8439424875564874, 0.15605751244351262]
[0.0, 0.7084632631391287, 0.29153673686087134]
[0.0, 0.7750660825520754, 0.22493391744792457]
[0.0, 0.6906788152456284, 0.30932118475437165]
[0.0, 0.8131854768097401, 0.18681452319025993]
[0.0, 0.8168160542845726, 0.1831839457154274]
[0.0, 0.8245845717191697, 0.17541542828083034]
[0.0, 0.8117049185931683, 0.1882950814068317]
[0.0, 0.7553689194098115, 0.24463108059018845]
[0.0, 0.8217050495743752, 0.17829495042562482]
[0.0, 0.8380040241777897, 0.16199597582221026]
[0.0, 0.9517480275034904, 0.04825197249650959]
[0.0, 0.95157211124897, 0.04842788875102999]
[0.0, 0.9619905602931976, 0.03800943970680237]
[0.0, 0.9670959204435349, 0.03290407955646513]
[0.0, 0.8772836527228356, 0.1227163472771644]
[1.0, 0.28263355378061533, 0.7173664462193847]
[1.0, 0.061815496124327185, 0.9381845038756729]
[1.0, 0.053876773826777934, 0.9461232261732221]
[1.0, 0.03765020739287138, 0.9623497926071286]
[1.0, 0.025619494542479516, 0.9743805054575205]
[1.0, 0.029164066724479198, 0.9708359332755208]
[1.0, 0.030182703211903573, 0.9698172967880965]
[1.0, 0.06680253144353628, 0.9331974685564637]
[1.0, 0.04016638893634081, 0.9598336110636592]
[1.0, 0.0862220000103116, 0.9137779999896884]
[1.0, 0.03205861486494541, 0.9679413851350546]
[1.0, 0.11309786438941956, 0.8869021356105804]
[1.0, 0.06256757389754057, 0.9374324261024595]
[1.0, 0.07423424061387777, 0.9257657593861223]
[1.0, 0.06667049501091242, 0.9333295049890876]
[1.0, 0.11081117037683726, 0.8891888296231627]
[1.0, 0.09179827023297549, 0.9082017297670245]
[1.0, 0.08517411302775145, 0.9148258869722485]
[1.0, 0.07604738626629114, 0.9239526137337088]
[1.0, 0.05567816060036421, 0.9443218393996358]
[1.0, 0.05625595767050982, 0.9437440423294902]
[1.0, 0.07462599728256464, 0.9253740027174353]
[1.0, 0.09247107744216919, 0.9075289225578308]
[1.0, 0.07679550915956497, 0.923204490840435]
[1.0, 0.08622682109475135, 0.9137731789052487]
[1.0, 0.0818740276619792, 0.9181259723380208]
[1.0, 0.05921833358705044, 0.9407816664129496]
[1.0, 0.10205091580748558, 0.8979490841925144]
[1.0, 0.09006514001637697, 0.909934859983623]
[1.0, 0.09859064415097236, 0.9014093558490276]
[1.0, 0.1212109312787652, 0.8787890687212347]
[1.0, 0.071540954336524, 0.928459045663476]
[1.0, 0.11138671033084392, 0.8886132896691561]
[1.0, 0.0975522294640541, 0.9024477705359459]
[1.0, 0.08099801126867533, 0.9190019887313247]
[1.0, 0.0884304297529161, 0.9115695702470838]
[1.0, 0.11608843427151441, 0.8839115657284856]
[1.0, 0.08297388667240739, 0.9170261133275927]
[1.0, 0.10753937013447284, 0.8924606298655271]
[1.0, 0.15341439053416253, 0.8465856094658375]
[1.0, 0.13889452025294305, 0.861105479747057]
[1.0, 0.19824536165222525, 0.8017546383477747]
[1.0, 0.2616349855065346, 0.7383650144934655]
[1.0, 0.13112641224637628, 0.8688735877536238]
[1.0, 0.16184271812438966, 0.8381572818756103]
[1.0, 0.16501820215955376, 0.8349817978404462]
[1.0, 0.10669200887903571, 0.8933079911209643]
[1.0, 0.11734535625204444, 0.8826546437479555]
[1.0, 0.1555755509994924, 0.8444244490005076]
[1.0, 0.0988131496310234, 0.9011868503689766]
[1.0, 0.1061006736755371, 0.8938993263244629]
[1.0, 0.20050007244572043, 0.7994999275542796]
[1.0, 0.24402762688696383, 0.7559723731130361]
[1.0, 0.1867303191125393, 0.8132696808874607]
[1.0, 0.1196790224313736, 0.8803209775686264]
[1.0, 0.07834407076239586, 0.9216559292376041]
[1.0, 0.10998990958556533, 0.8900100904144347]
[1.0, 0.2039476412907243, 0.7960523587092757]
[1.0, 0.3044986963272095, 0.6955013036727905]
[1.0, 0.07113207399845123, 0.9288679260015488]
[1.0, 0.04514399766921997, 0.95485600233078]
[1.0, 0.05055230014026165, 0.9494476998597383]
[1.0, 0.08599401220679283, 0.9140059877932072]
[1.0, 0.08242271840572357, 0.9175772815942764]
[1.0, 0.06675243973731995, 0.9332475602626801]
[1.0, 0.09051552534103394, 0.9094844746589661]
[1.0, 0.07069637566804886, 0.9293036243319511]
[1.0, 0.08955541506409645, 0.9104445849359035]
[1.0, 0.0397512137889862, 0.9602487862110138]
[1.0, 0.06675875395536422, 0.9332412460446358]
[1.0, 0.09425414681434631, 0.9057458531856537]
[1.0, 0.08726462945342064, 0.9127353705465794]
[1.0, 0.0664831043034792, 0.9335168956965207]
[1.0, 0.08314634025096894, 0.9168536597490311]
[1.0, 0.08575558856129646, 0.9142444114387035]
[1.0, 0.11929323136806488, 0.8807067686319351]
[1.0, 0.09420359931886196, 0.9057964006811381]
[1.0, 0.09400675356388093, 0.9059932464361191]
[1.0, 0.08141851179301739, 0.9185814882069826]
[1.0, 0.060410026982426646, 0.9395899730175734]
[1.0, 0.06923434549942613, 0.9307656545005739]
[1.0, 0.09867074400186539, 0.9013292559981346]
[1.0, 0.11516159415245056, 0.8848384058475495]
[1.0, 0.08587204836308956, 0.9141279516369104]
[1.0, 0.07632047533988953, 0.9236795246601105]
[1.0, 0.15726061180233955, 0.8427393881976605]
[1.0, 0.06080879166722298, 0.939191208332777]
[1.0, 0.0831026728451252, 0.9168973271548748]
[1.0, 0.09431217268109321, 0.9056878273189068]
[1.0, 0.13063891410827635, 0.8693610858917237]
[1.0, 0.09034995660185814, 0.9096500433981418]
[1.0, 0.15562139168381692, 0.844378608316183]
[1.0, 0.15912543192505837, 0.8408745680749417]
[1.0, 0.08151028264313936, 0.9184897173568607]
[1.0, 0.12940765619277955, 0.8705923438072205]
[1.0, 0.2785792702436447, 0.7214207297563553]
[1.0, 0.3194263434410095, 0.6805736565589905]
[1.0, 0.23685240596532822, 0.7631475940346718]
[0.0, 0.8757926368713379, 0.1242073631286621]
[0.0, 0.9000934875011444, 0.09990651249885563]
[0.0, 0.8903327159583568, 0.10966728404164316]
[0.0, 0.8867181488871574, 0.11328185111284261]
[0.0, 0.8848274576663971, 0.11517254233360286]
[0.0, 0.8906559705734253, 0.10934402942657473]
[0.0, 0.9071854747831821, 0.09281452521681788]
[0.0, 0.9244005551934242, 0.07559944480657577]
[0.0, 0.9351484429836273, 0.06485155701637269]
[0.0, 0.9447438794374466, 0.05525612056255336]
[0.0, 0.932291619181633, 0.06770838081836705]
[0.0, 0.9462820309400558, 0.05371796905994419]
[0.0, 0.8672524714469909, 0.1327475285530091]
[0.0, 0.9460005855560303, 0.05399941444396972]
[0.0, 0.9232112634181976, 0.07678873658180241]
[0.0, 0.9338704121112823, 0.0661295878887177]
[0.0, 0.910527351796627, 0.08947264820337297]
[0.0, 0.8641298770904541, 0.13587012290954592]
[0.0, 0.9166150340437889, 0.08338496595621114]
[0.0, 0.9082294237613678, 0.09177057623863216]
[0.0, 0.9322265657782555, 0.06777343422174453]
[0.0, 0.8673062574863434, 0.13269374251365662]
[0.0, 0.8732398027181625, 0.12676019728183752]
[0.0, 0.8608450919389725, 0.13915490806102748]
[0.0, 0.8268859304487706, 0.17311406955122943]
[0.0, 0.7616896998882293, 0.23831030011177068]
[0.0, 0.9077010825276375, 0.09229891747236252]
[0.0, 0.8857579068094492, 0.11424209319055079]
[0.0, 0.8621272203326226, 0.13787277966737743]
[0.0, 0.8780650541186332, 0.12193494588136677]
[0.0, 0.8699229344725609, 0.13007706552743914]
[0.0, 0.9169037586450577, 0.08309624135494231]
[0.0, 0.8796754470467567, 0.12032455295324329]
[0.0, 0.8919590076804161, 0.10804099231958386]
[0.0, 0.9112841796875, 0.08871582031250003]
[0.0, 0.9005989319086075, 0.09940106809139249]
[0.0, 0.9193034970760345, 0.08069650292396546]
[0.0, 0.9079764395952225, 0.09202356040477755]
[0.0, 0.8947236856818199, 0.10527631431818008]
[0.0, 0.8760215246677399, 0.12397847533226014]
[0.0, 0.8843912594020367, 0.11560874059796333]
[0.0, 0.8946936319023371, 0.10530636809766292]
[0.0, 0.8988299286365509, 0.10117007136344913]
[0.0, 0.8984233675897122, 0.1015766324102878]
[0.0, 0.8860098385810852, 0.11399016141891483]
[0.0, 0.9064228446781635, 0.09357715532183652]
[0.0, 0.8826329768449068, 0.11736702315509318]
[0.0, 0.9253686344623566, 0.07463136553764338]
[0.0, 0.92807269603014, 0.07192730396986002]
[0.0, 0.9086502718925477, 0.09134972810745234]
[0.0, 0.9481534802913666, 0.05184651970863341]
[0.0, 0.9318933498859405, 0.06810665011405947]
[0.0, 0.9170796230435372, 0.08292037695646282]
[0.0, 0.9108830085396766, 0.08911699146032337]
[0.0, 0.8979977270960808, 0.10200227290391917]
[0.0, 0.9063912320137024, 0.09360876798629758]
[0.0, 0.8558857192099094, 0.1441142807900906]
[0.0, 0.8619087685644626, 0.13809123143553736]
[0.0, 0.7322568061202764, 0.26774319387972356]
[0.0, 0.6867407166585326, 0.31325928334146735]
[0.0, 0.8992190578579903, 0.10078094214200972]
[0.0, 0.9517474910616874, 0.048252508938312566]
[0.0, 0.9171636366844177, 0.0828363633155823]
[0.0, 0.958423169851303, 0.04157683014869695]
[0.0, 0.9568959206342698, 0.04310407936573024]
[0.0, 0.9168070416152477, 0.08319295838475227]
[1.0, 0.14583239804953338, 0.8541676019504666]
[1.0, 0.04985006373375654, 0.9501499362662434]
[1.0, 0.03461431074887514, 0.9653856892511249]
[1.0, 0.06492140397429466, 0.9350785960257053]
[1.0, 0.06012488752603531, 0.9398751124739647]
[1.0, 0.04899718821048737, 0.9510028117895126]
[1.0, 0.03813036367297173, 0.9618696363270283]
[1.0, 0.033575152941048146, 0.9664248470589518]
[1.0, 0.08530501671135425, 0.9146949832886457]
[1.0, 0.09528420843183995, 0.9047157915681601]
[1.0, 0.11058367740362883, 0.8894163225963712]
[1.0, 0.0996144411712885, 0.9003855588287115]
[1.0, 0.19358309991657735, 0.8064169000834227]
[1.0, 0.17899071687832474, 0.8210092831216753]
[1.0, 0.19632206708192826, 0.8036779329180718]
[1.0, 0.17009494140744208, 0.8299050585925579]
[1.0, 0.21503186404705046, 0.7849681359529496]
[1.0, 0.20317934971302748, 0.7968206502869726]
[1.0, 0.2197050594724715, 0.7802949405275286]
[1.0, 0.20907336132600904, 0.7909266386739909]
[1.0, 0.2842071476019919, 0.7157928523980082]
[1.0, 0.2793049629218876, 0.7206950370781124]
[1.0, 0.2441456401348114, 0.7558543598651886]
[1.0, 0.37142287243157623, 0.6285771275684238]
[1.0, 0.36372885789722204, 0.636271142102778]
[1.0, 0.29544969607144594, 0.7045503039285541]
[1.0, 0.2371019314043224, 0.7628980685956777]
[1.0, 0.3723711208626628, 0.6276288791373372]
[1.0, 0.4026810208149254, 0.5973189791850746]
[1.0, 0.25107894495129585, 0.7489210550487042]
[1.0, 0.19004464283585548, 0.8099553571641445]
[1.0, 0.30440390631556513, 0.6955960936844349]
[1.0, 0.302991976775229, 0.6970080232247711]
[1.0, 0.1555094525963068, 0.8444905474036932]
[1.0, 0.2423305470123887, 0.7576694529876113]
[1.0, 0.26066149920225146, 0.7393385007977485]
[1.0, 0.08607886500656604, 0.913921134993434]
[1.0, 0.09035672832280398, 0.909643271677196]
[1.0, 0.12334865462034941, 0.8766513453796506]
[1.0, 0.16595417477190494, 0.8340458252280951]
[1.0, 0.18135980367660523, 0.8186401963233948]
[1.0, 0.22199256405234336, 0.7780074359476566]
[1.0, 0.1406891282647848, 0.8593108717352151]
[1.0, 0.3811272735148668, 0.6188727264851333]
[0.0, 0.9050225061178208, 0.09497749388217924]
[0.0, 0.8871561220288277, 0.11284387797117235]
[0.0, 0.9130750933289528, 0.08692490667104724]
[0.0, 0.8958644652366639, 0.10413553476333615]
[0.0, 0.8343280098587275, 0.16567199014127254]
[0.0, 0.8059536187909544, 0.1940463812090456]
[0.0, 0.8346758544445038, 0.16532414555549624]
[0.0, 0.9004286324977875, 0.09957136750221252]
[0.0, 0.881616972386837, 0.118383027613163]
[0.0, 0.856613487303257, 0.14338651269674296]
[0.0, 0.8197370027005673, 0.18026299729943274]
[0.0, 0.8053323715925217, 0.1946676284074783]
[0.0, 0.7929211417585611, 0.2070788582414389]
[0.0, 0.8286720630526543, 0.17132793694734572]
[0.0, 0.8868392650783062, 0.11316073492169376]
[0.0, 0.7975191044807434, 0.20248089551925663]
[0.0, 0.8155129918456078, 0.18448700815439223]
[0.0, 0.8220373402163387, 0.17796265978366133]
[0.0, 0.8355791086703539, 0.1644208913296461]
[0.0, 0.8560447810590267, 0.1439552189409733]
[0.0, 0.7254480192810298, 0.27455198071897025]
[0.0, 0.8480949905514718, 0.15190500944852825]
[0.0, 0.8462636587768793, 0.15373634122312074]
[0.0, 0.8935389534384012, 0.10646104656159883]
[0.0, 0.8802569013834, 0.11974309861660004]
[0.0, 0.8992607098817825, 0.10073929011821747]
[0.0, 0.8642211499810218, 0.13577885001897816]
[0.0, 0.7841994075104595, 0.21580059248954053]
[0.0, 0.8625679552555084, 0.13743204474449155]
[0.0, 0.8888312548398971, 0.11116874516010289]
[0.0, 0.8679314178228378, 0.13206858217716222]
[0.0, 0.7954043912515044, 0.20459560874849558]
[0.0, 0.722771710306406, 0.27722828969359403]
[0.0, 0.8745255374908447, 0.12547446250915528]
[0.0, 0.6873794356361032, 0.31262056436389685]
[0.0, 0.8168574790656566, 0.18314252093434336]
[0.0, 0.6916539227217435, 0.30834607727825647]
[0.0, 0.8278232648968696, 0.17217673510313036]
[0.0, 0.8118443995714187, 0.18815560042858126]
[0.0, 0.6976846749521792, 0.30231532504782077]
[0.0, 0.7736425246298313, 0.2263574753701687]
[0.0, 0.8221039232611657, 0.17789607673883434]
[0.0, 0.7790885232388973, 0.22091147676110268]
[0.0, 0.8492263548076153, 0.15077364519238468]
[0.0, 0.8460745069384575, 0.15392549306154246]
[0.0, 0.8398641546070575, 0.16013584539294246]
[0.0, 0.7636535041034221, 0.23634649589657786]
[0.0, 0.840752804428339, 0.159247195571661]
[0.0, 0.7866096297651529, 0.21339037023484708]
[0.0, 0.8346809415891766, 0.1653190584108234]
[0.0, 0.7954716105014086, 0.20452838949859142]
[0.0, 0.8651538190245628, 0.1348461809754372]
[0.0, 0.8315653141215443, 0.16843468587845567]
[0.0, 0.76004294462502, 0.23995705537498002]
[0.0, 0.7360071270540357, 0.2639928729459643]
[0.0, 0.7528592756390572, 0.2471407243609428]
[0.0, 0.8193180713057518, 0.18068192869424815]
[0.0, 0.6962867476791144, 0.30371325232088564]
[0.0, 0.824417518377304, 0.17558248162269596]
[0.0, 0.7495483628287911, 0.2504516371712089]
[0.0, 0.7804804444685578, 0.2195195555314422]
[0.0, 0.8722323390841484, 0.12776766091585157]
[0.0, 0.7953041920810938, 0.20469580791890618]
[0.0, 0.8627937239408493, 0.1372062760591507]
[0.0, 0.8739620569348335, 0.12603794306516647]
[0.0, 0.8328633460402489, 0.16713665395975108]
[0.0, 0.9013984015583992, 0.09860159844160077]
[0.0, 0.931461916565895, 0.06853808343410495]
[0.0, 0.8699995845556259, 0.13000041544437413]
[0.0, 0.9077522715926171, 0.09224772840738293]
[0.0, 0.8530863034725189, 0.1469136965274811]
[0.0, 0.9071988290548325, 0.09280117094516749]
[0.0, 0.9198208838701248, 0.08017911612987516]
[0.0, 0.8935425010323524, 0.10645749896764756]
[0.0, 0.9491256061196327, 0.0508743938803673]
[0.0, 0.8476850663125515, 0.15231493368744853]
[1.0, 0.234891796708107, 0.765108203291893]
[1.0, 0.058253741189837456, 0.9417462588101625]
[1.0, 0.0516773434728384, 0.9483226565271616]
[1.0, 0.08068292625248433, 0.9193170737475157]
[1.0, 0.06661654599010944, 0.9333834540098905]
[1.0, 0.08057225864380597, 0.919427741356194]
[1.0, 0.07888630893081426, 0.9211136910691857]
[1.0, 0.09219823285937309, 0.9078017671406269]
[1.0, 0.07954578299075366, 0.9204542170092463]
[1.0, 0.10314733937382697, 0.8968526606261731]
[1.0, 0.09158978119492531, 0.9084102188050747]
[1.0, 0.1029520495980978, 0.8970479504019022]
[1.0, 0.1430665523931384, 0.8569334476068616]
[1.0, 0.07131706845015287, 0.9286829315498472]
[1.0, 0.08845088463276625, 0.9115491153672337]
[1.0, 0.13543087746948004, 0.86456912253052]
[1.0, 0.10338795512914657, 0.8966120448708534]
[1.0, 0.10788519170135259, 0.8921148082986474]
[1.0, 0.11021375637501478, 0.8897862436249853]
[1.0, 0.17400915890932084, 0.8259908410906791]
[1.0, 0.1540478627383709, 0.8459521372616291]
[1.0, 0.1484590284526348, 0.8515409715473652]
[1.0, 0.11978324666619301, 0.880216753333807]
[1.0, 0.11290273353457451, 0.8870972664654255]
[1.0, 0.16239705111831426, 0.8376029488816857]
[1.0, 0.13046482786536218, 0.8695351721346378]
[1.0, 0.21194782216101885, 0.7880521778389812]
[1.0, 0.3050966516509652, 0.6949033483490348]
[1.0, 0.28095155134797095, 0.719048448652029]
[1.0, 0.18594750009477137, 0.8140524999052287]
[1.0, 0.1547536599636078, 0.8452463400363922]
[1.0, 0.15529158661141992, 0.84470841338858]
[1.0, 0.1882380620390177, 0.8117619379609823]
[1.0, 0.14592895332723857, 0.8540710466727615]
[1.0, 0.09593590481206775, 0.9040640951879323]
[1.0, 0.15880175162106752, 0.8411982483789324]
[1.0, 0.1370197124965489, 0.8629802875034511]
[1.0, 0.09487819945439696, 0.905121800545603]
[1.0, 0.1422723937034607, 0.8577276062965393]
[1.0, 0.18690629966557026, 0.8130937003344297]
[1.0, 0.1718215811252594, 0.8281784188747406]
[1.0, 0.1279661226645112, 0.8720338773354888]
[1.0, 0.08354857802391052, 0.9164514219760895]
[1.0, 0.11093557670712471, 0.8890644232928753]
[1.0, 0.1080224446952343, 0.8919775553047657]
[1.0, 0.17713911771774293, 0.8228608822822571]
[1.0, 0.14104815818369387, 0.8589518418163061]
[1.0, 0.11640597846359015, 0.8835940215364099]
[1.0, 0.14375933434814214, 0.8562406656518579]
[1.0, 0.1784910348802805, 0.8215089651197195]
[1.0, 0.25145169990137217, 0.7485483000986278]
[1.0, 0.12435586215928197, 0.875644137840718]
[1.0, 0.14592238226905466, 0.8540776177309454]
[1.0, 0.20216469950973986, 0.7978353004902601]
[1.0, 0.12302875071763993, 0.87697124928236]
[1.0, 0.22176677513867615, 0.7782332248613238]
[1.0, 0.19415110014379025, 0.8058488998562098]
[1.0, 0.14310171592980622, 0.8568982840701937]
[1.0, 0.09177234865725041, 0.9082276513427496]
[1.0, 0.3380912968143821, 0.6619087031856179]
[1.0, 0.2009813356399536, 0.7990186643600464]
[1.0, 0.28651586823165415, 0.7134841317683458]
[1.0, 0.16284128785133362, 0.8371587121486663]
[1.0, 0.12004169404506683, 0.8799583059549332]
[1.0, 0.24476516485214234, 0.7552348351478577]
[1.0, 0.23056694597005845, 0.7694330540299416]
[0.0, 0.8624001696705819, 0.13759983032941814]
[0.0, 0.9375475341081619, 0.06245246589183806]
[0.0, 0.9058170932531356, 0.09418290674686436]
[0.0, 0.7927564284205437, 0.20724357157945628]
[0.0, 0.8956745588779449, 0.10432544112205511]
[0.0, 0.9230394208431244, 0.0769605791568756]
[0.0, 0.9152458843588829, 0.08475411564111712]
[0.0, 0.9151431143283844, 0.08485688567161564]
[0.0, 0.91977230489254, 0.08022769510745997]
[0.0, 0.9121286720782519, 0.08787132792174812]
[0.0, 0.9274594753980636, 0.07254052460193638]
[0.0, 0.926858304142952, 0.073141695857048]
[0.0, 0.8606221941113472, 0.13937780588865278]
[0.0, 0.9078340673446655, 0.09216593265533446]
[0.0, 0.8998243874311447, 0.10017561256885532]
[0.0, 0.9138366842269897, 0.08616331577301028]
[0.0, 0.8706063969433308, 0.12939360305666925]
[0.0, 0.8938052813708782, 0.10619471862912178]
[0.0, 0.879358728826046, 0.12064127117395396]
[0.0, 0.8523509353399277, 0.14764906466007233]
[0.0, 0.8775420159101486, 0.12245798408985142]
[0.0, 0.8389752262830734, 0.16102477371692658]
[0.0, 0.8665019813179969, 0.13349801868200306]
[0.0, 0.8940359482169151, 0.10596405178308488]
[0.0, 0.6811039689928293, 0.3188960310071707]
[0.0, 0.808869132399559, 0.19113086760044096]
[0.0, 0.7600270153582096, 0.2399729846417904]
[0.0, 0.7192341968789697, 0.2807658031210303]
[0.0, 0.855091131106019, 0.14490886889398102]
[0.0, 0.8032854764163494, 0.1967145235836506]
[0.0, 0.8763955375552177, 0.12360446244478229]
[0.0, 0.7497282373905182, 0.2502717626094818]
[0.0, 0.9177084204554558, 0.08229157954454425]
[0.0, 0.9186702761054039, 0.08132972389459614]
[0.0, 0.9251718771457672, 0.07482812285423279]
[0.0, 0.8688544750213623, 0.13114552497863774]
[0.0, 0.7432893626391888, 0.25671063736081123]
[0.0, 0.8080841017886996, 0.1919158982113004]
[1.0, 0.27962389480322597, 0.7203761051967741]
[1.0, 0.3443797971308231, 0.6556202028691769]
[1.0, 0.26240337228402494, 0.7375966277159751]
[1.0, 0.4868607110902667, 0.5131392889097333]
[0.0, 0.736882937066257, 0.26311706293374304]
[0.0, 0.8139864420890808, 0.18601355791091922]
[0.0, 0.8571966037899256, 0.14280339621007443]
[0.0, 0.8845383983850479, 0.11546160161495211]
[0.0, 0.7623772656917572, 0.23762273430824277]
[0.0, 0.8625783155113459, 0.1374216844886541]
[0.0, 0.8439268679916858, 0.15607313200831419]
[0.0, 0.7921414295583964, 0.2078585704416036]
[0.0, 0.8816492217779159, 0.11835077822208406]
[0.0, 0.8484178024530411, 0.1515821975469589]
[0.0, 0.8624489963054657, 0.13755100369453432]
[0.0, 0.7495215341821313, 0.2504784658178687]
[0.0, 0.8862796035408974, 0.11372039645910259]
[0.0, 0.8987409940361977, 0.10125900596380233]
[0.0, 0.8455682563781738, 0.1544317436218262]
[0.0, 0.8387726676464081, 0.16122733235359188]
[0.0, 0.8989858460426331, 0.1010141539573669]
[0.0, 0.8814528134465217, 0.11854718655347829]
[0.0, 0.8994753301143646, 0.10052466988563535]
[0.0, 0.8193735159188509, 0.18062648408114912]
[0.0, 0.7267048588395119, 0.27329514116048814]
[0.0, 0.8572182756662369, 0.14278172433376313]
[0.0, 0.8319275339692831, 0.1680724660307169]
[0.0, 0.831092201769352, 0.16890779823064805]
[0.0, 0.7888173930346966, 0.21118260696530344]
[0.0, 0.8267607893049717, 0.17323921069502835]
[0.0, 0.8309410986490547, 0.16905890135094526]
[0.0, 0.8039472532272339, 0.19605274677276607]
[0.0, 0.8966827350109816, 0.10331726498901839]
[0.0, 0.9132785779237748, 0.08672142207622524]
[0.0, 0.9243908369541168, 0.07560916304588317]
[0.0, 0.8788232059776783, 0.12117679402232173]
[0.0, 0.8884277153015137, 0.11157228469848635]
[0.0, 0.8858337885141373, 0.1141662114858627]
[0.0, 0.8851995757222175, 0.11480042427778248]
[0.0, 0.8179555796086788, 0.18204442039132118]
[0.0, 0.9242919276654721, 0.07570807233452792]
[0.0, 0.9255483758449554, 0.07445162415504458]
[0.0, 0.9084140665829181, 0.09158593341708188]
[0.0, 0.7182857212424278, 0.28171427875757216]
[0.0, 0.7575414156913758, 0.24245858430862421]
[0.0, 0.8863515436649323, 0.1136484563350677]
[0.0, 0.9358471459150315, 0.06415285408496851]
[0.0, 0.9241993781924248, 0.07580062180757519]
[0.0, 0.9370942535996437, 0.06290574640035629]
[0.0, 0.9159377151727677, 0.08406228482723233]
[0.0, 0.8764249956607819, 0.12357500433921809]
[0.0, 0.9351625356078148, 0.06483746439218518]
[0.0, 0.921555305570364, 0.07844469442963597]
[0.0, 0.9501311379671097, 0.049868862032890315]
[0.0, 0.8666360281035304, 0.13336397189646965]
[0.0, 0.9297711014747619, 0.07022889852523806]
[0.0, 0.8410291391611099, 0.15897086083889012]
[0.0, 0.7684732997417449, 0.23152670025825506]
[0.0, 0.903196531534195, 0.09680346846580501]
[0.0, 0.9503714224696159, 0.04962857753038408]
[0.0, 0.9191070598363876, 0.08089294016361237]
[0.0, 0.9288832885026932, 0.0711167114973068]
[0.0, 0.9392353785037995, 0.060764621496200544]
[1.0, 0.21447682537138463, 0.7855231746286153]
[1.0, 0.1567910949885845, 0.8432089050114155]
[1.0, 0.07523859716951847, 0.9247614028304816]
[1.0, 0.1586542985588312, 0.8413457014411688]
[1.0, 0.06448462538421154, 0.9355153746157885]
[1.0, 0.04827977322041988, 0.9517202267795801]
[1.0, 0.09236477218568324, 0.9076352278143167]
[1.0, 0.10704427536576987, 0.8929557246342301]
[1.0, 0.0872866602987051, 0.9127133397012949]
[1.0, 0.05707280497997999, 0.94292719502002]
[1.0, 0.11583643581718206, 0.8841635641828179]
[1.0, 0.1122557895258069, 0.887744210474193]
[1.0, 0.10804573956876994, 0.89195426043123]
[1.0, 0.11763923022896051, 0.8823607697710395]
[1.0, 0.09870645809918642, 0.9012935419008136]
[1.0, 0.09912977393716574, 0.9008702260628343]
[1.0, 0.1095549133606255, 0.8904450866393745]
[1.0, 0.13410640424117445, 0.8658935957588255]
[1.0, 0.1377446081675589, 0.8622553918324412]
[1.0, 0.18946506451815368, 0.8105349354818463]
[1.0, 0.13548142563551666, 0.8645185743644833]
[1.0, 0.10470638521015645, 0.8952936147898436]
[1.0, 0.2146394445002079, 0.7853605554997921]
[1.0, 0.13495280798524617, 0.8650471920147538]
[1.0, 0.1959301009774208, 0.8040698990225792]
[1.0, 0.10518651019781827, 0.8948134898021818]
[1.0, 0.12312332101166248, 0.8768766789883375]
[1.0, 0.21384071171283722, 0.7861592882871627]
[1.0, 0.20643597463145852, 0.7935640253685414]
[1.0, 0.21224017396569253, 0.7877598260343075]
[1.0, 0.3741852878034115, 0.6258147121965885]
[1.0, 0.20106371715664864, 0.7989362828433514]
[1.0, 0.36494392398744824, 0.6350560760125518]
[1.0, 0.43437164843082426, 0.5656283515691758]
[1.0, 0.2885914471745491, 0.7114085528254509]
[1.0, 0.1386172515898943, 0.8613827484101058]
[1.0, 0.315135962292552, 0.684864037707448]
[1.0, 0.19624714598059653, 0.8037528540194034]
[1.0, 0.22296719081699848, 0.7770328091830015]
[1.0, 0.1879977008700371, 0.8120022991299629]
[1.0, 0.149509656727314, 0.850490343272686]
[1.0, 0.5281964672356844, 0.47180353276431564]
[1.0, 0.14595614848658442, 0.8540438515134156]
[1.0, 0.22872835598886013, 0.7712716440111399]
[1.0, 0.3635755694657564, 0.6364244305342436]
[1.0, 0.318329563960433, 0.681670436039567]
[1.0, 0.2326064983010292, 0.7673935016989708]
[1.0, 0.14354834811761974, 0.8564516518823803]
[1.0, 0.2200441601872444, 0.7799558398127556]
[1.0, 0.14297260366380216, 0.8570273963361978]
[1.0, 0.23761962600052355, 0.7623803739994764]
[1.0, 0.17169850766658784, 0.8283014923334122]
[1.0, 0.2357924784347415, 0.7642075215652585]
[1.0, 0.15429313629865646, 0.8457068637013435]
[1.0, 0.17625252708792685, 0.8237474729120732]
[1.0, 0.07810947190970183, 0.9218905280902981]
[1.0, 0.16382655430585147, 0.8361734456941485]
[1.0, 0.09599689902737736, 0.9040031009726226]
[1.0, 0.1171911276690662, 0.8828088723309337]
[1.0, 0.17622124031186104, 0.823778759688139]
[1.0, 0.25360162105411294, 0.746398378945887]
[1.0, 0.16647325176745653, 0.8335267482325435]
[1.0, 0.11825858369469643, 0.8817414163053036]
[1.0, 0.18631626218557357, 0.8136837378144264]
[1.0, 0.08221553217619658, 0.9177844678238034]
[1.0, 0.13014356918632985, 0.8698564308136701]
[1.0, 0.12321906823664903, 0.8767809317633509]
[1.0, 0.07590719372034073, 0.9240928062796593]
[1.0, 0.154607741124928, 0.845392258875072]
[1.0, 0.18615989953279496, 0.813840100467205]
[1.0, 0.0999735364317894, 0.9000264635682106]
[1.0, 0.14244590163230897, 0.857554098367691]
[1.0, 0.3361054549366236, 0.6638945450633764]
[1.0, 0.17115212470293045, 0.8288478752970696]
[1.0, 0.11856087520718575, 0.8814391247928143]
[1.0, 0.17448747355490923, 0.8255125264450908]
[1.0, 0.12060446977615356, 0.8793955302238464]
[1.0, 0.2821771147847176, 0.7178228852152824]
[1.0, 0.10588072001934051, 0.8941192799806594]
[1.0, 0.10202918782830238, 0.8979708121716976]
[1.0, 0.10839767247438431, 0.8916023275256157]
[1.0, 0.16936612993478775, 0.8306338700652123]
[1.0, 0.10024960167706012, 0.8997503983229399]
[1.0, 0.17671656996011734, 0.8232834300398827]
[1.0, 0.17937676027417182, 0.8206232397258282]
[1.0, 0.09550183057785035, 0.9044981694221497]
[1.0, 0.20132019218057395, 0.798679807819426]
[1.0, 0.4226277147233486, 0.5773722852766514]
[1.0, 0.12367445148527623, 0.8763255485147238]
[1.0, 0.26696622900664807, 0.7330337709933519]
[1.0, 0.25894453540444373, 0.7410554645955563]
[1.0, 0.1498983935266733, 0.8501016064733267]
[1.0, 0.1436463325470686, 0.8563536674529314]
[1.0, 0.08856191210448743, 0.9114380878955126]
[1.0, 0.12732114978134632, 0.8726788502186537]
[1.0, 0.18834254927933217, 0.8116574507206679]
[1.0, 0.1420590551197529, 0.8579409448802471]
[1.0, 0.20585649576038123, 0.7941435042396188]
[1.0, 0.12596607372164725, 0.8740339262783527]
[1.0, 0.20026478916406631, 0.7997352108359337]
[1.0, 0.11873598324134946, 0.8812640167586505]
[1.0, 0.09235524825751781, 0.9076447517424822]
[1.0, 0.10859288334846497, 0.891407116651535]
[1.0, 0.11002969276160002, 0.8899703072384]
[1.0, 0.12580382101237775, 0.8741961789876223]
[1.0, 0.11171569142490625, 0.8882843085750938]
[1.0, 0.19444165349006653, 0.8055583465099334]
[1.0, 0.13137003943324088, 0.8686299605667591]
[1.0, 0.23889701947569847, 0.7611029805243015]
[1.0, 0.21300638139247893, 0.786993618607521]
[1.0, 0.14300502758473158, 0.8569949724152685]
[1.0, 0.09566237375140191, 0.904337626248598]
[1.0, 0.21811174876987935, 0.7818882512301206]
[1.0, 0.22439532607793808, 0.7756046739220619]
[1.0, 0.18208205975592137, 0.8179179402440786]
[1.0, 0.2962251678109169, 0.7037748321890831]
[1.0, 0.48042062383145095, 0.519579376168549]
[1.0, 0.18903780698776246, 0.8109621930122375]
[1.0, 0.13483030553907155, 0.8651696944609284]
[1.0, 0.07609344907104969, 0.9239065509289504]
[1.0, 0.1693812267482281, 0.8306187732517719]
[1.0, 0.22983986407518386, 0.7701601359248161]
[1.0, 0.23188903853297232, 0.7681109614670276]
[1.0, 0.2130200183391571, 0.7869799816608429]
[1.0, 0.09944255471229553, 0.9005574452877044]
[1.0, 0.2259727950207889, 0.7740272049792111]
[1.0, 0.30694039061665535, 0.6930596093833447]
[1.0, 0.14818543672561646, 0.8518145632743835]
[1.0, 0.272000000923872, 0.727999999076128]
[1.0, 0.08888668820261955, 0.9111133117973804]
[1.0, 0.18223249688744544, 0.8177675031125545]
[1.0, 0.28959505759179593, 0.7104049424082041]
[1.0, 0.22008304296061396, 0.779916957039386]
[1.0, 0.30342641443014146, 0.6965735855698585]
[1.0, 0.20772151144221426, 0.7922784885577857]
[1.0, 0.16327078869566322, 0.8367292113043368]
[1.0, 0.1905665796995163, 0.8094334203004837]
[1.0, 0.09473099242895841, 0.9052690075710416]
[1.0, 0.06266710054129362, 0.9373328994587063]
[1.0, 0.07497579794377089, 0.9250242020562292]
[1.0, 0.09023914892226458, 0.9097608510777354]
[1.0, 0.11283796459436417, 0.8871620354056359]
[1.0, 0.1961996351182461, 0.8038003648817539]
[1.0, 0.2708082587271929, 0.7291917412728071]
[0.0, 0.7303186100721359, 0.26968138992786406]
[0.0, 0.9691934794187546, 0.030806520581245445]
[0.0, 0.9534737151861191, 0.04652628481388088]
[0.0, 0.9178393316268921, 0.08216066837310787]
[0.0, 0.9365259271860122, 0.06347407281398776]
[0.0, 0.9389943957328797, 0.06100560426712032]
[0.0, 0.9604938668012619, 0.03950613319873808]
[0.0, 0.8962183302640915, 0.10378166973590852]
[0.0, 0.904968189895153, 0.09503181010484696]
[0.0, 0.9397547966241837, 0.06024520337581629]
[0.0, 0.8112606252729893, 0.18873937472701074]
[0.0, 0.8974878960847854, 0.10251210391521459]
[0.0, 0.9024316334724426, 0.0975683665275574]
[0.0, 0.9083680912852288, 0.09163190871477123]
[0.0, 0.8817261320352554, 0.1182738679647446]
[0.0, 0.8956999678164721, 0.1043000321835279]
[0.0, 0.9366697543859481, 0.06333024561405187]
[0.0, 0.90548285394907, 0.09451714605092998]
[0.0, 0.9200234070420266, 0.07997659295797344]
[0.0, 0.8963867801427842, 0.10361321985721583]
[0.0, 0.9058622181415558, 0.09413778185844424]
[0.0, 0.8818830907344818, 0.11811690926551821]
[0.0, 0.8617041763663292, 0.13829582363367077]
[0.0, 0.7874713942408562, 0.21252860575914378]
[0.0, 0.8967951786518097, 0.10320482134819031]
[0.0, 0.8043783638253807, 0.19562163617461925]
[0.0, 0.8495611664652825, 0.15043883353471754]
[0.0, 0.7977821476757526, 0.20221785232424738]
[0.0, 0.8579418131709099, 0.1420581868290901]
[0.0, 0.8409262460470199, 0.15907375395298007]
[0.0, 0.8853799653053284, 0.11462003469467164]
[0.0, 0.8843266826868057, 0.1156733173131943]
[0.0, 0.8341837051510811, 0.1658162948489189]
[0.0, 0.8924664416909218, 0.10753355830907818]
[0.0, 0.7530553762614727, 0.24694462373852732]
[0.0, 0.8406797593832016, 0.1593202406167984]
[0.0, 0.7273516565561294, 0.27264834344387057]
[0.0, 0.7803781208395958, 0.2196218791604042]
[0.0, 0.8609504869580269, 0.1390495130419731]
[0.0, 0.7839143040031195, 0.21608569599688054]
[0.0, 0.7874951083958149, 0.21250489160418506]
[0.0, 0.7659688727557659, 0.23403112724423414]
[0.0, 0.7853614592552185, 0.2146385407447815]
[0.0, 0.803956049233675, 0.19604395076632497]
[0.0, 0.8097698087245226, 0.19023019127547736]
[0.0, 0.6751881137490272, 0.3248118862509728]
[0.0, 0.7737303393706679, 0.22626966062933207]
[0.0, 0.7423067920655012, 0.2576932079344988]
[0.0, 0.781492926478386, 0.21850707352161403]
[0.0, 0.8556403714418411, 0.14435962855815887]
[0.0, 0.8353216449916363, 0.1646783550083637]
[0.0, 0.8359120637178421, 0.1640879362821579]
[0.0, 0.76145702958107, 0.23854297041893002]
[0.0, 0.7296784579008818, 0.2703215420991182]
[0.0, 0.6694008211791516, 0.33059917882084844]
[0.0, 0.7478591664135457, 0.25214083358645434]
[0.0, 0.8157286685705185, 0.1842713314294815]
[0.0, 0.8434830253571272, 0.15651697464287284]
[0.0, 0.8674226355552673, 0.13257736444473267]
[0.0, 0.8704120197892189, 0.1295879802107811]
[0.0, 0.8133695191144943, 0.1866304808855057]
[0.0, 0.8528262254968285, 0.14717377450317148]
[0.0, 0.9081543546915054, 0.0918456453084946]
[0.0, 0.8205310040712357, 0.1794689959287643]
[0.0, 0.8712861007452011, 0.12871389925479892]
[0.0, 0.8816837161779404, 0.11831628382205961]
[0.0, 0.8397066208720207, 0.16029337912797925]
[0.0, 0.8855031099915505, 0.11449689000844954]
[0.0, 0.7833783212676644, 0.21662167873233562]
[0.0, 0.7356147138774395, 0.2643852861225605]
[0.0, 0.8604636870324611, 0.13953631296753888]
[0.0, 0.7646616071462631, 0.23533839285373692]
[0.0, 0.8127071204781532, 0.1872928795218468]
[0.0, 0.7694247580319643, 0.2305752419680357]
[0.0, 0.7834500742331147, 0.21654992576688525]
[0.0, 0.807823428735137, 0.19217657126486298]
[0.0, 0.7538443620502949, 0.24615563794970508]
[0.0, 0.8657926222682, 0.13420737773180003]
[0.0, 0.7955533929541707, 0.2044466070458293]
[0.0, 0.8653545095026494, 0.13464549049735064]
[0.0, 0.8510294100642204, 0.1489705899357796]
[0.0, 0.860982910990715, 0.139017089009285]
[0.0, 0.8274796754866839, 0.17252032451331611]
[0.0, 0.7795415945351124, 0.2204584054648876]
[0.0, 0.8736133526265621, 0.12638664737343785]
[0.0, 0.7360086424648762, 0.2639913575351238]
[0.0, 0.8804129809141159, 0.1195870190858841]
[0.0, 0.8852950251102447, 0.11470497488975528]
[0.0, 0.8556282791495323, 0.14437172085046768]
[0.0, 0.9052958542108536, 0.09470414578914643]
[0.0, 0.7671516397595406, 0.2328483602404594]
[0.0, 0.7597301621362567, 0.24026983786374334]
[0.0, 0.857574207186699, 0.14242579281330103]
[0.0, 0.8368116715550422, 0.1631883284449578]
[0.0, 0.826264919936657, 0.17373508006334304]
[0.0, 0.7509853690862656, 0.24901463091373444]
[0.0, 0.841147965490818, 0.15885203450918195]
[0.0, 0.8862018977105618, 0.11379810228943821]
[0.0, 0.8608065292239189, 0.13919347077608113]
[0.0, 0.8477582281827927, 0.15224177181720733]
[0.0, 0.8620703902840614, 0.1379296097159386]
[0.0, 0.8444909745454788, 0.15550902545452117]
[0.0, 0.7885940477997064, 0.21140595220029357]
[0.0, 0.8843732896447182, 0.11562671035528183]
[0.0, 0.8703159305453301, 0.12968406945466993]
[0.0, 0.7788690510392189, 0.22113094896078112]
[0.0, 0.8203474619984626, 0.17965253800153735]
[0.0, 0.7851190088689327, 0.2148809911310673]
[0.0, 0.8422643858194351, 0.15773561418056492]
[0.0, 0.8074302071332932, 0.19256979286670683]
[0.0, 0.8439061513543129, 0.1560938486456871]
[0.0, 0.9284371790289879, 0.07156282097101208]
[0.0, 0.932368214726448, 0.06763178527355196]
[0.0, 0.8850667801499367, 0.11493321985006333]
[0.0, 0.8001949410140514, 0.19980505898594858]
[0.0, 0.8080638894438743, 0.1919361105561257]
[0.0, 0.8605504614114762, 0.13944953858852382]
[0.0, 0.8400889763236046, 0.15991102367639543]
[0.0, 0.9037627160549164, 0.09623728394508357]
[0.0, 0.8572289234399796, 0.14277107656002042]
[0.0, 0.8140240293741227, 0.18597597062587734]
[0.0, 0.8650156730413436, 0.13498432695865636]
[0.0, 0.9220380893349648, 0.07796191066503522]
[0.0, 0.9478745204210282, 0.052125479578971845]
[0.0, 0.9408079789578915, 0.05919202104210852]
[0.0, 0.8944962772727013, 0.10550372272729869]
[0.0, 0.8425759564340115, 0.1574240435659885]
[0.0, 0.9110047683119774, 0.08899523168802259]
[1.0, 0.22995365664362907, 0.7700463433563709]
[1.0, 0.07703521721065044, 0.9229647827893496]
[1.0, 0.10513994045555591, 0.894860059544444]
[1.0, 0.06484301924705506, 0.935156980752945]
[1.0, 0.08388149943202734, 0.9161185005679726]
[1.0, 0.06420842673629522, 0.9357915732637048]
[1.0, 0.07426904421299696, 0.925730955787003]
[1.0, 0.06915056735277175, 0.9308494326472283]
[1.0, 0.0642789401859045, 0.9357210598140955]
[1.0, 0.13438816912472248, 0.8656118308752775]
[1.0, 0.08215584594756364, 0.9178441540524364]
[1.0, 0.12698323506861925, 0.8730167649313807]
[1.0, 0.07485385399311781, 0.9251461460068822]
[1.0, 0.04588547822088003, 0.9541145217791199]
[1.0, 0.08086059853434563, 0.9191394014656544]
[1.0, 0.1633280724287033, 0.8366719275712967]
[1.0, 0.06257180385291576, 0.9374281961470843]
[1.0, 0.04745195001363754, 0.9525480499863624]
[1.0, 0.04981142271310091, 0.9501885772868991]
[1.0, 0.19387835800647735, 0.8061216419935227]
[1.0, 0.16264854855835437, 0.8373514514416456]
[1.0, 0.17862016711384057, 0.8213798328861595]
[1.0, 0.08639348618686199, 0.913606513813138]
[1.0, 0.21167822942137718, 0.7883217705786228]
[1.0, 0.1457901978492737, 0.8542098021507263]
[1.0, 0.14083018876612186, 0.8591698112338781]
[1.0, 0.2761434789747, 0.7238565210253001]
[1.0, 0.16187070861458777, 0.8381292913854123]
[1.0, 0.14190661519765854, 0.8580933848023414]
[1.0, 0.10675369396805763, 0.8932463060319423]
[1.0, 0.10252234183251857, 0.8974776581674815]
[1.0, 0.11206010453402997, 0.8879398954659701]
[1.0, 0.2590060377120972, 0.7409939622879028]
[1.0, 0.374312833994627, 0.625687166005373]
[1.0, 0.15423741936683655, 0.8457625806331635]
[1.0, 0.13998668543994428, 0.8600133145600557]
[1.0, 0.17485520550981165, 0.8251447944901884]
[1.0, 0.1481991985440254, 0.8518008014559746]
[1.0, 0.3241281882673502, 0.6758718117326499]
[1.0, 0.2009763653948903, 0.7990236346051097]
[1.0, 0.1662218238040805, 0.8337781761959195]
[1.0, 0.3622457001544535, 0.6377542998455465]
[1.0, 0.32302745670080185, 0.6769725432991982]
[1.0, 0.23116016505286097, 0.768839834947139]
[1.0, 0.21886446014046668, 0.7811355398595333]
[1.0, 0.2221592951565981, 0.777840704843402]
[1.0, 0.2804478830099106, 0.7195521169900894]
[1.0, 0.13757129110395908, 0.862428708896041]
[1.0, 0.4067186012864113, 0.5932813987135888]
[1.0, 0.39374236177653077, 0.6062576382234692]
[1.0, 0.3082798166200519, 0.6917201833799481]
[1.0, 0.22919841762632132, 0.7708015823736787]
[1.0, 0.15191336914896966, 0.8480866308510303]
[1.0, 0.28514212992042304, 0.7148578700795769]
[1.0, 0.3087334556877613, 0.6912665443122388]
[1.0, 0.26686252528801563, 0.7331374747119843]
[1.0, 0.13171365797519685, 0.8682863420248031]
[1.0, 0.11641678865998983, 0.8835832113400102]
[1.0, 0.20538663379848004, 0.79461336620152]
[1.0, 0.21762328898534178, 0.7823767110146582]
[1.0, 0.13050628619268537, 0.8694937138073147]
[1.0, 0.09406251622363924, 0.9059374837763607]
[1.0, 0.2588439867272973, 0.7411560132727026]
[1.0, 0.3958193081989884, 0.6041806918010115]
[1.0, 0.40098101768642663, 0.5990189823135734]
[1.0, 0.2631592306867242, 0.7368407693132758]
[1.0, 0.2512928220629692, 0.7487071779370308]
[1.0, 0.3457687912881374, 0.6542312087118626]
[1.0, 0.2882336698845029, 0.7117663301154971]
[1.0, 0.18043597765266894, 0.8195640223473311]
[1.0, 0.1975139743462205, 0.8024860256537795]
[1.0, 0.3037635081261396, 0.6962364918738604]
[1.0, 0.248388891518116, 0.751611108481884]
[1.0, 0.3265897196345031, 0.6734102803654969]
[1.0, 0.18103079698979854, 0.8189692030102015]
[1.0, 0.28335397072136403, 0.716646029278636]
[1.0, 0.3455208166688681, 0.6544791833311319]
[1.0, 0.3318363773263991, 0.668163622673601]
[1.0, 0.24943706378340721, 0.7505629362165928]
[1.0, 0.14663893105462195, 0.8533610689453781]
[1.0, 0.21906530417501927, 0.7809346958249808]
[1.0, 0.2011964469589293, 0.7988035530410706]
[1.0, 0.14447829935699702, 0.8555217006430029]
[1.0, 0.10529342532157898, 0.8947065746784211]
[1.0, 0.07173369646072388, 0.9282663035392761]
[1.0, 0.08523353934288025, 0.9147664606571198]
[1.0, 0.1487525749206543, 0.8512474250793457]
[1.0, 0.13642242096364499, 0.863577579036355]
[1.0, 0.12052378527820111, 0.8794762147217989]
[1.0, 0.0850685478374362, 0.9149314521625638]
[1.0, 0.39235233489423993, 0.6076476651057601]
[1.0, 0.11034820806235075, 0.8896517919376492]
[1.0, 0.22707305341959, 0.7729269465804101]
[1.0, 0.2888584518432617, 0.7111415481567382]
[1.0, 0.18114641427993775, 0.8188535857200623]
[1.0, 0.21987845867872238, 0.7801215413212776]
[1.0, 0.21797383338212967, 0.7820261666178703]
[0.0, 0.9565591740608216, 0.04344082593917842]
[0.0, 0.9849986284971237, 0.015001371502876282]
[0.0, 0.9877550208568573, 0.012244979143142709]
[0.0, 0.9795641249418259, 0.020435875058174124]
[0.0, 0.9775782346725463, 0.022421765327453658]
[0.0, 0.9595400285720825, 0.04045997142791746]
[0.0, 0.9660330951213837, 0.03396690487861631]
[0.0, 0.9852140772342682, 0.014785922765731763]
[0.0, 0.9804769229888916, 0.019523077011108447]
[0.0, 0.9792860645055771, 0.020713935494422908]
[0.0, 0.9814401262998581, 0.018559873700141893]
[0.0, 0.9339275491237641, 0.06607245087623592]
[0.0, 0.9291611295938492, 0.07083887040615078]
[0.0, 0.8634793961048126, 0.1365206038951874]
[0.0, 0.8194149049371481, 0.18058509506285192]
[0.0, 0.8626635307073593, 0.13733646929264065]
[0.0, 0.8202742969989777, 0.1797257030010223]
[0.0, 0.8885874401032925, 0.11141255989670751]
[0.0, 0.9000185360014439, 0.09998146399855612]
[0.0, 0.8422826832532883, 0.15771731674671174]
[0.0, 0.8595813177525997, 0.14041868224740028]
[0.0, 0.88728750705719, 0.11271249294281005]
[0.0, 0.8644764748215675, 0.13552352517843247]
[0.0, 0.8047167856246233, 0.19528321437537666]
[0.0, 0.866390711069107, 0.13360928893089297]
[0.0, 0.8163918440043926, 0.18360815599560742]
[0.0, 0.8319312773644925, 0.16806872263550754]
[0.0, 0.8465181064605712, 0.15348189353942876]
[0.0, 0.8724151286482811, 0.12758487135171892]
[0.0, 0.9166632747650146, 0.08333672523498536]
[0.0, 0.9141738539934159, 0.08582614600658411]
[0.0, 0.8511674463748932, 0.14883255362510683]
[0.0, 0.8981426630914211, 0.1018573369085789]
[0.0, 0.8282388135790825, 0.17176118642091753]
[0.0, 0.7961046770960093, 0.2038953229039907]
[0.0, 0.8889310738444328, 0.11106892615556718]
[0.0, 0.8728972579538822, 0.12710274204611782]
[0.0, 0.8523636826872826, 0.14763631731271742]
[0.0, 0.8647709798812866, 0.1352290201187134]
[0.0, 0.7735880097746849, 0.2264119902253151]
[0.0, 0.7529145200923085, 0.24708547990769147]
[0.0, 0.8228631333261728, 0.17713686667382722]
[0.0, 0.6891763846203685, 0.31082361537963155]
[0.0, 0.7958600533008575, 0.20413994669914248]
[0.0, 0.821616919785738, 0.17838308021426197]
[0.0, 0.8503905659914017, 0.14960943400859827]
[0.0, 0.868671138882637, 0.13132886111736297]
[0.0, 0.9113214972615242, 0.08867850273847577]
[0.0, 0.8691378104686737, 0.13086218953132633]
[0.0, 0.9063991919159889, 0.09360080808401106]
[0.0, 0.8949862000346184, 0.10501379996538163]
[0.0, 0.8204295288026333, 0.1795704711973667]
[0.0, 0.8528494280576706, 0.1471505719423294]
[0.0, 0.7655381131917238, 0.23446188680827618]
[0.0, 0.826156091094017, 0.173843908905983]
[0.0, 0.8451164814829827, 0.15488351851701732]
[0.0, 0.7742332372814417, 0.22576676271855833]
[0.0, 0.8634910055994988, 0.13650899440050124]
[0.0, 0.8070667216181755, 0.1929332783818245]
[0.0, 0.8626504975557328, 0.13734950244426725]
[0.0, 0.833506732583046, 0.16649326741695403]
[0.0, 0.8182691703736782, 0.1817308296263218]
[0.0, 0.9251534771919251, 0.07484652280807491]
[0.0, 0.9051835027337074, 0.0948164972662926]
[0.0, 0.7163080461323261, 0.2836919538676739]
[0.0, 0.6165892116352916, 0.38341078836470843]
[0.0, 0.6798879680968821, 0.3201120319031179]
[0.0, 0.8146727406978607, 0.18532725930213934]
[0.0, 0.7687383875250816, 0.2312616124749184]
[0.0, 0.8867605698108673, 0.11323943018913274]
[0.0, 0.8481029152870179, 0.15189708471298213]
[0.0, 0.892672900557518, 0.10732709944248198]
[0.0, 0.8717776323854923, 0.12822236761450767]
[0.0, 0.698516391068697, 0.301483608931303]
[0.0, 0.6556264244392515, 0.34437357556074855]
[0.0, 0.7627250143885612, 0.23727498561143878]
[0.0, 0.8221930268406868, 0.17780697315931315]
[0.0, 0.8761920955777168, 0.12380790442228318]
[0.0, 0.7509202295541764, 0.24907977044582363]
[0.0, 0.7720901188254357, 0.22790988117456434]
[0.0, 0.8245484595000744, 0.17545154049992562]
[0.0, 0.739959345832467, 0.26004065416753297]
[0.0, 0.8057126733660698, 0.19428732663393022]
[0.0, 0.8678015744686127, 0.13219842553138728]
[0.0, 0.8757935181260109, 0.12420648187398908]
[0.0, 0.8661332359910011, 0.13386676400899888]
[0.0, 0.7257004886120558, 0.2742995113879442]
[0.0, 0.7798430851101875, 0.22015691488981248]
[0.0, 0.6950568869709969, 0.3049431130290031]
[0.0, 0.6582249876298011, 0.3417750123701989]
[1.0, 0.5312438489869237, 0.4687561510130763]
[0.0, 0.5778628535568714, 0.4221371464431286]
[0.0, 0.7638580544292927, 0.23614194557070733]
[0.0, 0.7353488582372666, 0.2646511417627334]
[0.0, 0.7392126831412316, 0.26078731685876844]
[0.0, 0.8254688227176666, 0.17453117728233336]
[0.0, 0.7197876867651939, 0.2802123132348061]
[0.0, 0.5899129215627908, 0.41008707843720915]
[0.0, 0.6486445777490735, 0.35135542225092653]
[0.0, 0.9091205054521561, 0.09087949454784394]
[0.0, 0.9432995235919952, 0.056700476408004796]
[0.0, 0.9239200416207314, 0.07607995837926862]
[0.0, 0.9333404302597046, 0.06665956974029541]
[0.0, 0.7254873471707106, 0.2745126528292894]
[1.0, 0.2560813622176647, 0.7439186377823352]
[1.0, 0.1262777728959918, 0.8737222271040082]
[1.0, 0.11940508708357811, 0.8805949129164219]
[1.0, 0.09876838076859712, 0.9012316192314029]
[1.0, 0.14262986458837987, 0.8573701354116201]
[1.0, 0.0980057717114687, 0.9019942282885313]
[1.0, 0.09046343505382538, 0.9095365649461746]
[1.0, 0.19104849524796008, 0.8089515047520399]
[1.0, 0.14945985838770867, 0.8505401416122913]
[1.0, 0.18322708491235973, 0.8167729150876403]
[1.0, 0.11321952603757382, 0.8867804739624262]
[1.0, 0.15170411489903926, 0.8482958851009608]
[1.0, 0.12905726427212358, 0.8709427357278764]
[1.0, 0.17733852554112672, 0.8226614744588733]
[1.0, 0.14882687538862227, 0.8511731246113777]
[1.0, 0.12903480537235737, 0.8709651946276427]
[1.0, 0.1416541378200054, 0.8583458621799946]
[1.0, 0.11018569547683, 0.88981430452317]
[1.0, 0.1486190354451537, 0.8513809645548462]
[1.0, 0.09965987075120211, 0.9003401292487979]
[1.0, 0.112477857619524, 0.887522142380476]
[1.0, 0.14285940784960985, 0.8571405921503902]
[1.0, 0.3097878400236368, 0.6902121599763632]
[1.0, 0.23528830785304308, 0.7647116921469569]
[1.0, 0.17874918691813946, 0.8212508130818605]
[1.0, 0.23273399643599987, 0.7672660035640001]
[1.0, 0.14926394075155258, 0.8507360592484474]
[1.0, 0.20623118206858634, 0.7937688179314136]
[1.0, 0.2332473361492157, 0.7667526638507843]
[1.0, 0.1877061954140663, 0.8122938045859337]
[1.0, 0.21093596313148738, 0.7890640368685127]
[1.0, 0.1768557021021843, 0.8231442978978157]
[1.0, 0.2004542878270149, 0.7995457121729851]
[1.0, 0.10628120966255665, 0.8937187903374434]
[1.0, 0.32860212281346324, 0.6713978771865368]
[1.0, 0.2445045953989029, 0.7554954046010971]
[1.0, 0.18431805476546287, 0.8156819452345372]
[1.0, 0.1985594743490219, 0.8014405256509781]
[1.0, 0.1340179754793644, 0.8659820245206356]
[1.0, 0.17396629489958287, 0.8260337051004172]
[1.0, 0.13009467959403992, 0.8699053204059601]
[1.0, 0.12155612915754319, 0.8784438708424568]
[1.0, 0.3090253650024533, 0.6909746349975467]
[1.0, 0.20368846789002418, 0.7963115321099759]
[1.0, 0.1659548302181065, 0.8340451697818935]
[1.0, 0.1427065791003406, 0.8572934208996594]
[1.0, 0.16396942319348454, 0.8360305768065155]
[1.0, 0.09293590361252427, 0.9070640963874758]
[1.0, 0.265040837302804, 0.7349591626971961]
[1.0, 0.15814485564827918, 0.8418551443517208]
[1.0, 0.12769605841487647, 0.8723039415851235]
[1.0, 0.16804112968966364, 0.8319588703103363]
[1.0, 0.13088009148836136, 0.8691199085116387]
[1.0, 0.14256438512355088, 0.8574356148764491]
[1.0, 0.21377253960818052, 0.7862274603918195]
[1.0, 0.17512814823538064, 0.8248718517646194]
[1.0, 0.22310869671404363, 0.7768913032859563]
[1.0, 0.13540201708674432, 0.8645979829132557]
[1.0, 0.16465776219964026, 0.8353422378003598]
[1.0, 0.1319786514341831, 0.8680213485658169]
[1.0, 0.14247159859165548, 0.8575284014083445]
[1.0, 0.19591435099020602, 0.804085649009794]
[1.0, 0.24354497842490674, 0.7564550215750933]
[1.0, 0.1877822905033827, 0.8122177094966173]
[1.0, 0.20205146430060267, 0.7979485356993974]
[1.0, 0.15683782499283552, 0.8431621750071645]
[1.0, 0.1092513064481318, 0.8907486935518683]
[1.0, 0.13942231299355626, 0.8605776870064438]
[1.0, 0.14960815787315368, 0.8503918421268464]
[1.0, 0.30779999390244484, 0.6922000060975552]
[1.0, 0.163915697298944, 0.836084302701056]
[1.0, 0.2030934421904385, 0.7969065578095615]
[1.0, 0.10972568046301603, 0.890274319536984]
[1.0, 0.15960317185148598, 0.840396828148514]
[1.0, 0.1529494551382959, 0.8470505448617041]
[1.0, 0.16727742448449134, 0.8327225755155087]
[1.0, 0.20631170380860567, 0.7936882961913944]
[1.0, 0.12767926182597875, 0.8723207381740212]
[1.0, 0.15457963248714804, 0.845420367512852]
[1.0, 0.11315278112888336, 0.8868472188711166]
[1.0, 0.15096944488584996, 0.84903055511415]
[1.0, 0.13634490597993135, 0.8636550940200687]
[1.0, 0.126695344299078, 0.873304655700922]
[1.0, 0.12217256525531411, 0.8778274347446859]
[1.0, 0.3423469640687108, 0.6576530359312892]
[1.0, 0.14539378626272081, 0.8546062137372792]
[1.0, 0.2795989577844739, 0.720401042215526]
[1.0, 0.3493843549489975, 0.6506156450510026]
[1.0, 0.37112110733985904, 0.628878892660141]
[1.0, 0.21666445024311543, 0.7833355497568846]
[1.0, 0.26210468623787164, 0.7378953137621284]
[1.0, 0.28331215392798187, 0.7166878460720181]
[1.0, 0.36111736241728065, 0.6388826375827193]
[1.0, 0.374408227596432, 0.625591772403568]
[1.0, 0.2183954941853881, 0.7816045058146119]
[1.0, 0.3597542890161276, 0.6402457109838724]
[1.0, 0.4759513032436371, 0.5240486967563629]
[1.0, 0.48721891108900306, 0.5127810889109969]
[1.0, 0.3249258287623525, 0.6750741712376476]
[1.0, 0.45372436203062533, 0.5462756379693747]
[1.0, 0.3427538502588868, 0.6572461497411132]
[1.0, 0.2528450948372483, 0.7471549051627517]
[1.0, 0.22697559475898743, 0.7730244052410126]
[1.0, 0.12798599485307932, 0.8720140051469207]
[1.0, 0.15457529973238707, 0.845424700267613]
[1.0, 0.36818915450945494, 0.6318108454905451]
[1.0, 0.18990277543663978, 0.8100972245633602]
[1.0, 0.325394729077816, 0.6746052709221839]
[1.0, 0.29313584972172974, 0.7068641502782702]
[1.0, 0.2864239586517215, 0.7135760413482786]
[1.0, 0.18430514581501484, 0.8156948541849851]
[1.0, 0.13232859693467616, 0.8676714030653239]
[1.0, 0.1481418932415545, 0.8518581067584455]
[1.0, 0.13262202858924865, 0.8673779714107513]
[1.0, 0.1829694914072752, 0.8170305085927247]
[1.0, 0.15815092504024506, 0.8418490749597549]
[1.0, 0.16153397895395755, 0.8384660210460424]
[1.0, 0.16658535048365594, 0.833414649516344]
[1.0, 0.14997876591980458, 0.8500212340801954]
[1.0, 0.41204676069319246, 0.5879532393068075]
[1.0, 0.3629375405609608, 0.6370624594390393]
[1.0, 0.18712685145437719, 0.8128731485456229]
[1.0, 0.24180034140124917, 0.7581996585987508]
[1.0, 0.2810126093029976, 0.7189873906970023]
[1.0, 0.15633651677519084, 0.8436634832248091]
[1.0, 0.1814498058706522, 0.8185501941293478]
[1.0, 0.29702172948047517, 0.7029782705195249]
[1.0, 0.14528937466442585, 0.8547106253355742]
[1.0, 0.4802895547449589, 0.5197104452550412]
[1.0, 0.18801755271852016, 0.8119824472814798]
[1.0, 0.13781782932579517, 0.8621821706742048]
[1.0, 0.23597607806324958, 0.7640239219367504]
[1.0, 0.14047204069793223, 0.8595279593020677]
[1.0, 0.16247574424371122, 0.8375242557562887]
[1.0, 0.23924007249996065, 0.7607599275000394]
[1.0, 0.15300029322504996, 0.8469997067749501]
[1.0, 0.1829876557737589, 0.8170123442262411]
[1.0, 0.12711433371528982, 0.8728856662847102]
[1.0, 0.18457417188212275, 0.8154258281178772]
[1.0, 0.15413184016942977, 0.8458681598305702]
[1.0, 0.12813640296459197, 0.8718635970354081]
[1.0, 0.21152737056836485, 0.7884726294316351]
[1.0, 0.2536205006018281, 0.7463794993981718]
[1.0, 0.1764776537567377, 0.8235223462432623]
[1.0, 0.1145491954870522, 0.8854508045129478]
[1.0, 0.1442954660207033, 0.8557045339792967]
[1.0, 0.1356932505592704, 0.8643067494407296]
[1.0, 0.12357090000063181, 0.8764290999993682]
[1.0, 0.30067035466432573, 0.6993296453356743]
[1.0, 0.18078142933547497, 0.819218570664525]
[1.0, 0.17019149407744408, 0.829808505922556]
[1.0, 0.14718048505485057, 0.8528195149451494]
[1.0, 0.22462548047304154, 0.7753745195269585]
[1.0, 0.17839513188228012, 0.8216048681177199]
[1.0, 0.1562593780644238, 0.8437406219355762]
[1.0, 0.2953436440601945, 0.7046563559398056]
[1.0, 0.1516002433001995, 0.8483997566998005]
[1.0, 0.26385598342865707, 0.7361440165713429]
[1.0, 0.2538598643243313, 0.7461401356756687]
[1.0, 0.08885957047343254, 0.9111404295265675]
[1.0, 0.19213176377117633, 0.8078682362288236]
[1.0, 0.16249637465924024, 0.8375036253407597]
[1.0, 0.0874534641392529, 0.9125465358607471]
[1.0, 0.12692839400842787, 0.8730716059915722]
[1.0, 0.1255044335871935, 0.8744955664128065]
[1.0, 0.14370715787634253, 0.8562928421236575]
[1.0, 0.37524569638073446, 0.6247543036192655]
[1.0, 0.26191633705049755, 0.7380836629495025]
[1.0, 0.19849225327372552, 0.8015077467262745]
[1.0, 0.14551935095340013, 0.8544806490465999]
[1.0, 0.14737767620012165, 0.8526223237998783]
[1.0, 0.2453564989566803, 0.7546435010433197]
[1.0, 0.09761545719578862, 0.9023845428042114]
[1.0, 0.18350465090945364, 0.8164953490905463]
[1.0, 0.2595441157370806, 0.7404558842629194]
[1.0, 0.3725076335482299, 0.6274923664517701]
[1.0, 0.1858614135533571, 0.8141385864466428]
[1.0, 0.21831249011680484, 0.7816875098831951]
[1.0, 0.22967746369540692, 0.7703225363045931]
[1.0, 0.3146952401846647, 0.6853047598153352]
[1.0, 0.2772686873190105, 0.7227313126809896]
[1.0, 0.38669589210301636, 0.6133041078969836]
[1.0, 0.2188300813920796, 0.7811699186079204]
[1.0, 0.16936234179884196, 0.8306376582011581]
[1.0, 0.2111959614790976, 0.7888040385209024]
[1.0, 0.3652818548679352, 0.6347181451320648]
[1.0, 0.14628320705145598, 0.8537167929485441]
[1.0, 0.14971413593739272, 0.8502858640626073]
[1.0, 0.27626375917345286, 0.7237362408265471]
[1.0, 0.4014610467292368, 0.5985389532707632]
[1.0, 0.34187850255519153, 0.6581214974448084]
[1.0, 0.2200280459225178, 0.7799719540774822]
[1.0, 0.38946011327207086, 0.6105398867279291]
[1.0, 0.31512240767478944, 0.6848775923252106]
[1.0, 0.192278859782964, 0.807721140217036]
[1.0, 0.29043087843805554, 0.7095691215619444]
[1.0, 0.31794550232589247, 0.6820544976741075]
[1.0, 0.28645221814513205, 0.7135477818548679]
[1.0, 0.28474785076454284, 0.7152521492354571]
[1.0, 0.2228745459765196, 0.7771254540234804]
[1.0, 0.36644047416746617, 0.6335595258325338]
[1.0, 0.17060152051970362, 0.8293984794802964]
[1.0, 0.3033935584872961, 0.6966064415127039]
[1.0, 0.21700910655781627, 0.7829908934421838]
[1.0, 0.40670507334172723, 0.5932949266582728]
[1.0, 0.184343975558877, 0.8156560244411231]
[1.0, 0.20243935422971845, 0.7975606457702815]
[1.0, 0.32780541125684975, 0.6721945887431502]
[1.0, 0.20721111020073293, 0.7927888897992671]
[1.0, 0.2678620534576476, 0.7321379465423524]
[1.0, 0.16938335195183754, 0.8306166480481625]
[1.0, 0.12641083071008324, 0.8735891692899167]
[1.0, 0.18083217097446322, 0.8191678290255368]
[1.0, 0.17158843006938695, 0.828411569930613]
[1.0, 0.36326076060533524, 0.6367392393946647]
[1.0, 0.20113530891016126, 0.7988646910898387]
[1.0, 0.17545230474323034, 0.8245476952567696]
[1.0, 0.18964766539633274, 0.8103523346036673]
[1.0, 0.213227981030941, 0.786772018969059]
[1.0, 0.14487456122413278, 0.8551254387758672]
[1.0, 0.2070850538648665, 0.7929149461351335]
[1.0, 0.160970396194607, 0.839029603805393]
[1.0, 0.17396001907065511, 0.8260399809293448]
[1.0, 0.13677364725619554, 0.8632263527438044]
[1.0, 0.2448737022280693, 0.7551262977719306]
[1.0, 0.12627886556088924, 0.8737211344391107]
[1.0, 0.16910227850079537, 0.8308977214992046]
[1.0, 0.14485749490559102, 0.855142505094409]
[1.0, 0.23774308528751134, 0.7622569147124887]
[1.0, 0.18777968991547822, 0.8122203100845218]
[1.0, 0.16476638615131378, 0.8352336138486862]
[1.0, 0.16596109446138144, 0.8340389055386186]
[1.0, 0.14255233198404313, 0.8574476680159568]
[1.0, 0.28137583488598467, 0.7186241651140153]
[1.0, 0.13768410239368678, 0.8623158976063132]
[1.0, 0.4790846341848373, 0.5209153658151626]
[1.0, 0.26744858905673025, 0.7325514109432698]
[1.0, 0.2567632723413408, 0.7432367276586592]
[1.0, 0.287909232378006, 0.7120907676219941]
[1.0, 0.2910362455248833, 0.7089637544751167]
[1.0, 0.21719635108485819, 0.7828036489151418]
[1.0, 0.1855270268395543, 0.8144729731604456]
[1.0, 0.26609267823398114, 0.7339073217660188]
[1.0, 0.22714519333094357, 0.7728548066690564]
[1.0, 0.38451788246631624, 0.6154821175336838]
[1.0, 0.4277805855870247, 0.5722194144129753]
[1.0, 0.14073583636432885, 0.8592641636356712]
[0.0, 0.6089329758286476, 0.3910670241713524]
[1.0, 0.19338978156447412, 0.8066102184355259]
[1.0, 0.5129046103358269, 0.4870953896641731]
[1.0, 0.20845537062734365, 0.7915446293726563]
[1.0, 0.3401783546805382, 0.6598216453194619]
[1.0, 0.24661217086017131, 0.7533878291398287]
[1.0, 0.3179148605465889, 0.6820851394534111]
[1.0, 0.19293916046619417, 0.8070608395338058]
[1.0, 0.15613216888159515, 0.8438678311184049]
[1.0, 0.3091417947970331, 0.6908582052029669]
[1.0, 0.2654466889426112, 0.7345533110573887]
[1.0, 0.16234503654763102, 0.837654963452369]
[1.0, 0.1854175080358982, 0.8145824919641018]
[1.0, 0.1982873623818159, 0.8017126376181841]
[1.0, 0.3437265610694885, 0.6562734389305115]
[1.0, 0.2324442158639431, 0.767555784136057]
[1.0, 0.2441357560455799, 0.7558642439544201]
[1.0, 0.17912332659587263, 0.8208766734041274]
[1.0, 0.32574489191174505, 0.674255108088255]
[1.0, 0.16278329670429229, 0.8372167032957077]
[1.0, 0.1495613461174071, 0.8504386538825929]
[1.0, 0.11260339491069317, 0.8873966050893068]
[1.0, 0.19649858269840478, 0.8035014173015952]
[1.0, 0.1550297820754349, 0.8449702179245651]
[1.0, 0.14026588292792438, 0.8597341170720756]
[1.0, 0.12092120621353387, 0.8790787937864661]
[1.0, 0.18768485877662897, 0.812315141223371]
[1.0, 0.10713786853477358, 0.8928621314652264]
[1.0, 0.19820178270339966, 0.8017982172966003]
[1.0, 0.10094730461016298, 0.899052695389837]
[1.0, 0.20092609018087387, 0.7990739098191262]
[1.0, 0.13720837768167257, 0.8627916223183274]
[1.0, 0.17040176002308727, 0.8295982399769127]
[1.0, 0.18307461455464363, 0.8169253854453564]
[1.0, 0.20666283894330262, 0.7933371610566974]
[1.0, 0.15356930376961828, 0.8464306962303817]
[1.0, 0.4387620969302952, 0.5612379030697048]
[1.0, 0.4100719196349382, 0.5899280803650617]
[1.0, 0.1863811876811087, 0.8136188123188913]
[1.0, 0.390001505613327, 0.609998494386673]
[1.0, 0.38947579987347125, 0.6105242001265287]
[1.0, 0.4012133499979973, 0.5987866500020027]
[1.0, 0.4219244696199894, 0.5780755303800106]
[1.0, 0.29155162315815686, 0.7084483768418431]
[1.0, 0.22584666753187777, 0.7741533324681222]
[1.0, 0.3530475053377449, 0.6469524946622551]
[1.0, 0.38137984316796064, 0.6186201568320393]
[1.0, 0.2257241842523217, 0.7742758157476783]
[1.0, 0.17613238414749502, 0.823867615852505]
[1.0, 0.2606857592985034, 0.7393142407014965]
[1.0, 0.2001873127743602, 0.7998126872256398]
[1.0, 0.31165103770792485, 0.6883489622920751]
[1.0, 0.268858878724277, 0.7311411212757231]
[1.0, 0.16555600805208087, 0.8344439919479192]
[1.0, 0.19880868028849363, 0.8011913197115064]
[1.0, 0.271264183409512, 0.728735816590488]
[1.0, 0.21964179523289204, 0.7803582047671079]
[1.0, 0.4038641034811735, 0.5961358965188265]
[1.0, 0.32570999678224327, 0.6742900032177568]
[1.0, 0.27833978448063135, 0.7216602155193687]
[1.0, 0.3591848004981875, 0.6408151995018125]
[1.0, 0.12744966711848973, 0.8725503328815103]
[1.0, 0.4292444759234786, 0.5707555240765214]
[1.0, 0.21972110807895662, 0.7802788919210434]
[1.0, 0.19974243085831403, 0.800257569141686]
[1.0, 0.18367273489013314, 0.8163272651098669]
[1.0, 0.1969445563107729, 0.8030554436892271]
[1.0, 0.28301507350057364, 0.7169849264994264]
[1.0, 0.17063655063509942, 0.8293634493649006]
[1.0, 0.3044602931663394, 0.6955397068336606]
[1.0, 0.2566791273653507, 0.7433208726346493]
[1.0, 0.23020368289202453, 0.7697963171079755]
[1.0, 0.3795297294855118, 0.6204702705144882]
[1.0, 0.13732813335955144, 0.8626718666404486]
[1.0, 0.14871126368641854, 0.8512887363135815]
[1.0, 0.1374193512648344, 0.8625806487351656]
[1.0, 0.18675808694213628, 0.8132419130578638]
[1.0, 0.20430437076836824, 0.7956956292316317]
[1.0, 0.23986760634928941, 0.7601323936507106]
[1.0, 0.32799543619155885, 0.6720045638084411]
[1.0, 0.5013781413435936, 0.4986218586564064]
[1.0, 0.20573085702955723, 0.7942691429704427]
[1.0, 0.17149115812033414, 0.8285088418796659]
[1.0, 0.18038574155420065, 0.8196142584457994]
[1.0, 0.2023842693120241, 0.7976157306879759]
[1.0, 0.2024444116279483, 0.7975555883720518]
[1.0, 0.28939840592443944, 0.7106015940755606]
[1.0, 0.3266282099857926, 0.6733717900142073]
[1.0, 0.2209053133428097, 0.7790946866571903]
[1.0, 0.11550315100699664, 0.8844968489930034]
[1.0, 0.13493311904370786, 0.8650668809562921]
[1.0, 0.27097564227879045, 0.7290243577212095]
[1.0, 0.16636080473661422, 0.8336391952633858]
[1.0, 0.15516210466623306, 0.844837895333767]
[1.0, 0.19560864873230457, 0.8043913512676955]
[1.0, 0.2253491735458374, 0.7746508264541626]
[0.0, 0.8221096596121789, 0.17789034038782114]
[0.0, 0.8751011902093887, 0.1248988097906113]
[0.0, 0.9133713504672051, 0.08662864953279492]
[0.0, 0.912850430905819, 0.08714956909418103]
[0.0, 0.9299301496148109, 0.07006985038518909]
[0.0, 0.8311312195658683, 0.16886878043413167]
[0.0, 0.8825322154164315, 0.11746778458356855]
[0.0, 0.9099000683426857, 0.09009993165731434]
[0.0, 0.9307680955529213, 0.06923190444707872]
[0.0, 0.9025590667128562, 0.09744093328714376]
[0.0, 0.9329329150915145, 0.06706708490848545]
[0.0, 0.8568673408031464, 0.14313265919685358]
[0.0, 0.9112463042140007, 0.08875369578599934]
[0.0, 0.8692627844214439, 0.1307372155785561]
[0.0, 0.8833751136064529, 0.11662488639354707]
[0.0, 0.9184296625852585, 0.08157033741474151]
[0.0, 0.8592113873362541, 0.14078861266374587]
[0.0, 0.765784013196826, 0.23421598680317401]
[0.0, 0.8394321548938751, 0.16056784510612487]
[0.0, 0.7404741716757417, 0.2595258283242583]
[0.0, 0.6957265309989452, 0.3042734690010548]
[0.0, 0.8773576909303665, 0.12264230906963347]
[0.0, 0.8285262297093868, 0.17147377029061317]
[0.0, 0.9515538817644119, 0.04844611823558809]
[0.0, 0.9155761507153511, 0.08442384928464886]
[0.0, 0.9367579570412636, 0.06324204295873637]
[0.0, 0.8947974096983671, 0.10520259030163293]
[0.0, 0.8372250626981258, 0.1627749373018742]
[0.0, 0.8337086467444896, 0.16629135325551037]
[0.0, 0.8369601656496525, 0.16303983435034752]
[0.0, 0.7200674790143967, 0.2799325209856033]
[0.0, 0.8590366166830062, 0.14096338331699376]
[0.0, 0.8061026537418365, 0.19389734625816346]
[0.0, 0.868077531158924, 0.13192246884107595]
[0.0, 0.6890704043954611, 0.3109295956045389]
[0.0, 0.7758189044892788, 0.22418109551072118]
[0.0, 0.8292531752586365, 0.1707468247413635]
[0.0, 0.8701517237722873, 0.12984827622771267]
[0.0, 0.7971235451102257, 0.20287645488977435]
[0.0, 0.7822641289234161, 0.21773587107658388]
[0.0, 0.8230212606489659, 0.17697873935103414]
[0.0, 0.8231457072496414, 0.17685429275035858]
[0.0, 0.7689564859867096, 0.23104351401329037]
[0.0, 0.8410224138200283, 0.1589775861799717]
[0.0, 0.7640194675326347, 0.23598053246736528]
[0.0, 0.6360283880680799, 0.36397161193192007]
[0.0, 0.7903323322534561, 0.20966766774654388]
[0.0, 0.7496847987174988, 0.2503152012825012]
[0.0, 0.5792274397425353, 0.4207725602574647]
[0.0, 0.7660214871913195, 0.23397851280868054]
[0.0, 0.6974565387889743, 0.3025434612110257]
[0.0, 0.8158082585781813, 0.1841917414218187]
[0.0, 0.7788001598790288, 0.22119984012097116]
[0.0, 0.6979026050493121, 0.3020973949506879]
[0.0, 0.8977581277489662, 0.10224187225103376]
[0.0, 0.8473756709694862, 0.15262432903051382]
[0.0, 0.844730325192213, 0.15526967480778697]
[0.0, 0.7596965267509223, 0.24030347324907775]
[0.0, 0.8168729665875435, 0.1831270334124565]
[0.0, 0.8170023015141488, 0.18299769848585123]
[0.0, 0.7670552554726601, 0.23294474452733993]
[0.0, 0.9140723234415055, 0.08592767655849454]
[0.0, 0.9105981892347336, 0.08940181076526643]
[0.0, 0.805263900384307, 0.19473609961569305]
[0.0, 0.8213568401336669, 0.17864315986633306]
[0.0, 0.8258072498440743, 0.17419275015592572]
[0.0, 0.7067173040658236, 0.29328269593417644]
[0.0, 0.8506327560544014, 0.14936724394559864]
[0.0, 0.8783468645811081, 0.12165313541889189]
[0.0, 0.811709171012044, 0.18829082898795602]
[0.0, 0.7896146025136113, 0.21038539748638874]
[0.0, 0.8899603521823883, 0.11003964781761166]
[0.0, 0.7564202177524567, 0.24357978224754329]
[0.0, 0.853612519800663, 0.146387480199337]
[0.0, 0.8776101207733155, 0.12238987922668454]
[0.0, 0.8557746252417564, 0.1442253747582436]
[0.0, 0.8758726346492768, 0.12412736535072322]
[0.0, 0.8470544123649597, 0.1529455876350403]
[0.0, 0.8078738030791283, 0.19212619692087174]
[0.0, 0.8857191523909569, 0.11428084760904311]
[0.0, 0.7664902846515179, 0.23350971534848208]
[0.0, 0.7398133969306946, 0.2601866030693054]
[0.0, 0.8768352982774377, 0.12316470172256233]
[0.0, 0.8040097589790821, 0.1959902410209179]
[0.0, 0.7530969630926847, 0.2469030369073153]
[0.0, 0.7901414229720831, 0.20985857702791688]
[0.0, 0.658549266308546, 0.34145073369145396]
[0.0, 0.8753121796250344, 0.12468782037496562]
[0.0, 0.8087684708833695, 0.19123152911663055]
[0.0, 0.8865654563903809, 0.11343454360961913]
[0.0, 0.8408260899782181, 0.15917391002178194]
[0.0, 0.8491702699661254, 0.15082973003387457]
[0.0, 0.7887491860985756, 0.21125081390142442]
[0.0, 0.8359053492546081, 0.16409465074539187]
[0.0, 0.7895074507594109, 0.21049254924058913]
[0.0, 0.8894944962859154, 0.11050550371408463]
[0.0, 0.9043188056349755, 0.09568119436502454]
[0.0, 0.8851249772310257, 0.11487502276897432]
[0.0, 0.8483654463291168, 0.1516345536708832]
[0.0, 0.9037678754329681, 0.0962321245670319]
[1.0, 0.5417925412580371, 0.4582074587419629]
[0.0, 0.8498080423474312, 0.15019195765256876]
[0.0, 0.7447892761975526, 0.25521072380244736]
[0.0, 0.7947561214119196, 0.20524387858808035]
[0.0, 0.7875083860754967, 0.21249161392450333]
[0.0, 0.8832013307511807, 0.11679866924881932]
[0.0, 0.81122155174613, 0.18877844825387002]
[0.0, 0.9265005192160607, 0.07349948078393931]
[0.0, 0.9004749515652657, 0.09952504843473431]
[0.0, 0.8768864557147026, 0.12311354428529742]
[0.0, 0.7310727855563164, 0.2689272144436836]
[0.0, 0.8813678514957428, 0.11863214850425718]
[0.0, 0.8252608785033226, 0.17473912149667736]
[0.0, 0.8668866331875325, 0.13311336681246755]
[0.0, 0.8691215114295483, 0.1308784885704517]
[0.0, 0.7248539269343018, 0.27514607306569816]
[0.0, 0.7891786614060402, 0.2108213385939598]
[0.0, 0.7034921960532665, 0.2965078039467335]
[0.0, 0.8486295466125011, 0.15137045338749888]
[0.0, 0.8013306133449077, 0.19866938665509226]
[0.0, 0.7943528056144714, 0.2056471943855286]
[0.0, 0.8202924653887749, 0.17970753461122513]
[0.0, 0.8386936861276627, 0.1613063138723373]
[0.0, 0.8700725838541985, 0.1299274161458015]
[0.0, 0.860601049810648, 0.139398950189352]
[0.0, 0.9010088977217674, 0.0989911022782326]
[0.0, 0.8600995577126741, 0.1399004422873259]
[0.0, 0.8491369401663542, 0.15086305983364579]
[0.0, 0.8620559358596802, 0.1379440641403198]
[0.0, 0.8879015815258026, 0.11209841847419744]
[0.0, 0.878156780898571, 0.12184321910142903]
[0.0, 0.8017340460419655, 0.19826595395803448]
[0.0, 0.7911197528243065, 0.20888024717569353]
[0.0, 0.7442841738462448, 0.2557158261537552]
[0.0, 0.7401727399602532, 0.25982726003974677]
[0.0, 0.7796468722820282, 0.22035312771797178]
[0.0, 0.7179377160221339, 0.28206228397786615]
[0.0, 0.785898123383522, 0.21410187661647795]
[0.0, 0.8334523493051529, 0.16654765069484712]
[0.0, 0.8280331820249558, 0.1719668179750442]
[0.0, 0.8604276979714632, 0.13957230202853677]
[0.0, 0.823610822558403, 0.176389177441597]
[0.0, 0.7628509500995279, 0.23714904990047214]
[0.0, 0.7962616148591042, 0.20373838514089582]
[0.0, 0.7811472586542368, 0.21885274134576316]
[0.0, 0.60192562866956, 0.39807437133044]
[0.0, 0.8041304747015238, 0.19586952529847623]
[0.0, 0.7873107878863812, 0.2126892121136188]
[0.0, 0.7521957889199257, 0.24780421108007433]
[0.0, 0.7956332974135876, 0.20436670258641243]
[0.0, 0.7589599704742431, 0.24104002952575687]
[0.0, 0.7689035728573799, 0.23109642714262013]
[0.0, 0.7051688621193171, 0.29483113788068294]
[0.0, 0.6818707455135882, 0.3181292544864118]
[0.0, 0.9003703451156616, 0.09962965488433839]
[0.0, 0.6283413934707641, 0.3716586065292359]
[0.0, 0.7322398233413696, 0.2677601766586304]
[0.0, 0.8327047708630562, 0.16729522913694383]
[0.0, 0.7917298114299774, 0.20827018857002255]
[0.0, 0.8176418639719486, 0.1823581360280514]
[0.0, 0.7533188965916634, 0.2466811034083366]
[0.0, 0.7864300879836083, 0.21356991201639175]
[0.0, 0.6819052063673735, 0.3180947936326265]
[0.0, 0.8037964361906051, 0.19620356380939485]
[0.0, 0.6868072018027306, 0.3131927981972694]
[0.0, 0.7646027156710624, 0.23539728432893758]
[0.0, 0.6675342297554017, 0.33246577024459834]
[0.0, 0.6236288690567017, 0.3763711309432983]
[0.0, 0.7800953969359398, 0.21990460306406023]
[0.0, 0.7024927805364132, 0.2975072194635868]
[0.0, 0.8023198163509369, 0.19768018364906315]
[0.0, 0.759489209279418, 0.240510790720582]
[0.0, 0.8320560932159424, 0.16794390678405757]
[0.0, 0.8540831591188908, 0.14591684088110923]
[0.0, 0.8550846776366234, 0.14491532236337656]
[0.0, 0.903392324745655, 0.096607675254345]
[0.0, 0.8812627175450325, 0.11873728245496751]
[0.0, 0.8725255405902863, 0.1274744594097137]
[0.0, 0.8787922552227974, 0.12120774477720264]
[0.0, 0.7781234674155713, 0.22187653258442874]
[0.0, 0.8888475081324577, 0.11115249186754228]
[0.0, 0.8367582017183304, 0.16324179828166963]
[0.0, 0.8894570103287697, 0.11054298967123033]
[0.0, 0.9076316866278649, 0.09236831337213514]
[0.0, 0.9216007381677628, 0.07839926183223722]
[0.0, 0.9076791149377823, 0.0923208850622177]
[0.0, 0.9226939448714256, 0.07730605512857436]
[0.0, 0.8919432792067528, 0.10805672079324724]
[0.0, 0.834369914084673, 0.16563008591532702]
[0.0, 0.862471371293068, 0.13752862870693205]
[0.0, 0.8779497569799424, 0.12205024302005762]
[0.0, 0.8829122903943062, 0.11708770960569381]
[0.0, 0.8646823613345623, 0.13531763866543767]
[0.0, 0.8934152403473854, 0.1065847596526146]
[0.0, 0.856444239616394, 0.14355576038360596]
[0.0, 0.7963138652592897, 0.2036861347407103]
[0.0, 0.8697778078913688, 0.13022219210863117]
[0.0, 0.8430386447906494, 0.15696135520935062]
[0.0, 0.7700830933451652, 0.22991690665483477]
[0.0, 0.8570745345950127, 0.1429254654049873]
[0.0, 0.788922972381115, 0.21107702761888503]
[0.0, 0.843354365825653, 0.15664563417434696]
[0.0, 0.8998919302225112, 0.10010806977748876]
[0.0, 0.8169475953280926, 0.18305240467190742]
[0.0, 0.7060204681009055, 0.29397953189909454]
[0.0, 0.7766110436618328, 0.22338895633816724]
[0.0, 0.7482883743941784, 0.2517116256058216]
[0.0, 0.8560925278067589, 0.14390747219324107]
[0.0, 0.766187998354435, 0.23381200164556504]
[0.0, 0.794422788657248, 0.20557721134275198]
[0.0, 0.8555323493480682, 0.1444676506519318]
[0.0, 0.8349670305848121, 0.16503296941518786]
[0.0, 0.8287960058450698, 0.17120399415493015]
[0.0, 0.8993685275316239, 0.10063147246837612]
[0.0, 0.8699270743131637, 0.13007292568683626]
[0.0, 0.8646846956014633, 0.13531530439853667]
[0.0, 0.8915176972746849, 0.10848230272531512]
[0.0, 0.8727777308225632, 0.12722226917743684]
[0.0, 0.8150003067404031, 0.18499969325959686]
[0.0, 0.7573408605158329, 0.24265913948416706]
[0.0, 0.8744907566905021, 0.12550924330949786]
[0.0, 0.8305667141079902, 0.1694332858920098]
[0.0, 0.8303116278350353, 0.16968837216496468]
[0.0, 0.8631253078579902, 0.13687469214200976]
[0.0, 0.8749865317344665, 0.1250134682655335]
[0.0, 0.857534801363945, 0.142465198636055]
[0.0, 0.8813041514158249, 0.11869584858417515]
[0.0, 0.8986004364490509, 0.10139956355094915]
[0.0, 0.9074751211702824, 0.0925248788297176]
[0.0, 0.8245936250686645, 0.17540637493133548]
[0.0, 0.9822934094071388, 0.01770659059286117]
[0.0, 0.9883350759744645, 0.011664924025535539]
[0.0, 0.9883350759744645, 0.011664924025535539]
[0.0, 0.9883350759744645, 0.011664924025535539]
[0.0, 0.9883350759744645, 0.011664924025535539]
[0.0, 0.9883350759744645, 0.011664924025535539]
[0.0, 0.9883350759744645, 0.011664924025535539]
[0.0, 0.9883350759744645, 0.011664924025535539]
[0.0, 0.9606227013468742, 0.03937729865312578]
[0.0, 0.9656227013468742, 0.034377298653125776]
[0.0, 0.7888685550913215, 0.21113144490867852]
[0.0, 0.9185620705783367, 0.08143792942166328]
[0.0, 0.9642320558428764, 0.03576794415712359]
[0.0, 0.8701311205327511, 0.1298688794672489]
[0.0, 0.8593214635550975, 0.14067853644490247]
[0.0, 0.7579678793251514, 0.24203212067484858]
[0.0, 0.8212931679934263, 0.17870683200657367]
[0.0, 0.8590650229156017, 0.14093497708439828]
[0.0, 0.8960450081527234, 0.10395499184727663]
[0.0, 0.8405741466581822, 0.1594258533418178]
[0.0, 0.8612931679934264, 0.13870683200657363]
[0.0, 0.939747074842453, 0.06025292515754699]
[0.0, 0.9404143330454826, 0.05958566695451739]
[0.0, 0.9427105566859245, 0.05728944331407548]
[0.0, 0.9340292379260063, 0.06597076207399366]
[0.0, 0.9503807470202446, 0.049619252979755446]
[0.0, 0.8818556654453278, 0.11814433455467221]
[0.0, 0.9460960271954536, 0.053903972804546396]
[0.0, 0.8875255510210991, 0.11247444897890091]
[0.0, 0.8381755790114402, 0.16182442098855976]
[0.0, 0.9261603650450706, 0.0738396349549294]
[0.0, 0.8813025537133217, 0.11869744628667833]
[0.0, 0.7945902624726295, 0.20540973752737046]
[0.0, 0.7048379212617875, 0.29516207873821254]
[0.0, 0.8436568847298622, 0.15634311527013778]
[0.0, 0.8342383849620819, 0.1657616150379181]
[0.0, 0.8999936318397522, 0.10000636816024777]
[0.0, 0.8392553347349166, 0.16074466526508335]
[0.0, 0.8547236463427543, 0.14527635365724567]
[0.0, 0.8723594784736634, 0.12764052152633665]
[0.0, 0.8237731939554215, 0.17622680604457852]
[0.0, 0.8536936837434769, 0.14630631625652313]
[0.0, 0.8774027073383331, 0.12259729266166686]
[0.0, 0.8533450143784285, 0.14665498562157153]
[0.0, 0.8361877703666687, 0.1638122296333313]
[0.0, 0.8063934046775103, 0.1936065953224897]
[0.0, 0.8608031741529704, 0.13919682584702964]
[0.0, 0.8264238148927688, 0.17357618510723116]
[0.0, 0.818225449025631, 0.181774550974369]
[0.0, 0.8515806856751442, 0.14841931432485578]
[0.0, 0.8120530043542386, 0.18794699564576145]
[0.0, 0.8584954783320426, 0.14150452166795735]
[0.0, 0.8384821480512619, 0.16151785194873813]
[0.0, 0.8546021753549575, 0.14539782464504247]
[0.0, 0.8130100288242101, 0.18698997117578986]
[0.0, 0.8767299675941467, 0.12327003240585332]
[0.0, 0.899162909090519, 0.10083709090948101]
[0.0, 0.9285071790218353, 0.07149282097816467]
[0.0, 0.9397940745949745, 0.06020592540502545]
[0.0, 0.9460631603002548, 0.053936839699745165]
[0.0, 0.9520380893349647, 0.0479619106650353]
[0.0, 0.8706387796998024, 0.1293612203001976]
[0.0, 0.8107056652009487, 0.18929433479905133]
[1.0, 0.1303638507798314, 0.8696361492201686]
[1.0, 0.08852978676557541, 0.9114702132344246]
[1.0, 0.05944994106888771, 0.9405500589311123]
[1.0, 0.06396978959441185, 0.9360302104055882]
[1.0, 0.07646198008209466, 0.9235380199179053]
[1.0, 0.055160285234451295, 0.9448397147655487]
[1.0, 0.0747918950021267, 0.9252081049978733]
[1.0, 0.0819813971593976, 0.9180186028406024]
[1.0, 0.07953937832266092, 0.9204606216773391]
[1.0, 0.0721496994420886, 0.9278503005579114]
[1.0, 0.07130942281335592, 0.928690577186644]
[1.0, 0.0693990245461464, 0.9306009754538536]
[1.0, 0.06072491753846407, 0.9392750824615359]
[1.0, 0.14497970417141914, 0.8550202958285809]
[1.0, 0.22750620555132628, 0.7724937944486737]
[1.0, 0.3227959276735783, 0.6772040723264217]
[1.0, 0.1703947663679719, 0.8296052336320281]
[1.0, 0.1863983004912734, 0.8136016995087266]
[1.0, 0.1444377875328064, 0.8555622124671936]
[1.0, 0.1822397767752409, 0.8177602232247592]
[1.0, 0.11148171104490757, 0.8885182889550924]
[1.0, 0.11120570674538613, 0.8887942932546139]
[1.0, 0.10756495833396912, 0.8924350416660309]
[1.0, 0.10081231936812401, 0.8991876806318759]
[1.0, 0.2421234467625618, 0.7578765532374382]
[1.0, 0.08744955629110336, 0.9125504437088966]
[1.0, 0.14765919595956803, 0.852340804040432]
[1.0, 0.08433826744556427, 0.9156617325544357]
[1.0, 0.1519181528687477, 0.8480818471312523]
[1.0, 0.19172295071184636, 0.8082770492881537]
[1.0, 0.15027806974947452, 0.8497219302505254]
[1.0, 0.10458148378878832, 0.8954185162112117]
[1.0, 0.13059378653764725, 0.8694062134623528]
[1.0, 0.1169920264184475, 0.8830079735815525]
[1.0, 0.1331573297083378, 0.8668426702916622]
[1.0, 0.10636770710349083, 0.8936322928965091]
[1.0, 0.11538270361721516, 0.8846172963827849]
[1.0, 0.11989773873239756, 0.8801022612676024]
[1.0, 0.08210227120667696, 0.917897728793323]
[1.0, 0.13938053742051124, 0.8606194625794887]
[1.0, 0.10129288738593459, 0.8987071126140654]
[1.0, 0.132744108363986, 0.867255891636014]
[1.0, 0.18349494829773902, 0.816505051702261]
[1.0, 0.13381120722740888, 0.8661887927725911]
[1.0, 0.12174913246184588, 0.8782508675381542]
[1.0, 0.2344155190885067, 0.7655844809114933]
[1.0, 0.19503873102366925, 0.8049612689763308]
[1.0, 0.20453854564577342, 0.7954614543542265]
[1.0, 0.25859458357095716, 0.7414054164290429]
[1.0, 0.31225120471790435, 0.6877487952820956]
[1.0, 0.1547848284430802, 0.8452151715569198]
[1.0, 0.22227099880576134, 0.7777290011942386]
[1.0, 0.17196815164759754, 0.8280318483524025]
[1.0, 0.17545065708458424, 0.8245493429154158]
[1.0, 0.21834220975637436, 0.7816577902436257]
[1.0, 0.39797257252037527, 0.6020274274796247]
[1.0, 0.404208248257637, 0.595791751742363]
[1.0, 0.36753268659114835, 0.6324673134088517]
[1.0, 0.2849492278136313, 0.7150507721863687]
[1.0, 0.2038757509365678, 0.7961242490634322]
[1.0, 0.1248003401607275, 0.8751996598392725]
[1.0, 0.12479365538805723, 0.8752063446119428]
[1.0, 0.25151652567088606, 0.748483474329114]
[1.0, 0.1519295644760132, 0.8480704355239868]
[1.0, 0.2513509833626449, 0.7486490166373552]
[1.0, 0.11911062771454453, 0.8808893722854555]
[1.0, 0.269740196429193, 0.730259803570807]
[1.0, 0.1662521830573678, 0.8337478169426322]
[1.0, 0.24992734588682652, 0.7500726541131735]
[1.0, 0.21565564695745706, 0.7843443530425429]
[1.0, 0.1634812931716442, 0.8365187068283558]
[1.0, 0.36961459133774044, 0.6303854086622596]
[1.0, 0.23922270119190217, 0.7607772988080979]
[1.0, 0.24649204522371293, 0.7535079547762871]
[1.0, 0.20260553896427155, 0.7973944610357284]
[1.0, 0.30096879303455354, 0.6990312069654465]
[1.0, 0.3772250501438975, 0.6227749498561025]
[1.0, 0.3263310139626265, 0.6736689860373735]
[1.0, 0.33291927177459, 0.66708072822541]
[1.0, 0.22881107047200203, 0.771188929527998]
[1.0, 0.19455754697322847, 0.8054424530267715]
[1.0, 0.09911019369959831, 0.9008898063004017]
[1.0, 0.17198009472340345, 0.8280199052765965]
[1.0, 0.08027309980243444, 0.9197269001975655]
[1.0, 0.09435773730278015, 0.9056422626972198]
[1.0, 0.08641989145427942, 0.9135801085457206]
[1.0, 0.10033877652138472, 0.8996612234786153]
[1.0, 0.1409307010099292, 0.8590692989900708]
[1.0, 0.08368769839406014, 0.9163123016059399]
[1.0, 0.08897148098796606, 0.911028519012034]
[1.0, 0.05052936479449272, 0.9494706352055072]
[1.0, 0.03979765750467777, 0.9602023424953222]
[1.0, 0.04052936479449272, 0.9594706352055072]
[1.0, 0.05051589880138636, 0.9494841011986136]
[1.0, 0.05457191810011864, 0.9454280818998814]
[1.0, 0.14874400913715363, 0.8512559908628463]
[1.0, 0.05248858481645584, 0.9475114151835442]
[1.0, 0.08687955189496278, 0.9131204481050372]
[1.0, 0.08731399223208428, 0.9126860077679158]
[1.0, 0.05027924943715334, 0.9497207505628467]
[1.0, 0.04104773335158825, 0.9589522666484117]
[1.0, 0.05315337378531695, 0.9468466262146831]
[1.0, 0.06914256561547517, 0.9308574343845248]
[1.0, 0.05484502423554659, 0.9451549757644534]
[1.0, 0.08330947134643793, 0.916690528653562]
[1.0, 0.07066425368189812, 0.9293357463181019]
[1.0, 0.0932787598669529, 0.9067212401330471]
[1.0, 0.0765444727241993, 0.9234555272758007]
[1.0, 0.05455613508820534, 0.9454438649117947]
[1.0, 0.028537149876356124, 0.9714628501236439]
[1.0, 0.04185194540768862, 0.9581480545923113]
[1.0, 0.03482523746788502, 0.965174762532115]
[1.0, 0.052394499965012074, 0.9476055000349879]
[1.0, 0.07984168972820044, 0.9201583102717996]
[1.0, 0.04416057713329792, 0.9558394228667021]
[1.0, 0.053416013903915885, 0.9465839860960841]
[1.0, 0.04487486287951469, 0.9551251371204853]
[1.0, 0.042327359411865474, 0.9576726405881345]
[1.0, 0.07990290865302085, 0.9200970913469791]
[1.0, 0.12696319922804833, 0.8730368007719517]
[1.0, 0.13656043738126755, 0.8634395626187324]
[1.0, 0.04328343192115426, 0.9567165680788458]
[1.0, 0.03405315764248371, 0.9659468423575163]
[1.0, 0.03846285479143262, 0.9615371452085674]
[1.0, 0.06228796141222119, 0.9377120385877789]
[1.0, 0.23714253723621367, 0.7628574627637863]
[1.0, 0.13913483845070004, 0.8608651615492999]
[1.0, 0.22088957235217094, 0.7791104276478291]
[1.0, 0.0990007066912949, 0.9009992933087051]
[1.0, 0.09040098518133163, 0.9095990148186683]
[1.0, 0.04796957481652498, 0.952030425183475]
[1.0, 0.10890909852460026, 0.8910909014753997]
[1.0, 0.06867060797289014, 0.9313293920271098]
[1.0, 0.0669959071278572, 0.9330040928721428]
[1.0, 0.06260863363742829, 0.9373913663625717]
[1.0, 0.057375610359013084, 0.9426243896409869]
[1.0, 0.11035009564831853, 0.8896499043516815]
[1.0, 0.14440028384327888, 0.8555997161567211]
[1.0, 0.1826480432227254, 0.8173519567772746]
[0.0, 0.8645860560238361, 0.1354139439761639]
[0.0, 0.9449362686276436, 0.05506373137235643]
[0.0, 0.9170624969154596, 0.0829375030845404]
[0.0, 0.9061584806442261, 0.0938415193557739]
[0.0, 0.8573429483175278, 0.14265705168247222]
[0.0, 0.9143633088469505, 0.0856366911530495]
[0.0, 0.8224852892942727, 0.17751471070572733]
[0.0, 0.901864442229271, 0.09813555777072902]
[0.0, 0.8951179465651512, 0.1048820534348488]
[0.0, 0.7075342094898224, 0.2924657905101776]
[0.0, 0.8287952661514282, 0.17120473384857182]
[0.0, 0.8993619722127915, 0.10063802778720854]
[0.0, 0.9054517474770546, 0.09454825252294541]
[0.0, 0.9085195124149322, 0.09148048758506777]
[0.0, 0.9055718818306923, 0.09442811816930774]
[0.0, 0.8977780692279339, 0.1022219307720661]
[0.0, 0.952570622265339, 0.04742937773466105]
[0.0, 0.9203955221176148, 0.07960447788238523]
[0.0, 0.8690709780156612, 0.13092902198433876]
[0.0, 0.9233351728320122, 0.07666482716798784]
[0.0, 0.8972451357543468, 0.10275486424565317]
[0.0, 0.8556951512396336, 0.14430484876036642]
[0.0, 0.9471857346594333, 0.05281426534056666]
[0.0, 0.9134261703491211, 0.0865738296508789]
[0.0, 0.9471523463726044, 0.05284765362739563]
[0.0, 0.9323617574572564, 0.06763824254274364]
[0.0, 0.9397985726594925, 0.060201427340507485]
[0.0, 0.9149087870121002, 0.08509121298789979]
[0.0, 0.9273425120115281, 0.07265748798847194]
[0.0, 0.9005841931700707, 0.09941580682992934]
[0.0, 0.8830626657605172, 0.11693733423948283]
[0.0, 0.8976042091846466, 0.10239579081535344]
[0.0, 0.8957650062441825, 0.10423499375581746]
[0.0, 0.8747161161899567, 0.1252838838100433]
[0.0, 0.8837189448624849, 0.11628105513751508]
[0.0, 0.8452659192681312, 0.15473408073186878]
[0.0, 0.874013055562973, 0.12598694443702696]
[0.0, 0.8779626575112343, 0.12203734248876574]
[0.0, 0.8370527991652489, 0.16294720083475112]
[0.0, 0.8509068915992976, 0.14909310840070245]
[0.0, 0.8892980900406837, 0.11070190995931628]
[0.0, 0.8588649207353591, 0.14113507926464086]
[0.0, 0.8368919591605664, 0.16310804083943364]
[0.0, 0.853695607483387, 0.14630439251661298]
[0.0, 0.851613711193204, 0.14838628880679605]
[0.0, 0.8893953102827072, 0.11060468971729276]
[0.0, 0.8382048457860947, 0.16179515421390533]
[0.0, 0.8497015836834908, 0.1502984163165092]
[0.0, 0.8844936591386795, 0.1155063408613205]
[0.0, 0.8310123983770609, 0.16898760162293913]
[0.0, 0.8424533924460411, 0.15754660755395888]
[0.0, 0.8396468141674995, 0.16035318583250047]
[0.0, 0.8354636406898499, 0.1645363593101501]
[0.0, 0.7128795330971479, 0.2871204669028521]
[0.0, 0.8735031560063362, 0.1264968439936638]
[0.0, 0.8353319203853607, 0.16466807961463925]
[0.0, 0.8940500435233116, 0.10594995647668837]
[0.0, 0.7935623833537102, 0.2064376166462898]
[0.0, 0.6912930716574192, 0.30870692834258084]
[0.0, 0.7966671480238438, 0.20333285197615625]
[0.0, 0.8492156381905079, 0.15078436180949206]
[0.0, 0.8409643544256687, 0.15903564557433125]
[0.0, 0.8216642853617668, 0.17833571463823317]
[0.0, 0.8330362212657928, 0.1669637787342072]
[0.0, 0.8422981098294258, 0.15770189017057423]
[0.0, 0.8632400378584861, 0.13675996214151387]
[0.0, 0.8614016650617122, 0.13859833493828777]
[0.0, 0.8979043474793434, 0.10209565252065655]
[0.0, 0.8627316414937377, 0.1372683585062623]
[0.0, 0.8351170568168164, 0.16488294318318364]
[0.0, 0.9217252153158187, 0.07827478468418125]
[0.0, 0.8969636726379394, 0.10303632736206059]
[0.0, 0.9165121787786483, 0.08348782122135168]
[0.0, 0.8932185509800911, 0.10678144901990894]
[0.0, 0.8925237234681844, 0.10747627653181557]
[0.0, 0.8705617363750935, 0.1294382636249065]
[0.0, 0.8822477912902832, 0.11775220870971681]
[0.0, 0.8470023959875107, 0.1529976040124893]
[0.0, 0.7789615559577941, 0.22103844404220585]
[0.0, 0.9065428856015205, 0.09345711439847948]
[0.0, 0.8752426919341088, 0.12475730806589125]
[0.0, 0.8283089199662208, 0.1716910800337792]
[0.0, 0.8954064267873764, 0.10459357321262364]
[0.0, 0.8777394413948059, 0.12226055860519414]
[0.0, 0.9197030751407147, 0.0802969248592853]
[0.0, 0.8511454012989997, 0.14885459870100026]
[0.0, 0.8702780520915985, 0.12972194790840152]
[0.0, 0.8938415521383285, 0.1061584478616715]
[0.0, 0.843246768116951, 0.15675323188304902]
[0.0, 0.9504988330602646, 0.049501166939735386]
[0.0, 0.9743286204338074, 0.025671379566192587]
[0.0, 0.9564537400007248, 0.043546259999275194]
[0.0, 0.9267230069637299, 0.07327699303627011]
[1.0, 0.160700596049428, 0.839299403950572]
[1.0, 0.14073400363326072, 0.8592659963667393]
[1.0, 0.29616737375035884, 0.7038326262496412]
[1.0, 0.257545750066638, 0.742454249933362]
[1.0, 0.40193968527019025, 0.5980603147298098]
[1.0, 0.3080589421838522, 0.6919410578161478]
[0.0, 0.7917687305808068, 0.20823126941919323]
[0.0, 0.8695471674203873, 0.1304528325796127]
[0.0, 0.8880698132514954, 0.11193018674850463]
[0.0, 0.8661584669351577, 0.13384153306484226]
[0.0, 0.8698179970681668, 0.13018200293183324]
[0.0, 0.8710808893293143, 0.12891911067068573]
[0.0, 0.8844025832414627, 0.1155974167585373]
[0.0, 0.8160571905970574, 0.1839428094029426]
[0.0, 0.8883328479528427, 0.11166715204715727]
[0.0, 0.8920984935760498, 0.10790150642395024]
[0.0, 0.9021660816669465, 0.09783391833305355]
[0.0, 0.882544694840908, 0.11745530515909197]
[0.0, 0.8462624470889568, 0.15373755291104318]
[0.0, 0.8462111936509609, 0.15378880634903913]
[0.0, 0.8537236309051514, 0.14627636909484865]
[0.0, 0.8563611292839051, 0.14363887071609494]
[0.0, 0.7937112414836883, 0.20628875851631168]
[0.0, 0.7939957393705845, 0.20600426062941546]
[0.0, 0.7276776020973921, 0.2723223979026079]
[0.0, 0.8086208336055278, 0.19137916639447217]
[0.0, 0.8132602819800376, 0.18673971801996236]
[0.0, 0.831091516315937, 0.16890848368406297]
[0.0, 0.8581589809060097, 0.14184101909399027]
[0.0, 0.7232257755845786, 0.27677422441542143]
[0.0, 0.9113658240437508, 0.08863417595624923]
[0.0, 0.888391073346138, 0.11160892665386202]
[0.0, 0.9393883118033409, 0.060611688196659075]
[0.0, 0.937444944679737, 0.06255505532026295]
[0.0, 0.9088932737708092, 0.0911067262291908]
[1.0, 0.32727029830217363, 0.6727297016978264]
[1.0, 0.28404281750321386, 0.7159571824967861]
[1.0, 0.4597378019243479, 0.5402621980756521]
[1.0, 0.30158874168992045, 0.6984112583100796]
[1.0, 0.36853603515774014, 0.6314639648422599]
[1.0, 0.3170009206235409, 0.6829990793764591]
[1.0, 0.3697023195028305, 0.6302976804971695]
[1.0, 0.2648870849609375, 0.7351129150390625]
[0.0, 0.8697311183810235, 0.13026888161897654]
[0.0, 0.8402652686834335, 0.15973473131656646]
[0.0, 0.9049944025278092, 0.09500559747219084]
[0.0, 0.8007943220436573, 0.1992056779563427]
[0.0, 0.8821040067076683, 0.11789599329233169]
[0.0, 0.8191613290831447, 0.18083867091685535]
[0.0, 0.7717654205858707, 0.22823457941412928]
[0.0, 0.851681053340435, 0.14831894665956502]
[0.0, 0.84568294942379, 0.15431705057621004]
[0.0, 0.8368015179783106, 0.1631984820216894]
[0.0, 0.8562790217995644, 0.1437209782004356]
[0.0, 0.8432234121859074, 0.15677658781409265]
[0.0, 0.8215381863713265, 0.17846181362867353]
[0.0, 0.8528298971056938, 0.1471701028943062]
[0.0, 0.8650726364552974, 0.13492736354470258]
[0.0, 0.8488345038890839, 0.15116549611091612]
[0.0, 0.9064704251289367, 0.09352957487106328]
[0.0, 0.8391307891905307, 0.16086921080946925]
[0.0, 0.8315308356285095, 0.1684691643714905]
[0.0, 0.8414278337359429, 0.15857216626405712]
[0.0, 0.8783114028722048, 0.12168859712779523]
[0.0, 0.7816311108320951, 0.21836888916790487]
[0.0, 0.8923303306102752, 0.10766966938972478]
[0.0, 0.8917112678289414, 0.10828873217105861]
[0.0, 0.8545945304632186, 0.14540546953678135]
[0.0, 0.8473929667472839, 0.15260703325271607]
[0.0, 0.788671150431037, 0.21132884956896303]
[0.0, 0.8055363908410073, 0.19446360915899275]
[0.0, 0.8666872295737267, 0.13331277042627332]
[0.0, 0.7670621754229069, 0.2329378245770931]
[0.0, 0.6723132907599211, 0.3276867092400789]
[0.0, 0.7574984014779329, 0.2425015985220671]
[0.0, 0.8726138886809349, 0.12738611131906508]
[0.0, 0.7126134085655212, 0.28738659143447876]
[0.0, 0.8508186304569244, 0.1491813695430756]
[0.0, 0.7254552318155766, 0.2745447681844234]
[0.0, 0.8771714225411416, 0.12282857745885845]
[0.0, 0.8150997073203325, 0.18490029267966746]
[0.0, 0.8315089081227779, 0.1684910918772221]
[0.0, 0.8440367388725281, 0.15596326112747194]
[0.0, 0.7655288758873939, 0.23447112411260607]
[0.0, 0.8168057137727738, 0.18319428622722622]
[0.0, 0.8546281240880489, 0.1453718759119511]
[0.0, 0.7175285972654819, 0.2824714027345181]
[0.0, 0.7004967302829027, 0.2995032697170973]
[0.0, 0.8157738226652146, 0.1842261773347854]
[0.0, 0.7938734978437424, 0.2061265021562576]
[0.0, 0.7412304024398327, 0.25876959756016726]
[0.0, 0.8467933687567711, 0.15320663124322886]
[0.0, 0.8257954928278923, 0.17420450717210767]
[0.0, 0.7986100196838379, 0.20138998031616206]
[0.0, 0.8658882194757461, 0.13411178052425388]
[0.0, 0.8467471557855606, 0.1532528442144394]
[0.0, 0.7220140905678272, 0.27798590943217283]
[0.0, 0.703537069670856, 0.29646293032914395]
[0.0, 0.8098343783617019, 0.1901656216382981]
[0.0, 0.7992372019588947, 0.2007627980411053]
[0.0, 0.7151975125819444, 0.2848024874180556]
[0.0, 0.8584660845994949, 0.14153391540050508]
[0.0, 0.8753160913288593, 0.12468390867114065]
[0.0, 0.7854810932278633, 0.2145189067721367]
[0.0, 0.8959744302928447, 0.10402556970715526]
[0.0, 0.8307378901541234, 0.16926210984587664]
[0.0, 0.7891820830106735, 0.2108179169893265]
[0.0, 0.739706067442894, 0.260293932557106]
[0.0, 0.7558414471894502, 0.24415855281054977]
[0.0, 0.8060587348788977, 0.19394126512110232]
[0.0, 0.7568633326143026, 0.2431366673856974]
[0.0, 0.7736612325161696, 0.22633876748383042]
[0.0, 0.7126189758628607, 0.2873810241371393]
[0.0, 0.8399964629113674, 0.16000353708863257]
[0.0, 0.7156403645128012, 0.2843596354871988]
[0.0, 0.8230644610524177, 0.1769355389475823]
[0.0, 0.8296562172472477, 0.1703437827527523]
[0.0, 0.8483810120820999, 0.15161898791790007]
[0.0, 0.8428468335419893, 0.1571531664580107]
[0.0, 0.8198317816853523, 0.1801682183146477]
[0.0, 0.6892420783638954, 0.3107579216361046]
[0.0, 0.8510985514521598, 0.14890144854784015]
[0.0, 0.8871643168106675, 0.11283568318933246]
[0.0, 0.8395229910314083, 0.16047700896859174]
[0.0, 0.8442316591739655, 0.15576834082603452]
[0.0, 0.7660928980819881, 0.2339071019180119]
[0.0, 0.9060224002599716, 0.0939775997400284]
[0.0, 0.8900384819507599, 0.10996151804924015]
[0.0, 0.896960831284523, 0.10303916871547703]
[0.0, 0.8790290558338165, 0.12097094416618348]
[0.0, 0.7467594376951456, 0.25324056230485437]
[0.0, 0.7915903323888779, 0.20840966761112212]
[0.0, 0.7829094840586186, 0.2170905159413814]
[0.0, 0.7178249308466911, 0.2821750691533089]
[0.0, 0.6959199072420597, 0.30408009275794035]
[0.0, 0.8686149829626083, 0.1313850170373917]
[0.0, 0.7076906258612872, 0.29230937413871283]
[0.0, 0.8767509761452675, 0.12324902385473246]
[0.0, 0.8058943423628807, 0.1941056576371193]
[0.0, 0.6932043980807066, 0.30679560191929345]
[0.0, 0.8553262010216713, 0.14467379897832866]
[0.0, 0.7621070474386216, 0.23789295256137843]
[0.0, 0.870854355096817, 0.12914564490318303]
[0.0, 0.8262159191071987, 0.17378408089280128]
[0.0, 0.8811027012765408, 0.11889729872345922]
[0.0, 0.8358178754150868, 0.1641821245849132]
[0.0, 0.9523225390911102, 0.0476774609088898]
[0.0, 0.8865551501512527, 0.11344484984874725]
[0.0, 0.9404959625005722, 0.059504037499427787]
[0.0, 0.9187713364511728, 0.08122866354882718]
[0.0, 0.9556254082918167, 0.04437459170818325]
[0.0, 0.9275590163469315, 0.0724409836530685]
[0.0, 0.9450398552417755, 0.05496014475822453]
[0.0, 0.9554063016176224, 0.04459369838237759]
[0.0, 0.9664040124416351, 0.033595987558364904]
[0.0, 0.7545209901034832, 0.24547900989651683]
[0.0, 0.9509128534793854, 0.04908714652061463]
[0.0, 0.9639336621761322, 0.03606633782386781]
[0.0, 0.9106532588601113, 0.08934674113988872]
[0.0, 0.9229974517226219, 0.07700254827737807]
[0.0, 0.9047835129499435, 0.09521648705005648]
[0.0, 0.9124712362885475, 0.08752876371145246]
[0.0, 0.9567410016059875, 0.04325899839401248]
[0.0, 0.9585948747396469, 0.041405125260353115]
[0.0, 0.9693122977018356, 0.03068770229816442]
[0.0, 0.9598574554920196, 0.04014254450798038]
[0.0, 0.8479868513345719, 0.15201314866542814]
[0.0, 0.9704748249053955, 0.029525175094604506]
[0.0, 0.9269292221963406, 0.07307077780365945]
[0.0, 0.966514048576355, 0.033485951423644966]
[0.0, 0.9583324547111988, 0.04166754528880123]
[0.0, 0.963605455160141, 0.036394544839859044]
[0.0, 0.8700940015912056, 0.12990599840879435]
[0.0, 0.9500814464688301, 0.04991855353116992]
[0.0, 0.9468371191620827, 0.053162880837917315]
[0.0, 0.9480399706959725, 0.051960029304027544]
[0.0, 0.9658158600330353, 0.03418413996696468]
[0.0, 0.9391782283782959, 0.0608217716217041]
[0.0, 0.9054279991984368, 0.09457200080156325]
[0.0, 0.9672625237703323, 0.03273747622966772]
[0.0, 0.9607006108760834, 0.03929938912391662]
[0.0, 0.7908507558703423, 0.20914924412965774]
[0.0, 0.966915854215622, 0.033084145784378016]
[0.0, 0.9716331171989441, 0.028366882801055926]
[0.0, 0.8901350536942482, 0.10986494630575183]
[0.0, 0.9319649316370487, 0.06803506836295126]
[0.0, 0.8742927795648575, 0.12570722043514249]
[0.0, 0.9649649792909623, 0.035035020709037745]
[0.0, 0.9273689445853234, 0.07263105541467663]
[0.0, 0.9042417365312576, 0.09575826346874239]
[0.0, 0.958810237646103, 0.04118976235389704]
[0.0, 0.8908823162317276, 0.10911768376827236]
[0.0, 0.9172811436653138, 0.08271885633468623]
[0.0, 0.7953613407164812, 0.20463865928351876]
[0.0, 0.9402134948968888, 0.05978650510311123]
[0.0, 0.8849275887385011, 0.11507241126149892]
[0.0, 0.8480162441730499, 0.15198375582695012]
[0.0, 0.9281900364160538, 0.0718099635839462]
[0.0, 0.8984443234279752, 0.1015556765720248]
[0.0, 0.8666504886746407, 0.13334951132535933]
[0.0, 0.879516818523407, 0.12048318147659298]
[0.0, 0.887092805057764, 0.112907194942236]
[0.0, 0.8949118548631668, 0.10508814513683318]
[0.0, 0.9528694117069244, 0.04713058829307559]
[0.0, 0.9620086055994034, 0.03799139440059662]
[0.0, 0.9501613849401473, 0.04983861505985265]
[0.0, 0.8722295564413071, 0.12777044355869294]
[0.0, 0.8863526409864426, 0.11364735901355738]
[0.0, 0.7872145737707615, 0.21278542622923846]
[0.0, 0.8113046258687973, 0.18869537413120274]
[0.0, 0.8854717212915421, 0.11452827870845794]
[0.0, 0.8647367540001869, 0.1352632459998131]
[0.0, 0.7746222658455372, 0.22537773415446283]
[1.0, 0.39091078549623487, 0.6090892145037652]
[1.0, 0.17906671702861787, 0.8209332829713821]
[1.0, 0.23237165376544, 0.76762834623456]
[1.0, 0.3149766181409359, 0.6850233818590641]
[1.0, 0.22855373077094554, 0.7714462692290545]
[1.0, 0.10415152996778489, 0.8958484700322151]
[1.0, 0.13443388879299165, 0.8655661112070083]
[1.0, 0.14006513029336928, 0.8599348697066307]
[1.0, 0.22159237951040267, 0.7784076204895973]
[1.0, 0.28012149780988693, 0.7198785021901131]
[0.0, 0.901545532643795, 0.098454467356205]
[0.0, 0.8368708361685276, 0.16312916383147236]
[0.0, 0.8235225404798985, 0.17647745952010152]
[0.0, 0.8552695133537054, 0.14473048664629462]
[0.0, 0.6702565556392074, 0.3297434443607926]
[0.0, 0.7790790285542607, 0.2209209714457393]
[0.0, 0.7816950513422489, 0.21830494865775107]
[0.0, 0.7395968851074577, 0.2604031148925423]
[0.0, 0.8044571383297443, 0.1955428616702557]
[0.0, 0.8148886068165302, 0.1851113931834698]
[0.0, 0.8520635795593262, 0.1479364204406738]
[0.0, 0.7864142279326916, 0.21358577206730844]
[0.0, 0.7960534428060054, 0.20394655719399457]
[0.0, 0.8419453617930412, 0.15805463820695875]
[0.0, 0.8230544337630272, 0.17694556623697277]
[0.0, 0.8832908606529236, 0.11670913934707638]
[0.0, 0.8532404422760009, 0.14675955772399907]
[0.0, 0.8670337018370629, 0.13296629816293715]
[0.0, 0.8152220347523689, 0.18477796524763113]
[0.0, 0.8795136371999979, 0.12048636280000213]
[0.0, 0.9227031081914902, 0.07729689180850985]
[0.0, 0.8539997035264969, 0.1460002964735031]
[0.0, 0.735825656838715, 0.26417434316128496]
[0.0, 0.8361113744974137, 0.16388862550258632]
[0.0, 0.8111552999913693, 0.18884470000863074]
[0.0, 0.7380120225250721, 0.26198797747492786]
[0.0, 0.9283612799644471, 0.07163872003555294]
[0.0, 0.8808545318245887, 0.11914546817541127]
[0.0, 0.9489055871963501, 0.0510944128036499]
[0.0, 0.9416744604706764, 0.05832553952932362]
[0.0, 0.9362215748429299, 0.0637784251570701]
[0.0, 0.9023464834690094, 0.09765351653099064]
[0.0, 0.9118158110976219, 0.08818418890237811]
[0.0, 0.9572492524981498, 0.04275074750185015]
[0.0, 0.9335202369093895, 0.06647976309061054]
[0.0, 0.9066625300049782, 0.0933374699950218]
[0.0, 0.9487127810716629, 0.0512872189283371]
[0.0, 0.9419368946552277, 0.058063105344772326]
[0.0, 0.9550358918309212, 0.04496410816907881]
[0.0, 0.9475076296925544, 0.05249237030744558]
[0.0, 0.9644448953866959, 0.035555104613304134]
[0.0, 0.921543405354023, 0.07845659464597698]
[0.0, 0.9377424934506416, 0.062257506549358355]
[0.0, 0.9640902081131935, 0.03590979188680654]
[0.0, 0.9559711366891861, 0.044028863310813904]
[0.0, 0.9426289278268815, 0.05737107217311854]
[0.0, 0.902267824113369, 0.09773217588663097]
[0.0, 0.9165009590983391, 0.08349904090166094]
[0.0, 0.9115336474776268, 0.08846635252237323]
[0.0, 0.8868167525529862, 0.1131832474470138]
[0.0, 0.9256092765927315, 0.07439072340726849]
[0.0, 0.9487370890378952, 0.05126291096210478]
[0.0, 0.9464219576120376, 0.05357804238796238]
[0.0, 0.9578085762262344, 0.04219142377376561]
[0.0, 0.9078632766008377, 0.09213672339916235]
[0.0, 0.9199353575706481, 0.08006464242935185]
[0.0, 0.8555393180251122, 0.14446068197488782]
[0.0, 0.9384535512328148, 0.06154644876718518]
[0.0, 0.8919669538736343, 0.10803304612636566]
[0.0, 0.9162400782108306, 0.08375992178916936]
[0.0, 0.8594479770213366, 0.14055202297866343]
[0.0, 0.9059156739711761, 0.09408432602882388]
[0.0, 0.8535084374248981, 0.14649156257510187]
[0.0, 0.8917661625146865, 0.10823383748531346]
[0.0, 0.9279022240638732, 0.07209777593612676]
[0.0, 0.8515964180231095, 0.14840358197689052]
[0.0, 0.8670304305106401, 0.1329695694893599]
[0.0, 0.895983519256115, 0.10401648074388503]
[0.0, 0.8388545009307563, 0.1611454990692437]
[0.0, 0.8728232863545418, 0.12717671364545824]
[0.0, 0.9078026640415192, 0.09219733595848079]
[0.0, 0.9008795794844627, 0.09912042051553727]
[0.0, 0.8691992950439453, 0.13080070495605467]
[0.0, 0.8146105505526066, 0.18538944944739344]
[0.0, 0.8096375301480293, 0.1903624698519707]
[0.0, 0.7904678594321013, 0.2095321405678987]
[0.0, 0.7767036831378937, 0.22329631686210627]
[0.0, 0.8503689974546432, 0.14963100254535677]
[0.0, 0.749253999479115, 0.250746000520885]
[0.0, 0.8362793815135956, 0.1637206184864044]
[0.0, 0.8424855528771877, 0.15751444712281226]
[0.0, 0.8344049574434758, 0.16559504255652424]
[0.0, 0.855914106965065, 0.14408589303493502]
[0.0, 0.8251026239991188, 0.17489737600088118]
[0.0, 0.8579723257571459, 0.14202767424285412]
[0.0, 0.7913663319125771, 0.2086336680874229]
[0.0, 0.8334647339582443, 0.16653526604175573]
[0.0, 0.7565165351331234, 0.24348346486687655]
[0.0, 0.8427488968521356, 0.1572511031478644]
[0.0, 0.8898475167155265, 0.11015248328447347]
[0.0, 0.9577346268296242, 0.04226537317037582]
[0.0, 0.9544010597467423, 0.045598940253257725]
[0.0, 0.9344783809781074, 0.06552161902189257]
[0.0, 0.8629698058962822, 0.13703019410371775]
[0.0, 0.8549709403514862, 0.14502905964851376]
[0.0, 0.760146571919322, 0.239853428080678]
[1.0, 0.16274769600480796, 0.837252303995192]
[1.0, 0.23700178764760493, 0.7629982123523951]
[1.0, 0.21950661815702915, 0.7804933818429709]
