[0.0, 0.6793322825059295, 0.3206677174940705]
[0.0, 0.5694596886634826, 0.4305403113365174]
[0.0, 0.5694596886634826, 0.4305403113365174]
[0.0, 0.5694596886634826, 0.4305403113365174]
java.lang.ArrayIndexOutOfBoundsException
java.lang.ArrayIndexOutOfBoundsException
java.lang.ArrayIndexOutOfBoundsException
java.lang.ArrayIndexOutOfBoundsException
java.lang.ArrayIndexOutOfBoundsException
java.lang.ArrayIndexOutOfBoundsException
java.lang.ArrayIndexOutOfBoundsException
java.lang.ArrayIndexOutOfBoundsException
java.lang.ArrayIndexOutOfBoundsException
java.lang.ArrayIndexOutOfBoundsException
java.lang.ArrayIndexOutOfBoundsException
java.lang.ArrayIndexOutOfBoundsException
java.lang.ArrayIndexOutOfBoundsException
java.lang.ArrayIndexOutOfBoundsException
[0.0, 0.8283350759744644, 0.17166492402553557]
[0.0, 0.8283350759744644, 0.17166492402553557]
[0.0, 0.8283350759744644, 0.17166492402553557]
[0.0, 0.8283350759744644, 0.17166492402553557]
[0.0, 0.8283350759744644, 0.17166492402553557]
[0.0, 0.8283350759744644, 0.17166492402553557]
[0.0, 0.8283350759744644, 0.17166492402553557]
[0.0, 0.8283350759744644, 0.17166492402553557]
[0.0, 0.8283350759744644, 0.17166492402553557]
[0.0, 0.8283350759744644, 0.17166492402553557]
[0.0, 0.8283350759744644, 0.17166492402553557]
[0.0, 0.8283350759744644, 0.17166492402553557]
[0.0, 0.8283350759744644, 0.17166492402553557]
[0.0, 0.8283350759744644, 0.17166492402553557]
[0.0, 0.8283350759744644, 0.17166492402553557]
[0.0, 0.8283350759744644, 0.17166492402553557]
[0.0, 0.8283350759744644, 0.17166492402553557]
[0.0, 0.8283350759744644, 0.17166492402553557]
[0.0, 0.8283350759744644, 0.17166492402553557]
[0.0, 0.8283350759744644, 0.17166492402553557]
java.lang.ArrayIndexOutOfBoundsException
