[0.0, 0.9950668981548615, 4.988756763300433E-4, 0.0017180509096674523, 1.6587931832476305E-4, 3.756791628405237E-4, 0.0, 4.492527405593114E-5, 0.002129691503919675]
[0.0, 0.8710440871877171, 0.07741188357153997, 0.05144996148360544, 9.406775713750598E-5, 0.0, 0.0, 0.0, 0.0]
[0.0, 0.7202803712206655, 0.17164639754951064, 0.10807323122982379, 0.0, 0.0, 0.0, 0.0, 0.0]
[0.0, 0.864872257305989, 0.0891723095309959, 0.04595543316301515, 0.0, 0.0, 0.0, 0.0, 0.0]
java.lang.ArrayIndexOutOfBoundsException
java.lang.ArrayIndexOutOfBoundsException
java.lang.ArrayIndexOutOfBoundsException
java.lang.ArrayIndexOutOfBoundsException
java.lang.ArrayIndexOutOfBoundsException
java.lang.ArrayIndexOutOfBoundsException
java.lang.ArrayIndexOutOfBoundsException
java.lang.ArrayIndexOutOfBoundsException
java.lang.ArrayIndexOutOfBoundsException
[0.0, 0.7195337254582329, 0.05948015753859902, 0.21367845817281836, 0.0020453436398469656, 0.001772649397621617, 0.0030641001353867814, 4.255656574943142E-4, 0.0]
[0.0, 0.7195337254582329, 0.05948015753859902, 0.21367845817281836, 0.0020453436398469656, 0.001772649397621617, 0.0030641001353867814, 4.255656574943142E-4, 0.0]
[0.0, 0.7195337254582329, 0.05948015753859902, 0.21367845817281836, 0.0020453436398469656, 0.001772649397621617, 0.0030641001353867814, 4.255656574943142E-4, 0.0]
[0.0, 0.7195337254582329, 0.05948015753859902, 0.21367845817281836, 0.0020453436398469656, 0.001772649397621617, 0.0030641001353867814, 4.255656574943142E-4, 0.0]
[0.0, 0.7195337254582329, 0.05948015753859902, 0.21367845817281836, 0.0020453436398469656, 0.001772649397621617, 0.0030641001353867814, 4.255656574943142E-4, 0.0]
[0.0, 0.7195337254582329, 0.05948015753859902, 0.21367845817281836, 0.0020453436398469656, 0.001772649397621617, 0.0030641001353867814, 4.255656574943142E-4, 0.0]
[0.0, 0.7195337254582329, 0.05948015753859902, 0.21367845817281836, 0.0020453436398469656, 0.001772649397621617, 0.0030641001353867814, 4.255656574943142E-4, 0.0]
[0.0, 0.7195337254582329, 0.05948015753859902, 0.21367845817281836, 0.0020453436398469656, 0.001772649397621617, 0.0030641001353867814, 4.255656574943142E-4, 0.0]
[0.0, 0.7195337254582329, 0.05948015753859902, 0.21367845817281836, 0.0020453436398469656, 0.001772649397621617, 0.0030641001353867814, 4.255656574943142E-4, 0.0]
[0.0, 0.7195337254582329, 0.05948015753859902, 0.21367845817281836, 0.0020453436398469656, 0.001772649397621617, 0.0030641001353867814, 4.255656574943142E-4, 0.0]
[0.0, 0.7195337254582329, 0.05948015753859902, 0.21367845817281836, 0.0020453436398469656, 0.001772649397621617, 0.0030641001353867814, 4.255656574943142E-4, 0.0]
[0.0, 0.7195337254582329, 0.05948015753859902, 0.21367845817281836, 0.0020453436398469656, 0.001772649397621617, 0.0030641001353867814, 4.255656574943142E-4, 0.0]
[0.0, 0.7195337254582329, 0.05948015753859902, 0.21367845817281836, 0.0020453436398469656, 0.001772649397621617, 0.0030641001353867814, 4.255656574943142E-4, 0.0]
[0.0, 0.7195337254582329, 0.05948015753859902, 0.21367845817281836, 0.0020453436398469656, 0.001772649397621617, 0.0030641001353867814, 4.255656574943142E-4, 0.0]
[0.0, 0.7195337254582329, 0.05948015753859902, 0.21367845817281836, 0.0020453436398469656, 0.001772649397621617, 0.0030641001353867814, 4.255656574943142E-4, 0.0]
[0.0, 0.7195337254582329, 0.05948015753859902, 0.21367845817281836, 0.0020453436398469656, 0.001772649397621617, 0.0030641001353867814, 4.255656574943142E-4, 0.0]
[0.0, 0.7195337254582329, 0.05948015753859902, 0.21367845817281836, 0.0020453436398469656, 0.001772649397621617, 0.0030641001353867814, 4.255656574943142E-4, 0.0]
[0.0, 0.7195337254582329, 0.05948015753859902, 0.21367845817281836, 0.0020453436398469656, 0.001772649397621617, 0.0030641001353867814, 4.255656574943142E-4, 0.0]
[0.0, 0.7195337254582329, 0.05948015753859902, 0.21367845817281836, 0.0020453436398469656, 0.001772649397621617, 0.0030641001353867814, 4.255656574943142E-4, 0.0]
[0.0, 0.7195337254582329, 0.05948015753859902, 0.21367845817281836, 0.0020453436398469656, 0.001772649397621617, 0.0030641001353867814, 4.255656574943142E-4, 0.0]
java.lang.ArrayIndexOutOfBoundsException
