[1.0, 0.5200554132461548, 0.4799445867538452]
[1.0, 0.5200554132461548, 0.4799445867538452]
[1.0, 0.5200800895690918, 0.4799198806285858]
java.lang.ArrayIndexOutOfBoundsException
[1.0, 0.5200332403182983, 0.47996678948402405]
[1.0, 0.5200437307357788, 0.4799562394618988]
[1.0, 0.5200280547142029, 0.4799719452857971]
[1.0, 0.5278639197349548, 0.47213608026504517]
[1.0, 0.5276402831077576, 0.47235971689224243]
[1.0, 0.5372293591499329, 0.46277064085006714]
[1.0, 0.5473240613937378, 0.4526759684085846]
[0.0, 0.5606791973114014, 0.439320832490921]
[0.0, 0.5625721216201782, 0.4374278485774994]
[0.0, 0.5672087669372559, 0.43279126286506653]
[1.0, 0.5504975318908691, 0.44950246810913086]
[0.0, 0.5533672571182251, 0.4466327428817749]
[1.0, 0.5436362028121948, 0.45636382699012756]
[1.0, 0.5396063327789307, 0.46039363741874695]
[1.0, 0.0, 1.0]
[1.0, 0.0, 1.0]
[1.0, 0.0, 1.0]
[0.0, NaN, NaN]
[0.0, NaN, NaN]
[0.0, NaN, NaN]
[0.0, NaN, NaN]
[0.0, NaN, NaN]
[0.0, NaN, NaN]
[0.0, NaN, NaN]
[0.0, NaN, NaN]
[0.0, NaN, NaN]
[0.0, NaN, NaN]
[0.0, NaN, NaN]
[0.0, NaN, NaN]
[0.0, NaN, NaN]
[0.0, NaN, NaN]
[0.0, NaN, NaN]
[0.0, NaN, NaN]
[0.0, NaN, NaN]
java.lang.ArrayIndexOutOfBoundsException
