[1.0, 0.5507715940475464, 0.449228435754776]
[1.0, 0.5507534742355347, 0.44924652576446533]
[1.0, 0.550747275352478, 0.4492526948451996]
[1.0, 0.5508060455322266, 0.4491939842700958]
[1.0, 0.5507293939590454, 0.4492706060409546]
[1.0, 0.550797700881958, 0.4492022693157196]
[1.0, 0.5506635904312134, 0.449336439371109]
[1.0, 0.550873875617981, 0.44912612438201904]
[1.0, 0.5507861971855164, 0.44921380281448364]
[1.0, 0.550829291343689, 0.44917070865631104]
[1.0, 0.5508816242218018, 0.44911837577819824]
[1.0, 0.5509475469589233, 0.4490524232387543]
[1.0, 0.5507898330688477, 0.44921016693115234]
[1.0, 0.5508958101272583, 0.4491041600704193]
[1.0, 0.5507799386978149, 0.44922006130218506]
[1.0, 0.5509330034255981, 0.44906696677207947]
[1.0, 0.5507935881614685, 0.4492064118385315]
[1.0, 0.5508639812469482, 0.44913601875305176]
[1.0, 0.5507986545562744, 0.4492013156414032]
[1.0, 0.5506687760353088, 0.44933122396469116]
[1.0, 0.5507922172546387, 0.44920775294303894]
[1.0, 0.5512317419052124, 0.4487682580947876]
[1.0, 0.5513777732849121, 0.4486222565174103]
[1.0, 0.5512462854385376, 0.44875368475914]
[1.0, 0.5506632328033447, 0.4493367373943329]
[1.0, 0.5499875545501709, 0.4500124454498291]
[1.0, 0.5496292114257812, 0.45037078857421875]
[1.0, 0.54937744140625, 0.4506225883960724]
[1.0, 0.5492644906044006, 0.45073550939559937]
[1.0, 0.5491604804992676, 0.4508395195007324]
[1.0, 0.5492784380912781, 0.4507215619087219]
[1.0, 0.5492357611656189, 0.4507642388343811]
[1.0, 0.5494394302368164, 0.4505605399608612]
[1.0, 0.5498507022857666, 0.4501492977142334]
[1.0, 0.5498740673065186, 0.45012593269348145]
[1.0, 0.5499753952026367, 0.4500246047973633]
[1.0, 0.5500173568725586, 0.449982613325119]
[1.0, 0.5500543713569641, 0.4499456286430359]
[1.0, 0.5500842332839966, 0.4499157965183258]
[1.0, 0.5501511096954346, 0.44984886050224304]
[1.0, 0.5502347350120544, 0.44976526498794556]
[1.0, 0.5503599643707275, 0.4496400058269501]
[1.0, 0.5503557920455933, 0.4496442377567291]
[1.0, 0.5502104759216309, 0.44978949427604675]
[1.0, 0.5502051115036011, 0.4497948884963989]
[1.0, 0.5502433776855469, 0.44975659251213074]
[1.0, 0.5502634644508362, 0.4497365355491638]
[1.0, 0.5503756999969482, 0.44962430000305176]
[1.0, 0.5504337549209595, 0.4495662748813629]
[1.0, 0.5506047010421753, 0.4493953287601471]
[1.0, 0.5505512952804565, 0.44944873452186584]
[1.0, 0.5506173372268677, 0.4493826627731323]
[1.0, 0.5505423545837402, 0.44945767521858215]
[1.0, 0.5505900979042053, 0.4494099020957947]
[1.0, 0.5506148338317871, 0.4493851661682129]
[1.0, 0.5506242513656616, 0.449375718832016]
[1.0, 0.5504892468452454, 0.44951075315475464]
[1.0, 0.5505183339118958, 0.44948166608810425]
[1.0, 0.5505321025848389, 0.44946789741516113]
[1.0, 0.5505362749099731, 0.44946369528770447]
[1.0, 0.5505339503288269, 0.4494660496711731]
[1.0, 0.550550103187561, 0.4494498670101166]
[1.0, 0.5505832433700562, 0.44941675662994385]
[1.0, 0.5506118535995483, 0.44938814640045166]
[1.0, 0.5507312417030334, 0.44926875829696655]
[1.0, 0.5507200956344604, 0.44927993416786194]
[1.0, 0.550771951675415, 0.4492280185222626]
[1.0, 0.5508490204811096, 0.4491509795188904]
[1.0, 0.5509516000747681, 0.44904837012290955]
[1.0, 0.5507292747497559, 0.44927069544792175]
[1.0, 0.5507816672325134, 0.4492183327674866]
[1.0, 0.5508261919021606, 0.44917377829551697]
[1.0, 0.5508307218551636, 0.4491692781448364]
[1.0, 0.5508182048797607, 0.44918182492256165]
[1.0, 0.5507481098175049, 0.4492519199848175]
[1.0, 0.5510269999504089, 0.44897300004959106]
[1.0, 0.5510011911392212, 0.4489987790584564]
[1.0, 0.5509800910949707, 0.4490199089050293]
[1.0, 0.5510343313217163, 0.4489656984806061]
[1.0, 0.5510210394859314, 0.4489789605140686]
[1.0, 0.5510783195495605, 0.44892168045043945]
[1.0, 0.5510655641555786, 0.4489344656467438]
[1.0, 0.5510366559028625, 0.44896334409713745]
[1.0, 0.551011323928833, 0.4489887058734894]
[1.0, 0.5509161353111267, 0.4490838646888733]
[1.0, 0.5510427951812744, 0.448957234621048]
[1.0, 0.5510309934616089, 0.4489689767360687]
[1.0, 0.5510395765304565, 0.44896042346954346]
[1.0, 0.551069438457489, 0.448930561542511]
[1.0, 0.5512629747390747, 0.4487369954586029]
[1.0, 0.5511142015457153, 0.44888579845428467]
[1.0, 0.5511068105697632, 0.4488931894302368]
[1.0, 0.5511306524276733, 0.4488693177700043]
[1.0, 0.5511002540588379, 0.4488997757434845]
[1.0, 0.5511754155158997, 0.44882458448410034]
[1.0, 0.5511350631713867, 0.4488649070262909]
[1.0, 0.5511807203292847, 0.44881927967071533]
[1.0, 0.5511931777000427, 0.4488068222999573]
[1.0, 0.5509848594665527, 0.4490151107311249]
[1.0, 0.5510278940200806, 0.44897207617759705]
[1.0, 0.5510801076889038, 0.4489198923110962]
[1.0, 0.5511232614517212, 0.4488767087459564]
[1.0, 0.5511296391487122, 0.44887036085128784]
[1.0, 0.5511098504066467, 0.44889014959335327]
[1.0, 0.5510773658752441, 0.44892263412475586]
[1.0, 0.5510157942771912, 0.44898420572280884]
[1.0, 0.5510499477386475, 0.44895002245903015]
[1.0, 0.55103600025177, 0.44896402955055237]
[1.0, 0.5510362386703491, 0.4489637613296509]
[1.0, 0.5511306524276733, 0.44886937737464905]
[1.0, 0.5509994626045227, 0.4490005373954773]
[1.0, 0.5509768724441528, 0.44902312755584717]
[1.0, 0.5509570240974426, 0.4490429759025574]
[1.0, 0.5509946942329407, 0.4490053057670593]
[1.0, 0.5509558916091919, 0.4490441381931305]
[1.0, 0.5508893728256226, 0.44911062717437744]
[1.0, 0.5513638257980347, 0.4486362040042877]
[1.0, 0.5514260530471802, 0.4485739469528198]
[1.0, 0.5511937141418457, 0.4488062560558319]
[1.0, 0.5514172911643982, 0.4485827088356018]
[1.0, 0.5513596534729004, 0.448640376329422]
[1.0, 0.551483154296875, 0.448516845703125]
[1.0, 0.5514423847198486, 0.448557585477829]
[1.0, 0.5513598918914795, 0.4486401379108429]
[1.0, 0.5514874458312988, 0.4485125243663788]
[1.0, 0.5513230562210083, 0.4486769735813141]
[1.0, 0.551414966583252, 0.44858500361442566]
[1.0, 0.5513343811035156, 0.4486656188964844]
[1.0, 0.5513644218444824, 0.4486355483531952]
[1.0, 0.5513789057731628, 0.44862109422683716]
[1.0, 0.5512658357620239, 0.4487341642379761]
[1.0, 0.5512552261352539, 0.4487447738647461]
[1.0, 0.5512231588363647, 0.44877681136131287]
[1.0, 0.5511538982391357, 0.44884607195854187]
[1.0, 0.5511583089828491, 0.4488416612148285]
[1.0, 0.5511167049407959, 0.4488832950592041]
[1.0, 0.5510528087615967, 0.44894716143608093]
[1.0, 0.5513007640838623, 0.4486992359161377]
[1.0, 0.5513008832931519, 0.44869914650917053]
[1.0, 0.551328182220459, 0.44867178797721863]
[1.0, 0.5513023138046265, 0.44869765639305115]
[1.0, 0.5513191223144531, 0.44868090748786926]
[1.0, 0.5513750314712524, 0.44862493872642517]
[1.0, 0.5513020753860474, 0.44869792461395264]
[1.0, 0.551384449005127, 0.44861552119255066]
[1.0, 0.551296055316925, 0.44870394468307495]
[1.0, 0.5511815547943115, 0.4488184154033661]
[1.0, 0.5511811971664429, 0.44881877303123474]
[1.0, 0.551153302192688, 0.4488467276096344]
[1.0, 0.5511875152587891, 0.44881245493888855]
[1.0, 0.5509749054908752, 0.44902509450912476]
[1.0, 0.5510090589523315, 0.44899097084999084]
[1.0, 0.5509735345840454, 0.4490264654159546]
[1.0, 0.5508936643600464, 0.449106365442276]
[1.0, 0.5510377883911133, 0.44896218180656433]
[1.0, 0.5509378910064697, 0.4490621089935303]
[1.0, 0.5509990453720093, 0.4490009844303131]
[1.0, 0.5509583950042725, 0.4490416347980499]
[1.0, 0.5510196685791016, 0.44898030161857605]
[1.0, 0.5509215593338013, 0.4490784704685211]
[1.0, 0.5509016513824463, 0.4490983784198761]
[1.0, 0.5508198738098145, 0.44918012619018555]
[1.0, 0.5509368181228638, 0.44906318187713623]
[1.0, 0.5508418083190918, 0.4491581618785858]
[1.0, 0.550889253616333, 0.4491107761859894]
[1.0, 0.5509252548217773, 0.44907471537590027]
[1.0, 0.5509378910064697, 0.4490620791912079]
[1.0, 0.5509423017501831, 0.4490576982498169]
[1.0, 0.5509792566299438, 0.44902077317237854]
[1.0, 0.551098108291626, 0.448901891708374]
[1.0, 0.5511793494224548, 0.44882065057754517]
[1.0, 0.5511964559555054, 0.44880351424217224]
[1.0, 0.5511717796325684, 0.44882819056510925]
[1.0, 0.5512531995773315, 0.44874680042266846]
[1.0, 0.5511796474456787, 0.4488203227519989]
[1.0, 0.5510230660438538, 0.44897693395614624]
[1.0, 0.5509616136550903, 0.44903838634490967]
[1.0, 0.551018238067627, 0.44898179173469543]
[1.0, 0.5510661005973816, 0.4489338994026184]
[1.0, 0.5510315895080566, 0.44896838068962097]
[1.0, 0.5510066747665405, 0.4489932954311371]
[1.0, 0.5510187149047852, 0.44898125529289246]
[1.0, 0.5509413480758667, 0.4490586519241333]
[1.0, 0.5509033203125, 0.4490966498851776]
[1.0, 0.5509222149848938, 0.4490777850151062]
[1.0, 0.5513689517974854, 0.44863107800483704]
[1.0, 0.5514242649078369, 0.4485757052898407]
[1.0, 0.5509979128837585, 0.44900208711624146]
[1.0, 0.5505764484405518, 0.44942358136177063]
[1.0, 0.5501959323883057, 0.44980403780937195]
[1.0, 0.5498496294021606, 0.45015037059783936]
[1.0, 0.5500085353851318, 0.4499914348125458]
[1.0, 0.549920916557312, 0.4500791132450104]
[1.0, 0.5500493049621582, 0.4499507248401642]
[1.0, 0.5501874685287476, 0.44981253147125244]
[1.0, 0.5501549243927002, 0.4498450458049774]
[1.0, 0.550166130065918, 0.44983386993408203]
[1.0, 0.5501654744148254, 0.44983452558517456]
[1.0, 0.5502156019210815, 0.44978442788124084]
[1.0, 0.5501773357391357, 0.44982266426086426]
[1.0, 0.5501810908317566, 0.4498189091682434]
[1.0, 0.5502685308456421, 0.4497314989566803]
[1.0, 0.5506350994110107, 0.44936493039131165]
[1.0, 0.550755500793457, 0.44924449920654297]
[1.0, 0.5507599115371704, 0.4492400884628296]
[1.0, 0.5507752299308777, 0.4492247700691223]
[1.0, 0.5508419871330261, 0.4491580128669739]
[1.0, 0.550844669342041, 0.44915536046028137]
[1.0, 0.5509116649627686, 0.44908836483955383]
[1.0, 0.5509037971496582, 0.4490961730480194]
[1.0, 0.550859808921814, 0.4491402208805084]
[1.0, 0.5509105920791626, 0.4490894377231598]
[1.0, 0.550922691822052, 0.449077308177948]
[1.0, 0.550950288772583, 0.449049711227417]
[1.0, 0.5509793758392334, 0.4490206241607666]
[1.0, 0.5509122610092163, 0.4490877091884613]
[1.0, 0.5510886907577515, 0.44891130924224854]
[1.0, 0.550926148891449, 0.449073851108551]
[1.0, 0.5509403944015503, 0.4490596354007721]
[1.0, 0.5509445071220398, 0.4490554928779602]
[1.0, 0.5509262084960938, 0.44907376170158386]
[1.0, 0.5509722232818604, 0.44902774691581726]
[1.0, 0.5509965419769287, 0.4490034878253937]
[1.0, 0.5508654713630676, 0.4491345286369324]
[1.0, 0.5511571168899536, 0.4488428831100464]
[1.0, 0.5512752532958984, 0.44872477650642395]
[0.0, 0.5518044233322144, 0.44819560647010803]
[1.0, 0.5516285300254822, 0.4483714699745178]
[1.0, 0.5514534711837769, 0.44854652881622314]
[1.0, 0.5515380501747131, 0.44846194982528687]
[1.0, 0.5514446496963501, 0.4485553801059723]
[1.0, 0.5512290000915527, 0.4487709701061249]
[1.0, 0.551186203956604, 0.448813796043396]
[1.0, 0.5509546995162964, 0.4490453004837036]
[1.0, 0.550849437713623, 0.44915059208869934]
[1.0, 0.5507723093032837, 0.4492276608943939]
[1.0, 0.550853967666626, 0.44914600253105164]
[1.0, 0.550866961479187, 0.449133038520813]
[1.0, 0.5508908629417419, 0.44910913705825806]
[1.0, 0.5509449243545532, 0.44905510544776917]
[1.0, 0.5509254932403564, 0.44907453656196594]
[1.0, 0.5509236454963684, 0.4490763545036316]
[1.0, 0.5507746338844299, 0.44922536611557007]
[1.0, 0.550942063331604, 0.4490579068660736]
[1.0, 0.5508661270141602, 0.44913387298583984]
[1.0, 0.5513128042221069, 0.44868722558021545]
[1.0, 0.5511324405670166, 0.4488675892353058]
[1.0, 0.5510625839233398, 0.44893744587898254]
[1.0, 0.5510940551757812, 0.44890597462654114]
[1.0, 0.5510880351066589, 0.44891196489334106]
[1.0, 0.551052451133728, 0.44894757866859436]
[1.0, 0.5511019229888916, 0.4488980770111084]
[1.0, 0.5510653257369995, 0.4489347040653229]
[1.0, 0.5511202812194824, 0.44887974858283997]
[1.0, 0.55107182264328, 0.44892817735671997]
[1.0, 0.5510488152503967, 0.44895118474960327]
[1.0, 0.5510146021842957, 0.44898539781570435]
[1.0, 0.5510581731796265, 0.4489418566226959]
[1.0, 0.5511473417282104, 0.44885268807411194]
[1.0, 0.5511242151260376, 0.4488757848739624]
[1.0, 0.5511847734451294, 0.4488152265548706]
[1.0, 0.5511884093284607, 0.4488115906715393]
[1.0, 0.5511069297790527, 0.4488930404186249]
[1.0, 0.5511071681976318, 0.44889286160469055]
[1.0, 0.5511504411697388, 0.44884955883026123]
[1.0, 0.5510889291763306, 0.4489111006259918]
[1.0, 0.5509413480758667, 0.4490586519241333]
[1.0, 0.5511533617973328, 0.44884663820266724]
[1.0, 0.550984263420105, 0.4490157663822174]
[1.0, 0.5510305166244507, 0.44896945357322693]
[1.0, 0.5509542226791382, 0.4490457773208618]
[1.0, 0.5508896112442017, 0.44911038875579834]
[1.0, 0.5509587526321411, 0.4490412175655365]
[1.0, 0.5509288311004639, 0.44907116889953613]
[1.0, 0.5508244037628174, 0.44917556643486023]
[1.0, 0.5507960915565491, 0.4492039084434509]
[1.0, 0.5507632493972778, 0.4492367208003998]
[1.0, 0.5508221387863159, 0.4491778314113617]
[1.0, 0.5506954193115234, 0.44930458068847656]
[1.0, 0.5507541298866272, 0.4492458701133728]
[1.0, 0.5506976842880249, 0.4493023157119751]
[1.0, 0.5506877899169922, 0.4493121802806854]
[1.0, 0.5507861971855164, 0.44921380281448364]
[1.0, 0.5507626533508301, 0.4492373764514923]
[1.0, 0.550759494304657, 0.449240505695343]
[1.0, 0.550838828086853, 0.4491611421108246]
[1.0, 0.5508246421813965, 0.4491753876209259]
[1.0, 0.5509366989135742, 0.4490632712841034]
[1.0, 0.5507864952087402, 0.44921353459358215]
[1.0, 0.5507760047912598, 0.4492240250110626]
[1.0, 0.5507410168647766, 0.4492589831352234]
[1.0, 0.5508545637130737, 0.44914546608924866]
[1.0, 0.5508378744125366, 0.449162095785141]
[1.0, 0.5508973002433777, 0.4491026997566223]
[1.0, 0.5510344505310059, 0.44896551966667175]
[1.0, 0.5511066913604736, 0.44889333844184875]
[1.0, 0.550979733467102, 0.44902029633522034]
[1.0, 0.5509819984436035, 0.4490180015563965]
[1.0, 0.5509680509567261, 0.44903191924095154]
[1.0, 0.5509852766990662, 0.44901472330093384]
[1.0, 0.55097496509552, 0.44902506470680237]
[1.0, 0.5510299205780029, 0.44897010922431946]
[1.0, 0.5510036945343018, 0.44899627566337585]
[1.0, 0.5509375333786011, 0.4490624964237213]
[1.0, 0.5512011051177979, 0.44879886507987976]
[1.0, 0.5512833595275879, 0.4487166106700897]
[1.0, 0.5511901378631592, 0.4488098621368408]
[1.0, 0.5510114431381226, 0.44898852705955505]
[1.0, 0.5504822731018066, 0.44951769709587097]
[1.0, 0.5503785014152527, 0.4496214985847473]
[1.0, 0.5502889752388, 0.44971102476119995]
[1.0, 0.5501065254211426, 0.44989344477653503]
[1.0, 0.550111711025238, 0.44988828897476196]
[1.0, 0.5500606894493103, 0.4499393105506897]
[1.0, 0.5502253770828247, 0.4497746229171753]
[1.0, 0.5503025054931641, 0.4496975243091583]
[1.0, 0.5505723357200623, 0.44942766427993774]
[1.0, 0.5504666566848755, 0.4495333135128021]
[1.0, 0.5505331158638, 0.44946688413619995]
[1.0, 0.5505790114402771, 0.4494209885597229]
[1.0, 0.5506325960159302, 0.4493674337863922]
[1.0, 0.5505033135414124, 0.44949668645858765]
[1.0, 0.5505520105361938, 0.44944795966148376]
[1.0, 0.550548791885376, 0.4494512379169464]
[1.0, 0.5505819320678711, 0.4494180381298065]
[1.0, 0.550666332244873, 0.44933363795280457]
[1.0, 0.5506331920623779, 0.44936680793762207]
[1.0, 0.550678014755249, 0.449321985244751]
[1.0, 0.5504891872406006, 0.4495108425617218]
[1.0, 0.5505895018577576, 0.44941049814224243]
[1.0, 0.5505167841911316, 0.4494832158088684]
[1.0, 0.5506365299224854, 0.44936349987983704]
[1.0, 0.5505719184875488, 0.44942811131477356]
[1.0, 0.5505126714706421, 0.4494873583316803]
[1.0, 0.5505830645561218, 0.4494169354438782]
[1.0, 0.5505783557891846, 0.44942164421081543]
[1.0, 0.5507091283798218, 0.4492909014225006]
[1.0, 0.5506967902183533, 0.44930320978164673]
[1.0, 0.5508042573928833, 0.4491957724094391]
[1.0, 0.5507129430770874, 0.4492870569229126]
[1.0, 0.5506256222724915, 0.44937437772750854]
[1.0, 0.5507911443710327, 0.4492088258266449]
[1.0, 0.5509358644485474, 0.44906410574913025]
[1.0, 0.5509941577911377, 0.4490058422088623]
[1.0, 0.5508177280426025, 0.4491822421550751]
[1.0, 0.5509063005447388, 0.44909366965293884]
[1.0, 0.55094975233078, 0.44905024766921997]
[1.0, 0.5507866144180298, 0.4492134153842926]
[1.0, 0.5508911609649658, 0.4491088092327118]
[1.0, 0.550743579864502, 0.44925644993782043]
[1.0, 0.5506623983383179, 0.44933760166168213]
[1.0, 0.5512281656265259, 0.4487718343734741]
[1.0, 0.5510776042938232, 0.44892236590385437]
[1.0, 0.5510035753250122, 0.4489964544773102]
[1.0, 0.5509992837905884, 0.44900068640708923]
[1.0, 0.5509587526321411, 0.4490412473678589]
[1.0, 0.5510358810424805, 0.4489641487598419]
[1.0, 0.5509932637214661, 0.44900673627853394]
[1.0, 0.5510631203651428, 0.4489368796348572]
[1.0, 0.550929069519043, 0.44907093048095703]
[1.0, 0.5510129928588867, 0.44898703694343567]
[1.0, 0.551031231880188, 0.4489687383174896]
[1.0, 0.5509803295135498, 0.4490196406841278]
[1.0, 0.5510767698287964, 0.4489232301712036]
[1.0, 0.5509657859802246, 0.4490342438220978]
[1.0, 0.5510607957839966, 0.44893917441368103]
[1.0, 0.5511293411254883, 0.4488706588745117]
[1.0, 0.5513650178909302, 0.44863495230674744]
[1.0, 0.5512566566467285, 0.4487433135509491]
[1.0, 0.5511775016784668, 0.4488224685192108]
[1.0, 0.5514832735061646, 0.44851675629615784]
[1.0, 0.5515396595001221, 0.4484603703022003]
[1.0, 0.5512806177139282, 0.4487193822860718]
[1.0, 0.5512118935585022, 0.4487881064414978]
[1.0, 0.5511181950569153, 0.4488818049430847]
[1.0, 0.5510045289993286, 0.4489955008029938]
[1.0, 0.5510056614875793, 0.44899433851242065]
[1.0, 0.5511043667793274, 0.4488956332206726]
[1.0, 0.5509783029556274, 0.44902169704437256]
[1.0, 0.5511053204536438, 0.4488946795463562]
[1.0, 0.5509932637214661, 0.44900673627853394]
[1.0, 0.551063060760498, 0.44893690943717957]
[1.0, 0.5510424375534058, 0.44895753264427185]
[1.0, 0.5510596036911011, 0.44894036650657654]
[1.0, 0.5510619878768921, 0.4489380121231079]
[1.0, 0.5509951114654541, 0.4490048587322235]
[1.0, 0.5510309338569641, 0.4489690661430359]
[1.0, 0.5510516166687012, 0.44894838333129883]
[1.0, 0.5508971214294434, 0.44910290837287903]
[1.0, 0.5510374307632446, 0.448962539434433]
[1.0, 0.5508751273155212, 0.44912487268447876]
[1.0, 0.5510324239730835, 0.4489675760269165]
[1.0, 0.5510178208351135, 0.4489821791648865]
[1.0, 0.5508955121040344, 0.4491044878959656]
[1.0, 0.5508610010147095, 0.44913896918296814]
[1.0, 0.5509343147277832, 0.4490656852722168]
[1.0, 0.5508264899253845, 0.4491735100746155]
[1.0, 0.5508867502212524, 0.44911327958106995]
[1.0, 0.5507898330688477, 0.44921016693115234]
[1.0, 0.5507678985595703, 0.4492321014404297]
[1.0, 0.5507177710533142, 0.4492822289466858]
[1.0, 0.5507378578186035, 0.44926217198371887]
[1.0, 0.5507086515426636, 0.4492913782596588]
[1.0, 0.5507415533065796, 0.449258416891098]
[1.0, 0.5507376790046692, 0.4492623209953308]
[1.0, 0.5507125854492188, 0.44928744435310364]
[1.0, 0.550736665725708, 0.4492633640766144]
[1.0, 0.5507860779762268, 0.4492139220237732]
[1.0, 0.5510939955711365, 0.4489060044288635]
[1.0, 0.5513691902160645, 0.44863077998161316]
[1.0, 0.5511807203292847, 0.44881927967071533]
[1.0, 0.5510183572769165, 0.4489816427230835]
[1.0, 0.5510185360908508, 0.44898146390914917]
[1.0, 0.5509249567985535, 0.44907504320144653]
[1.0, 0.5508273839950562, 0.44917264580726624]
[1.0, 0.5507689714431763, 0.44923102855682373]
[1.0, 0.5508436560630798, 0.44915634393692017]
[1.0, 0.550909698009491, 0.44909030199050903]
[1.0, 0.5505707859992981, 0.4494292140007019]
[1.0, 0.5505828857421875, 0.4494171142578125]
[1.0, 0.5507224798202515, 0.44927752017974854]
[1.0, 0.5506606101989746, 0.449339359998703]
[1.0, 0.5506879091262817, 0.44931209087371826]
[1.0, 0.5506861805915833, 0.44931381940841675]
[1.0, 0.550757884979248, 0.44924211502075195]
[1.0, 0.5506487488746643, 0.4493512511253357]
[1.0, 0.5508012771606445, 0.44919872283935547]
[1.0, 0.5507830381393433, 0.4492169916629791]
[1.0, 0.5507751107215881, 0.44922488927841187]
[1.0, 0.550728440284729, 0.449271559715271]
[1.0, 0.5508203506469727, 0.44917964935302734]
[1.0, 0.5508730411529541, 0.4491269290447235]
[1.0, 0.5508030652999878, 0.4491969645023346]
[1.0, 0.5508324503898621, 0.44916754961013794]
[1.0, 0.550908088684082, 0.4490918815135956]
[1.0, 0.5508354306221008, 0.44916456937789917]
[1.0, 0.550883412361145, 0.4491165578365326]
[1.0, 0.550824761390686, 0.44917523860931396]
[1.0, 0.5508894920349121, 0.4491105079650879]
[1.0, 0.5508664846420288, 0.4491335451602936]
[1.0, 0.5508572459220886, 0.4491427540779114]
[1.0, 0.5509364604949951, 0.44906356930732727]
[1.0, 0.5511028170585632, 0.44889718294143677]
[1.0, 0.5511418581008911, 0.4488581717014313]
[1.0, 0.5510141849517822, 0.4489857852458954]
[1.0, 0.5509947538375854, 0.44900521636009216]
[1.0, 0.5509676933288574, 0.4490322768688202]
[1.0, 0.5510021448135376, 0.4489978849887848]
[1.0, 0.5510396957397461, 0.4489603042602539]
[1.0, 0.5511021614074707, 0.4488978385925293]
[1.0, 0.5509832501411438, 0.4490167498588562]
[1.0, 0.5510786175727844, 0.4489213824272156]
[1.0, 0.5510871410369873, 0.4489128887653351]
[1.0, 0.5511322021484375, 0.4488677680492401]
[1.0, 0.5510505437850952, 0.4489494562149048]
[1.0, 0.5510331392288208, 0.4489668905735016]
[1.0, 0.5510936975479126, 0.4489063024520874]
[1.0, 0.5510212779045105, 0.4489787220954895]
[1.0, 0.5510581731796265, 0.4489418566226959]
[1.0, 0.5511200428009033, 0.44887998700141907]
[1.0, 0.5509926080703735, 0.44900742173194885]
[1.0, 0.551055908203125, 0.4489441215991974]
[1.0, 0.551026463508606, 0.44897356629371643]
[1.0, 0.551010012626648, 0.44899001717567444]
[1.0, 0.5509606599807739, 0.4490393400192261]
[1.0, 0.5510287880897522, 0.4489712119102478]
[1.0, 0.5509939193725586, 0.4490061104297638]
[1.0, 0.5509655475616455, 0.4490344226360321]
[1.0, 0.5510585308074951, 0.4489414691925049]
[1.0, 0.551042914390564, 0.44895708560943604]
[1.0, 0.551099419593811, 0.4489005506038666]
[1.0, 0.551163911819458, 0.448836088180542]
[1.0, 0.5514332056045532, 0.4485667943954468]
[1.0, 0.5513875484466553, 0.44861242175102234]
[1.0, 0.5511434078216553, 0.4488566219806671]
[1.0, 0.5512111186981201, 0.44878891110420227]
[1.0, 0.5510468482971191, 0.44895312190055847]
[1.0, 0.5509642362594604, 0.44903576374053955]
[1.0, 0.5508756637573242, 0.4491243362426758]
[1.0, 0.5505377054214478, 0.44946229457855225]
[1.0, 0.5505509972572327, 0.44944900274276733]
[1.0, 0.5504038333892822, 0.4495961368083954]
[1.0, 0.5504419207572937, 0.4495580792427063]
[1.0, 0.5506296753883362, 0.4493703246116638]
[1.0, 0.5506150722503662, 0.4493849575519562]
[1.0, 0.5504852533340454, 0.4495147168636322]
[1.0, 0.5505083203315735, 0.4494916796684265]
[1.0, 0.5505485534667969, 0.4494514763355255]
[1.0, 0.5506043434143066, 0.44939565658569336]
[1.0, 0.5505598783493042, 0.4494400918483734]
[1.0, 0.5505441427230835, 0.4494558572769165]
[1.0, 0.5504442453384399, 0.44955575466156006]
[1.0, 0.5505969524383545, 0.4494030773639679]
[1.0, 0.5506744384765625, 0.4493255913257599]
[1.0, 0.5508065819740295, 0.44919341802597046]
[1.0, 0.5507221221923828, 0.4492778480052948]
[1.0, 0.5507661700248718, 0.4492338299751282]
[1.0, 0.5505936145782471, 0.44940635561943054]
[1.0, 0.5504920482635498, 0.4495079815387726]
[1.0, 0.5505680441856384, 0.4494319558143616]
[1.0, 0.55049067735672, 0.44950932264328003]
[1.0, 0.5506120920181274, 0.44938793778419495]
[1.0, 0.5505366325378418, 0.4494633674621582]
[1.0, 0.550578236579895, 0.449421763420105]
[1.0, 0.5504893064498901, 0.44951072335243225]
[1.0, 0.5507123470306396, 0.44928762316703796]
[1.0, 0.5506497621536255, 0.4493502080440521]
[1.0, 0.5507878065109253, 0.4492122232913971]
[1.0, 0.5506974458694458, 0.4493025541305542]
[1.0, 0.5507810115814209, 0.4492190182209015]
[1.0, 0.5506898164749146, 0.44931021332740784]
[1.0, 0.5506713390350342, 0.44932863116264343]
[1.0, 0.5506080985069275, 0.4493919014930725]
[1.0, 0.5506067276000977, 0.44939324259757996]
[1.0, 0.5506553649902344, 0.449344664812088]
[1.0, 0.550704836845398, 0.44929513335227966]
[1.0, 0.5506373643875122, 0.4493626654148102]
[1.0, 0.5506736040115356, 0.44932642579078674]
[1.0, 0.5507462620735168, 0.44925373792648315]
[1.0, 0.5507855415344238, 0.44921448826789856]
[1.0, 0.550931453704834, 0.4490685760974884]
[1.0, 0.5508151054382324, 0.4491848945617676]
[1.0, 0.5509026050567627, 0.4490974247455597]
[1.0, 0.5507290363311768, 0.44927093386650085]
[1.0, 0.5508171319961548, 0.4491828382015228]
[1.0, 0.5508687496185303, 0.44913122057914734]
[1.0, 0.5507462024688721, 0.44925379753112793]
[1.0, 0.5506817698478699, 0.4493182301521301]
[1.0, 0.5507221817970276, 0.4492778182029724]
[1.0, 0.5507282614707947, 0.4492717385292053]
[1.0, 0.5508060455322266, 0.44919395446777344]
[1.0, 0.550782322883606, 0.44921767711639404]
[1.0, 0.5508536696434021, 0.4491463303565979]
[1.0, 0.5509286522865295, 0.44907134771347046]
[1.0, 0.5506986379623413, 0.4493013322353363]
[1.0, 0.550893247127533, 0.44910675287246704]
[1.0, 0.5509140491485596, 0.4490859806537628]
[1.0, 0.5509631037712097, 0.4490368962287903]
[1.0, 0.5509665012359619, 0.4490334689617157]
[1.0, 0.5509520769119263, 0.44904789328575134]
[1.0, 0.5509433746337891, 0.44905659556388855]
[1.0, 0.5510244369506836, 0.4489755928516388]
[1.0, 0.551121175289154, 0.44887882471084595]
[1.0, 0.5511312484741211, 0.4488687515258789]
[1.0, 0.5509678721427917, 0.44903212785720825]
[1.0, 0.5510247945785522, 0.44897520542144775]
[1.0, 0.5510607361793518, 0.4489392638206482]
[1.0, 0.5509862899780273, 0.44901368021965027]
[1.0, 0.5510493516921997, 0.4489506185054779]
[1.0, 0.5511413812637329, 0.4488585889339447]
[1.0, 0.5509567260742188, 0.44904327392578125]
[1.0, 0.5510141253471375, 0.44898587465286255]
[1.0, 0.551061749458313, 0.448938250541687]
[1.0, 0.551030158996582, 0.44896987080574036]
[1.0, 0.5511986613273621, 0.44880133867263794]
[1.0, 0.5511445999145508, 0.44885537028312683]
[1.0, 0.5511711239814758, 0.44882887601852417]
[1.0, 0.5511162877082825, 0.44888371229171753]
[1.0, 0.5511124134063721, 0.44888755679130554]
[1.0, 0.5511658191680908, 0.4488341510295868]
[1.0, 0.5510977506637573, 0.44890227913856506]
[1.0, 0.5510329008102417, 0.4489670991897583]
[1.0, 0.5509988069534302, 0.44900116324424744]
[1.0, 0.5510145425796509, 0.4489854872226715]
[1.0, 0.5511212348937988, 0.44887876510620117]
[1.0, 0.551129937171936, 0.44887009263038635]
[1.0, 0.551022469997406, 0.448977530002594]
[1.0, 0.5509645938873291, 0.4490354061126709]
[1.0, 0.5509781241416931, 0.4490218758583069]
[1.0, 0.550912618637085, 0.4490874111652374]
[1.0, 0.5509987473487854, 0.4490012526512146]
[1.0, 0.5510118007659912, 0.4489882290363312]
[1.0, 0.5509095191955566, 0.44909048080444336]
[1.0, 0.5509182214736938, 0.44908174872398376]
[1.0, 0.5510016083717346, 0.4489983916282654]
[1.0, 0.5508874654769897, 0.44911256432533264]
[1.0, 0.5508973598480225, 0.44910261034965515]
[1.0, 0.5509179830551147, 0.44908201694488525]
[1.0, 0.5509910583496094, 0.4490089416503906]
[1.0, 0.5509121417999268, 0.44908788800239563]
[1.0, 0.5509018898010254, 0.4490980803966522]
[1.0, 0.5508875250816345, 0.4491124749183655]
[1.0, 0.5508698225021362, 0.44913020730018616]
[1.0, 0.550961971282959, 0.44903799891471863]
[1.0, 0.5508443117141724, 0.44915571808815]
[1.0, 0.5509516000747681, 0.44904837012290955]
[1.0, 0.5508742928504944, 0.4491257071495056]
[1.0, 0.5509183406829834, 0.449081689119339]
[1.0, 0.5509737730026245, 0.4490262567996979]
[1.0, 0.5508426427841187, 0.44915738701820374]
[1.0, 0.5508317947387695, 0.44916820526123047]
[1.0, 0.5509600639343262, 0.44903990626335144]
[1.0, 0.5508843660354614, 0.4491156041622162]
[1.0, 0.5508471727371216, 0.4491528272628784]
[1.0, 0.5508193373680115, 0.4491806626319885]
[1.0, 0.5507016181945801, 0.4492984116077423]
[1.0, 0.5507542490959167, 0.44924575090408325]
[1.0, 0.5508466958999634, 0.4491533041000366]
[1.0, 0.5505427122116089, 0.4494572877883911]
[1.0, 0.5505921840667725, 0.44940778613090515]
[1.0, 0.5506256222724915, 0.44937437772750854]
[1.0, 0.5506706237792969, 0.44932934641838074]
[1.0, 0.550874650478363, 0.44912534952163696]
[1.0, 0.5509999990463257, 0.4490000009536743]
[1.0, 0.5508245229721069, 0.44917550683021545]
[1.0, 0.5508957505226135, 0.4491042494773865]
[1.0, 0.5509006977081299, 0.4490993320941925]
[1.0, 0.5509346127510071, 0.4490653872489929]
[1.0, 0.5508884191513062, 0.44911155104637146]
[1.0, 0.5508074760437012, 0.44919249415397644]
[1.0, 0.5507631897926331, 0.44923681020736694]
[1.0, 0.5507970452308655, 0.4492029547691345]
[1.0, 0.5509153604507446, 0.44908463954925537]
[1.0, 0.5512106418609619, 0.4487893581390381]
[1.0, 0.5515267848968506, 0.4484732151031494]
[1.0, 0.5516515970230103, 0.44834843277931213]
[1.0, 0.5514936447143555, 0.44850635528564453]
[1.0, 0.5514765977859497, 0.4485234320163727]
[1.0, 0.5513812303543091, 0.44861873984336853]
[1.0, 0.5511741042137146, 0.4488258957862854]
[1.0, 0.5511215925216675, 0.4488784372806549]
[1.0, 0.5510811805725098, 0.44891878962516785]
[0.0, 0.5520732998847961, 0.44792670011520386]
[0.0, 0.5518766641616821, 0.44812333583831787]
[0.0, 0.5518369674682617, 0.44816306233406067]
[0.0, 0.5517845153808594, 0.448215514421463]
[0.0, 0.5518152713775635, 0.4481847584247589]
[0.0, 0.5517948865890503, 0.4482050836086273]
[0.0, 0.5517321825027466, 0.4482678174972534]
[0.0, 0.5517491102218628, 0.4482508599758148]
[0.0, 0.551716685295105, 0.4482833445072174]
[1.0, 0.5507611632347107, 0.4492388367652893]
[1.0, 0.5507625341415405, 0.44923749566078186]
[1.0, 0.5506504774093628, 0.4493494927883148]
[1.0, 0.5508377552032471, 0.44916224479675293]
[1.0, 0.5507782101631165, 0.44922178983688354]
[1.0, 0.5506497621536255, 0.4493502080440521]
[1.0, 0.5506290197372437, 0.44937095046043396]
[1.0, 0.5506100654602051, 0.4493899643421173]
[1.0, 0.5505582094192505, 0.4494418203830719]
[1.0, 0.5506108403205872, 0.44938915967941284]
[1.0, 0.5506256818771362, 0.44937431812286377]
[1.0, 0.5506434440612793, 0.4493565559387207]
[1.0, 0.550645649433136, 0.449354350566864]
[1.0, 0.5505871772766113, 0.44941285252571106]
[1.0, 0.5506843328475952, 0.4493156373500824]
[1.0, 0.5505963563919067, 0.44940364360809326]
[1.0, 0.5506952404975891, 0.4493047595024109]
[1.0, 0.5507107973098755, 0.4492892324924469]
[1.0, 0.5506538152694702, 0.4493461549282074]
[1.0, 0.5507969856262207, 0.4492029845714569]
[1.0, 0.5508289337158203, 0.4491710960865021]
[1.0, 0.5507922172546387, 0.44920775294303894]
[1.0, 0.5507656931877136, 0.4492343068122864]
[1.0, 0.5507746338844299, 0.44922536611557007]
[1.0, 0.5507616400718689, 0.4492383599281311]
[1.0, 0.5508112907409668, 0.4491887092590332]
[1.0, 0.5507829189300537, 0.4492170810699463]
[1.0, 0.5508079528808594, 0.449192076921463]
[1.0, 0.5509014129638672, 0.4490985572338104]
[1.0, 0.5508307814598083, 0.44916921854019165]
[1.0, 0.5509211421012878, 0.44907885789871216]
[1.0, 0.5508512258529663, 0.4491487443447113]
[1.0, 0.55080246925354, 0.44919756054878235]
[1.0, 0.5508955717086792, 0.4491043984889984]
[1.0, 0.5510140061378479, 0.4489859938621521]
[1.0, 0.550922691822052, 0.449077308177948]
[1.0, 0.5508772134780884, 0.449122816324234]
[1.0, 0.5508458614349365, 0.44915416836738586]
[1.0, 0.5510298013687134, 0.44897016882896423]
[1.0, 0.5511422157287598, 0.44885778427124023]
[1.0, 0.5511907339096069, 0.44880926609039307]
[1.0, 0.5510534048080444, 0.44894662499427795]
[1.0, 0.5511049032211304, 0.44889506697654724]
[1.0, 0.5510187149047852, 0.44898125529289246]
[1.0, 0.5510025024414062, 0.44899752736091614]
[1.0, 0.551079273223877, 0.44892072677612305]
[1.0, 0.5512560606002808, 0.4487439692020416]
[1.0, 0.551356315612793, 0.44864365458488464]
[1.0, 0.5513355135917664, 0.44866448640823364]
[1.0, 0.5513725280761719, 0.44862744212150574]
[1.0, 0.5513429641723633, 0.44865700602531433]
[1.0, 0.5513477921485901, 0.4486522078514099]
[1.0, 0.5512969493865967, 0.4487030804157257]
[1.0, 0.550859808921814, 0.4491402208805084]
[1.0, 0.5509063005447388, 0.44909369945526123]
[1.0, 0.550889790058136, 0.449110209941864]
[1.0, 0.550749659538269, 0.44925034046173096]
[1.0, 0.5507529377937317, 0.4492470622062683]
[1.0, 0.550879716873169, 0.44912031292915344]
[1.0, 0.5507363080978394, 0.44926372170448303]
[1.0, 0.5508598685264587, 0.44914013147354126]
[1.0, 0.5508390069007874, 0.44916099309921265]
[1.0, 0.550968587398529, 0.44903141260147095]
[1.0, 0.5510096549987793, 0.4489903151988983]
[1.0, 0.5507799386978149, 0.44922006130218506]
[1.0, 0.5508018732070923, 0.4491981267929077]
[1.0, 0.5507218837738037, 0.4492780864238739]
[1.0, 0.5508557558059692, 0.4491442143917084]
[1.0, 0.5507066249847412, 0.4492934048175812]
[1.0, 0.550848662853241, 0.44915133714675903]
[1.0, 0.5508741140365601, 0.44912588596343994]
[1.0, 0.5508896112442017, 0.44911038875579834]
[1.0, 0.550911545753479, 0.4490884840488434]
[1.0, 0.5509289503097534, 0.44907107949256897]
[1.0, 0.5508829355239868, 0.4491170346736908]
[1.0, 0.5509800910949707, 0.4490199089050293]
[1.0, 0.5508517026901245, 0.4491482973098755]
[1.0, 0.550830602645874, 0.4491693675518036]
[1.0, 0.550936222076416, 0.4490637481212616]
[1.0, 0.550789475440979, 0.4492104947566986]
[1.0, 0.5508327484130859, 0.44916728138923645]
[1.0, 0.5505245923995972, 0.44947540760040283]
[1.0, 0.5507301092147827, 0.4492699205875397]
[1.0, 0.5506089925765991, 0.4493909776210785]
[1.0, 0.5509059429168701, 0.4490940570831299]
[1.0, 0.5509097576141357, 0.44909021258354187]
[1.0, 0.5508989095687866, 0.44910112023353577]
[1.0, 0.5510075092315674, 0.44899246096611023]
[1.0, 0.5510553121566772, 0.44894465804100037]
[1.0, 0.5510352849960327, 0.4489647448062897]
[1.0, 0.5510228872299194, 0.44897714257240295]
[1.0, 0.550977349281311, 0.4490226209163666]
[1.0, 0.5509609580039978, 0.4490390419960022]
[1.0, 0.5510635375976562, 0.44893649220466614]
[1.0, 0.5509989261627197, 0.4490010738372803]
[1.0, 0.5513567924499512, 0.44864320755004883]
[1.0, 0.5512584447860718, 0.4487415850162506]
[1.0, 0.5510029196739197, 0.4489970803260803]
[1.0, 0.5510683059692383, 0.44893166422843933]
[1.0, 0.551055908203125, 0.4489441215991974]
[1.0, 0.5514384508132935, 0.44856151938438416]
[1.0, 0.551196813583374, 0.44880321621894836]
[1.0, 0.5511674880981445, 0.44883251190185547]
[1.0, 0.5510894656181335, 0.44891053438186646]
[1.0, 0.5509966611862183, 0.4490033686161041]
[1.0, 0.5509072542190552, 0.44909271597862244]
[1.0, 0.5509507656097412, 0.4490492343902588]
[1.0, 0.5508657693862915, 0.4491342604160309]
[1.0, 0.5508291721343994, 0.4491707980632782]
[1.0, 0.5508140921592712, 0.44918590784072876]
[1.0, 0.5509475469589233, 0.4490524232387543]
[1.0, 0.5513243675231934, 0.44867566227912903]
[1.0, 0.5512963533401489, 0.4487036466598511]
[1.0, 0.5512650012969971, 0.4487350285053253]
[1.0, 0.5510513782501221, 0.44894859194755554]
[1.0, 0.5509399771690369, 0.44906002283096313]
[1.0, 0.5508731603622437, 0.44912683963775635]
[1.0, 0.5508192777633667, 0.4491807520389557]
[1.0, 0.5507810711860657, 0.4492189288139343]
[1.0, 0.5506430864334106, 0.44935694336891174]
[1.0, 0.5503824949264526, 0.44961753487586975]
[1.0, 0.5505651235580444, 0.4494348466396332]
[1.0, 0.5504404902458191, 0.4495595097541809]
[1.0, 0.5503535270690918, 0.4496464729309082]
[1.0, 0.5504552125930786, 0.4495447874069214]
[1.0, 0.5505305528640747, 0.4494694173336029]
[1.0, 0.5505880117416382, 0.4494120180606842]
[1.0, 0.5506930351257324, 0.4493069350719452]
[1.0, 0.550656259059906, 0.449343740940094]
[1.0, 0.5505896806716919, 0.4494102895259857]
[1.0, 0.5506293773651123, 0.4493706226348877]
[1.0, 0.5505090951919556, 0.44949090480804443]
[1.0, 0.5507351756095886, 0.4492648243904114]
[1.0, 0.5505645275115967, 0.4494354724884033]
[1.0, 0.5506128072738647, 0.44938719272613525]
[1.0, 0.550575852394104, 0.449424147605896]
[1.0, 0.5506111979484558, 0.4493888020515442]
[1.0, 0.5506905317306519, 0.44930946826934814]
[1.0, 0.5506900548934937, 0.44930997490882874]
[1.0, 0.5507034659385681, 0.4492965340614319]
[1.0, 0.5508074760437012, 0.44919249415397644]
[1.0, 0.5507309436798096, 0.44926905632019043]
[1.0, 0.550838828086853, 0.44916120171546936]
[1.0, 0.5509138703346252, 0.44908612966537476]
[1.0, 0.5508973598480225, 0.44910261034965515]
[1.0, 0.5507864356040955, 0.44921356439590454]
[1.0, 0.5507712364196777, 0.4492287337779999]
[1.0, 0.5507461428642273, 0.4492538571357727]
[1.0, 0.551052987575531, 0.448947012424469]
[1.0, 0.550696611404419, 0.44930341839790344]
[1.0, 0.5509291887283325, 0.4490707814693451]
[1.0, 0.5509257316589355, 0.44907423853874207]
[1.0, 0.5509083271026611, 0.44909170269966125]
[1.0, 0.551094651222229, 0.448905348777771]
[1.0, 0.5511835813522339, 0.4488164186477661]
[1.0, 0.5512211322784424, 0.44877883791923523]
[1.0, 0.5510928630828857, 0.44890716671943665]
[1.0, 0.5511188507080078, 0.4488811790943146]
[1.0, 0.551171064376831, 0.44882896542549133]
[1.0, 0.551203727722168, 0.4487963020801544]
[1.0, 0.5510449409484863, 0.4489550292491913]
[1.0, 0.5510457754135132, 0.4489542543888092]
[1.0, 0.5510536432266235, 0.44894638657569885]
[1.0, 0.5508377552032471, 0.44916224479675293]
[1.0, 0.5508780479431152, 0.44912195205688477]
[1.0, 0.5509687662124634, 0.449031263589859]
[1.0, 0.5508756637573242, 0.4491243362426758]
[1.0, 0.5509802103042603, 0.44901981949806213]
[1.0, 0.5510255098342896, 0.44897449016571045]
[1.0, 0.5511705875396729, 0.44882944226264954]
[1.0, 0.5512207746505737, 0.44877922534942627]
[1.0, 0.5512726902961731, 0.4487273097038269]
[1.0, 0.551311731338501, 0.4486882984638214]
[1.0, 0.551377534866333, 0.4486224353313446]
[1.0, 0.55138099193573, 0.4486190378665924]
[1.0, 0.5514131784439087, 0.4485867917537689]
[1.0, 0.5512193441390991, 0.4487806558609009]
[1.0, 0.551113486289978, 0.448886513710022]
[1.0, 0.5510199666023254, 0.44898003339767456]
[1.0, 0.5510467290878296, 0.4489533007144928]
[1.0, 0.5510737895965576, 0.4489262104034424]
[1.0, 0.5509998798370361, 0.44900012016296387]
[1.0, 0.5510201454162598, 0.44897982478141785]
[1.0, 0.5510110855102539, 0.4489889144897461]
[1.0, 0.5511230230331421, 0.4488769471645355]
[1.0, 0.5510773658752441, 0.44892263412475586]
[1.0, 0.5510989427566528, 0.44890105724334717]
[1.0, 0.5510520935058594, 0.4489479064941406]
[1.0, 0.5510998368263245, 0.44890016317367554]
[1.0, 0.5510269403457642, 0.4489730894565582]
[1.0, 0.5509887933731079, 0.4490111768245697]
[1.0, 0.5511322617530823, 0.4488677382469177]
[1.0, 0.5510877370834351, 0.44891226291656494]
[1.0, 0.5509850978851318, 0.44901490211486816]
[1.0, 0.5510021448135376, 0.4489978849887848]
[1.0, 0.5510097742080688, 0.44899019598960876]
[1.0, 0.551053524017334, 0.448946475982666]
[1.0, 0.5509911775588989, 0.4490088224411011]
[1.0, 0.5510830879211426, 0.4489169120788574]
[1.0, 0.5512654781341553, 0.4487345516681671]
[1.0, 0.5512638092041016, 0.44873619079589844]
[1.0, 0.5512753129005432, 0.4487246870994568]
[1.0, 0.5513923764228821, 0.4486076235771179]
[1.0, 0.551361620426178, 0.448638379573822]
[1.0, 0.55156010389328, 0.44843989610671997]
[1.0, 0.5515037775039673, 0.4484962224960327]
[1.0, 0.5514582991600037, 0.44854170083999634]
[1.0, 0.5514669418334961, 0.4485330283641815]
[1.0, 0.5513990521430969, 0.4486009478569031]
[0.0, 0.5518051385879517, 0.44819483160972595]
[1.0, 0.5516669154167175, 0.44833308458328247]
[1.0, 0.5515443086624146, 0.44845572113990784]
[1.0, 0.5516422986984253, 0.4483577311038971]
[1.0, 0.5515656471252441, 0.44843438267707825]
[1.0, 0.5515046715736389, 0.4484953284263611]
[0.0, 0.5520280599594116, 0.447971910238266]
[0.0, 0.5525228977203369, 0.4474771022796631]
[0.0, 0.5522993206977844, 0.4477006793022156]
[0.0, 0.5521951913833618, 0.44780483841896057]
[0.0, 0.5521672368049622, 0.44783276319503784]
[0.0, 0.5520138740539551, 0.44798609614372253]
[0.0, 0.55190110206604, 0.44809892773628235]
[0.0, 0.5523006916046143, 0.44769933819770813]
[0.0, 0.552241325378418, 0.44775864481925964]
[0.0, 0.5521202087402344, 0.447879821062088]
[0.0, 0.5520138740539551, 0.44798609614372253]
[0.0, 0.5519083738327026, 0.448091596364975]
[0.0, 0.5518332719802856, 0.44816675782203674]
[1.0, 0.5511219501495361, 0.44887804985046387]
[1.0, 0.5511071681976318, 0.4488928020000458]
[1.0, 0.5511004328727722, 0.4488995671272278]
[1.0, 0.5511589050292969, 0.4488411247730255]
[1.0, 0.5512558221817017, 0.44874417781829834]
[1.0, 0.5511163473129272, 0.44888362288475037]
[1.0, 0.5512274503707886, 0.4487725794315338]
[1.0, 0.5510376691818237, 0.44896233081817627]
[1.0, 0.5511617660522461, 0.4488382339477539]
[1.0, 0.5511589646339417, 0.44884103536605835]
[1.0, 0.5511560440063477, 0.44884395599365234]
[1.0, 0.5512243509292603, 0.44877564907073975]
[1.0, 0.5511425137519836, 0.44885748624801636]
[1.0, 0.551084041595459, 0.44891592860221863]
[1.0, 0.5509864091873169, 0.4490136206150055]
[1.0, 0.5507385730743408, 0.44926145672798157]
[1.0, 0.5507665872573853, 0.44923344254493713]
[1.0, 0.5508478879928589, 0.4491521418094635]
[1.0, 0.5507547855377197, 0.44924524426460266]
[1.0, 0.5508527755737305, 0.44914722442626953]
[1.0, 0.5507262945175171, 0.4492736756801605]
[1.0, 0.5507667064666748, 0.4492332935333252]
[1.0, 0.5506982803344727, 0.44930171966552734]
[1.0, 0.550710141658783, 0.44928985834121704]
[1.0, 0.5507985353469849, 0.4492014944553375]
[1.0, 0.5507333278656006, 0.449266642332077]
[1.0, 0.5508090853691101, 0.4491909146308899]
[1.0, 0.5508205890655518, 0.44917938113212585]
[1.0, 0.5507367253303528, 0.4492632746696472]
[1.0, 0.5507844686508179, 0.4492155611515045]
[1.0, 0.5507918000221252, 0.44920819997787476]
[1.0, 0.5508559346199036, 0.44914406538009644]
[1.0, 0.5507904291152954, 0.4492095708847046]
[1.0, 0.5506393909454346, 0.4493606388568878]
[1.0, 0.5507556796073914, 0.44924432039260864]
[1.0, 0.5506868958473206, 0.44931310415267944]
[1.0, 0.5507171154022217, 0.44928285479545593]
[1.0, 0.5507382750511169, 0.44926172494888306]
[1.0, 0.5506982207298279, 0.4493017792701721]
[1.0, 0.5508763194084167, 0.44912368059158325]
[1.0, 0.5508828163146973, 0.44911718368530273]
[1.0, 0.5507404804229736, 0.44925951957702637]
[1.0, 0.550803542137146, 0.4491964876651764]
[1.0, 0.550586462020874, 0.44941356778144836]
[1.0, 0.5507287979125977, 0.44927123188972473]
[1.0, 0.5505609512329102, 0.44943904876708984]
[1.0, 0.5507346391677856, 0.44926539063453674]
[1.0, 0.5506927967071533, 0.4493071734905243]
[1.0, 0.5508748292922974, 0.449125200510025]
[1.0, 0.5511032342910767, 0.4488967955112457]
[1.0, 0.5509896278381348, 0.44901034235954285]
[1.0, 0.550870954990387, 0.44912904500961304]
[1.0, 0.5508396625518799, 0.4491603672504425]
[1.0, 0.5509265661239624, 0.44907346367836]
[1.0, 0.5509195327758789, 0.4490804970264435]
[1.0, 0.5509382486343384, 0.4490617513656616]
[1.0, 0.5509606599807739, 0.4490393400192261]
[1.0, 0.5508919954299927, 0.4491080045700073]
[1.0, 0.5509076118469238, 0.4490923583507538]
[1.0, 0.5508999824523926, 0.4491000473499298]
[1.0, 0.5508660078048706, 0.449133962392807]
[1.0, 0.5508345365524292, 0.4491654336452484]
[1.0, 0.5508949756622314, 0.44910502433776855]
[1.0, 0.550885796546936, 0.44911423325538635]
[1.0, 0.5508171319961548, 0.4491828382015228]
[1.0, 0.5507971048355103, 0.44920289516448975]
[1.0, 0.5509064197540283, 0.4490935802459717]
[1.0, 0.5508564710617065, 0.44914349913597107]
[1.0, 0.5507549047470093, 0.4492451250553131]
[1.0, 0.5508559942245483, 0.4491439759731293]
[1.0, 0.5508291721343994, 0.4491707980632782]
[1.0, 0.5507819652557373, 0.4492180347442627]
[1.0, 0.5508525371551514, 0.44914743304252625]
[1.0, 0.5509639382362366, 0.4490360617637634]
[1.0, 0.5508867502212524, 0.44911327958106995]
[1.0, 0.5509210824966431, 0.4490789473056793]
[1.0, 0.5508763194084167, 0.44912368059158325]
[1.0, 0.5508565902709961, 0.4491433799266815]
[1.0, 0.5508852601051331, 0.44911473989486694]
[1.0, 0.5507491230964661, 0.44925087690353394]
[1.0, 0.5507879257202148, 0.44921207427978516]
[1.0, 0.55078125, 0.4492187201976776]
[1.0, 0.5508167743682861, 0.44918322563171387]
[1.0, 0.5508289933204651, 0.4491710066795349]
[1.0, 0.5507985949516296, 0.44920140504837036]
[1.0, 0.5509059429168701, 0.4490940570831299]
[1.0, 0.5509905815124512, 0.4490094482898712]
[1.0, 0.5510759353637695, 0.44892409443855286]
[1.0, 0.5509028434753418, 0.4490971267223358]
[1.0, 0.5508570671081543, 0.4491429030895233]
[1.0, 0.5506436824798584, 0.4493563175201416]
[1.0, 0.55049729347229, 0.44950270652770996]
[1.0, 0.5506757497787476, 0.44932422041893005]
[1.0, 0.5505362749099731, 0.44946375489234924]
[1.0, 0.5505861043930054, 0.44941389560699463]
[1.0, 0.5506286025047302, 0.4493713974952698]
[1.0, 0.5506001114845276, 0.4493998885154724]
[1.0, 0.5505586862564087, 0.4494413435459137]
[1.0, 0.5507827997207642, 0.4492172300815582]
[1.0, 0.5506638288497925, 0.44933614134788513]
[1.0, 0.5507856011390686, 0.4492143988609314]
[1.0, 0.5506315231323242, 0.44936850666999817]
[1.0, 0.5509384870529175, 0.4490615129470825]
[1.0, 0.5509648323059082, 0.4490351676940918]
[1.0, 0.5509073734283447, 0.4490925967693329]
[1.0, 0.5508545637130737, 0.4491454064846039]
[1.0, 0.5506378412246704, 0.4493621289730072]
[1.0, 0.5506776571273804, 0.449322372674942]
[1.0, 0.5506612658500671, 0.44933873414993286]
[1.0, 0.550554633140564, 0.44944533705711365]
[1.0, 0.5504776239395142, 0.44952237606048584]
[1.0, 0.5505648851394653, 0.4494350850582123]
[1.0, 0.550546407699585, 0.4494536221027374]
[1.0, 0.5507770776748657, 0.44922295212745667]
[1.0, 0.5507162809371948, 0.4492837190628052]
[1.0, 0.5507440567016602, 0.44925591349601746]
[1.0, 0.5506046414375305, 0.4493953585624695]
[1.0, 0.5507436990737915, 0.4492563009262085]
[1.0, 0.5506185293197632, 0.44938144087791443]
[1.0, 0.5508662462234497, 0.4491337835788727]
[1.0, 0.5507779121398926, 0.4492220878601074]
[1.0, 0.5509192943572998, 0.4490806758403778]
[1.0, 0.5508836507797241, 0.4491163492202759]
[1.0, 0.5508580207824707, 0.4491419494152069]
[1.0, 0.5508733987808228, 0.44912657141685486]
[1.0, 0.5508307814598083, 0.44916921854019165]
[1.0, 0.5506834983825684, 0.44931650161743164]
[1.0, 0.5507574677467346, 0.4492425322532654]
[1.0, 0.5507193803787231, 0.44928064942359924]
[1.0, 0.5507044792175293, 0.4492955207824707]
[1.0, 0.5506201982498169, 0.4493797719478607]
[1.0, 0.5506128072738647, 0.44938719272613525]
[1.0, 0.5507052540779114, 0.4492947459220886]
[1.0, 0.5506726503372192, 0.44932734966278076]
[1.0, 0.5506120920181274, 0.44938793778419495]
[1.0, 0.5507017374038696, 0.449298232793808]
[1.0, 0.5509501695632935, 0.44904983043670654]
[1.0, 0.5508608818054199, 0.44913914799690247]
[1.0, 0.5507488250732422, 0.4492511451244354]
[1.0, 0.5508666634559631, 0.44913333654403687]
[1.0, 0.5508537292480469, 0.4491462707519531]
[1.0, 0.5508456230163574, 0.4491543471813202]
[1.0, 0.5508556365966797, 0.4491443634033203]
[1.0, 0.5508824586868286, 0.449117511510849]
[1.0, 0.5508530139923096, 0.44914695620536804]
[1.0, 0.5509060621261597, 0.4490939676761627]
[1.0, 0.5508490800857544, 0.4491508901119232]
[1.0, 0.5508130192756653, 0.4491869807243347]
[1.0, 0.5507204532623291, 0.4492795467376709]
[1.0, 0.5507053136825562, 0.44929465651512146]
[1.0, 0.5506801605224609, 0.44931986927986145]
[1.0, 0.5507562160491943, 0.44924378395080566]
[1.0, 0.5507347583770752, 0.4492652118206024]
[1.0, 0.5508120059967041, 0.4491880238056183]
[1.0, 0.5507580041885376, 0.4492419958114624]
[1.0, 0.5508315563201904, 0.4491684138774872]
[1.0, 0.5507556200027466, 0.4492444097995758]
[1.0, 0.5506943464279175, 0.4493056833744049]
[1.0, 0.5506620407104492, 0.44933798909187317]
[1.0, 0.5506711006164551, 0.4493289291858673]
[1.0, 0.5508957505226135, 0.4491042494773865]
[1.0, 0.5507196187973022, 0.44928041100502014]
[1.0, 0.5507082939147949, 0.4492916762828827]
[1.0, 0.5506976842880249, 0.4493023455142975]
[1.0, 0.5506607294082642, 0.44933924078941345]
[1.0, 0.5507556796073914, 0.44924432039260864]
[1.0, 0.5506294965744019, 0.44937053322792053]
[1.0, 0.5507644414901733, 0.4492355287075043]
[1.0, 0.5506581664085388, 0.4493418335914612]
[1.0, 0.5507592558860779, 0.4492407441139221]
[1.0, 0.5507164001464844, 0.4492835998535156]
[1.0, 0.550755500793457, 0.4492444694042206]
[1.0, 0.5507307648658752, 0.44926923513412476]
[1.0, 0.550805926322937, 0.4491941034793854]
[1.0, 0.550816535949707, 0.44918346405029297]
[1.0, 0.550913393497467, 0.44908660650253296]
[1.0, 0.550724983215332, 0.44927501678466797]
[1.0, 0.5508005619049072, 0.44919946789741516]
[1.0, 0.5509366989135742, 0.4490632712841034]
[1.0, 0.5508460998535156, 0.449153870344162]
[1.0, 0.5507821440696716, 0.44921785593032837]
[1.0, 0.5507276058197021, 0.44927242398262024]
[1.0, 0.5509554147720337, 0.4490446150302887]
[1.0, 0.5509257316589355, 0.44907423853874207]
[1.0, 0.5508859157562256, 0.449114054441452]
[1.0, 0.550871729850769, 0.44912829995155334]
[1.0, 0.5509163737297058, 0.4490836262702942]
[1.0, 0.5510263442993164, 0.448973685503006]
[1.0, 0.55100417137146, 0.44899579882621765]
[1.0, 0.5509609580039978, 0.4490390419960022]
[1.0, 0.5508888959884644, 0.44911107420921326]
[1.0, 0.5508183240890503, 0.4491816759109497]
[1.0, 0.5510240793228149, 0.44897589087486267]
[1.0, 0.5508735179901123, 0.4491265118122101]
[1.0, 0.550881028175354, 0.449118971824646]
[1.0, 0.5509069561958313, 0.4490930438041687]
[1.0, 0.550881028175354, 0.449118971824646]
[1.0, 0.5508494973182678, 0.4491505026817322]
[1.0, 0.5508081912994385, 0.44919177889823914]
[1.0, 0.5507832169532776, 0.4492167830467224]
[1.0, 0.5508355498313904, 0.4491644501686096]
[1.0, 0.5508068799972534, 0.4491930902004242]
[1.0, 0.5508412718772888, 0.4491587281227112]
[1.0, 0.5509155988693237, 0.44908443093299866]
[1.0, 0.5509480834007263, 0.4490519165992737]
[1.0, 0.5508888363838196, 0.4491111636161804]
[1.0, 0.551018476486206, 0.44898152351379395]
[1.0, 0.5510461330413818, 0.4489538371562958]
[1.0, 0.5509239435195923, 0.4490760564804077]
[1.0, 0.5509370565414429, 0.44906294345855713]
[1.0, 0.5510008335113525, 0.4489991366863251]
[1.0, 0.5509270429611206, 0.4490729868412018]
[1.0, 0.5508562326431274, 0.44914373755455017]
[1.0, 0.5509023666381836, 0.449097603559494]
[1.0, 0.5510001182556152, 0.44899988174438477]
[1.0, 0.5510605573654175, 0.44893941283226013]
[1.0, 0.5509442090988159, 0.4490557909011841]
[1.0, 0.5510218143463135, 0.4489781856536865]
[1.0, 0.55080246925354, 0.44919756054878235]
[1.0, 0.5507175922393799, 0.4492824375629425]
[1.0, 0.5506319403648376, 0.44936805963516235]
[1.0, 0.5507426857948303, 0.4492573142051697]
[1.0, 0.5509001016616821, 0.44909992814064026]
[1.0, 0.5507766008377075, 0.44922342896461487]
[1.0, 0.5508180260658264, 0.4491819739341736]
[1.0, 0.5507750511169434, 0.44922497868537903]
[1.0, 0.5507287383079529, 0.4492712616920471]
[1.0, 0.5508375763893127, 0.44916242361068726]
[1.0, 0.5509796142578125, 0.4490203559398651]
[1.0, 0.5508707761764526, 0.44912925362586975]
[1.0, 0.5508808493614197, 0.4491191506385803]
[1.0, 0.5508646368980408, 0.44913536310195923]
[1.0, 0.550809383392334, 0.449190616607666]
[1.0, 0.5508424639701843, 0.4491575360298157]
[1.0, 0.5507261753082275, 0.44927382469177246]
[1.0, 0.5507158041000366, 0.449284166097641]
[1.0, 0.5505945682525635, 0.4494054317474365]
[1.0, 0.5506487488746643, 0.4493512511253357]
[1.0, 0.5506613254547119, 0.4493386447429657]
[1.0, 0.5506875514984131, 0.4493124186992645]
[1.0, 0.5507745742797852, 0.44922539591789246]
[1.0, 0.5508744716644287, 0.4491255581378937]
[1.0, 0.550858736038208, 0.449141263961792]
[1.0, 0.5508620738983154, 0.4491378962993622]
[1.0, 0.5508968234062195, 0.4491031765937805]
[1.0, 0.5509291887283325, 0.4490707814693451]
[1.0, 0.5509147047996521, 0.4490852952003479]
[1.0, 0.550839900970459, 0.4491601288318634]
[1.0, 0.5509055256843567, 0.4490944743156433]
[1.0, 0.5509252548217773, 0.44907477498054504]
[1.0, 0.5507771372795105, 0.4492228627204895]
[1.0, 0.5509182214736938, 0.44908174872398376]
[1.0, 0.5508920550346375, 0.44910794496536255]
[1.0, 0.5508657097816467, 0.44913429021835327]
[1.0, 0.5507515668869019, 0.44924846291542053]
[1.0, 0.5508413314819336, 0.4491586983203888]
[1.0, 0.5509157180786133, 0.4490842819213867]
[1.0, 0.550856351852417, 0.4491436779499054]
[1.0, 0.5507887005805969, 0.4492112994194031]
[1.0, 0.5508830547332764, 0.44911694526672363]
[1.0, 0.5509341955184937, 0.44906577467918396]
[1.0, 0.5509060621261597, 0.4490939676761627]
[1.0, 0.550898551940918, 0.44910144805908203]
[1.0, 0.5507754683494568, 0.4492245316505432]
[1.0, 0.5508764982223511, 0.44912347197532654]
[1.0, 0.5508370399475098, 0.44916296005249023]
[1.0, 0.5509030818939209, 0.4490969479084015]
[1.0, 0.5508973598480225, 0.44910261034965515]
[1.0, 0.5509816408157349, 0.4490183889865875]
[1.0, 0.5509493350982666, 0.4490506947040558]
[1.0, 0.5509546995162964, 0.449045330286026]
[1.0, 0.5510135293006897, 0.4489864706993103]
[1.0, 0.5509337782859802, 0.4490662217140198]
[1.0, 0.5509311556816101, 0.4490688443183899]
[1.0, 0.5510143041610718, 0.4489856958389282]
[1.0, 0.550865650177002, 0.44913434982299805]
[1.0, 0.5508953332901001, 0.4491046369075775]
[1.0, 0.5508189797401428, 0.4491810202598572]
[1.0, 0.5508301258087158, 0.44916990399360657]
[1.0, 0.5507733821868896, 0.44922661781311035]
[1.0, 0.550850510597229, 0.449149489402771]
[1.0, 0.5508660078048706, 0.449133962392807]
[1.0, 0.5508444309234619, 0.4491555988788605]
[1.0, 0.5509523153305054, 0.449047714471817]
[1.0, 0.5509392619132996, 0.44906073808670044]
[1.0, 0.5508923530578613, 0.44910764694213867]
[1.0, 0.5510032176971436, 0.44899678230285645]
[1.0, 0.5509607791900635, 0.4490392506122589]
[1.0, 0.5510504245758057, 0.44894954562187195]
[1.0, 0.5510302782058716, 0.44896969199180603]
[1.0, 0.5509929656982422, 0.4490070343017578]
[1.0, 0.5509545803070068, 0.44904544949531555]
[1.0, 0.5509051084518433, 0.4490949213504791]
[1.0, 0.5509240627288818, 0.44907596707344055]
[1.0, 0.5508390665054321, 0.4491609036922455]
[1.0, 0.550909161567688, 0.4490908682346344]
[1.0, 0.5508185029029846, 0.4491814970970154]
[1.0, 0.550897479057312, 0.449102520942688]
[1.0, 0.5508722066879272, 0.44912782311439514]
[1.0, 0.5508884191513062, 0.44911155104637146]
[1.0, 0.5508753657341003, 0.44912463426589966]
[1.0, 0.5508854985237122, 0.44911450147628784]
[1.0, 0.551026463508606, 0.44897356629371643]
[1.0, 0.5508956909179688, 0.44910433888435364]
[1.0, 0.5508869886398315, 0.44911301136016846]
[1.0, 0.5509693622589111, 0.44903063774108887]
[1.0, 0.5509829521179199, 0.44901707768440247]
[1.0, 0.5508235692977905, 0.4491764008998871]
[1.0, 0.5508497953414917, 0.4491502344608307]
[1.0, 0.5508956909179688, 0.44910427927970886]
[1.0, 0.5508663654327393, 0.44913366436958313]
[1.0, 0.550896406173706, 0.44910356402397156]
[1.0, 0.5508426427841187, 0.44915732741355896]
[1.0, 0.5508745908737183, 0.44912540912628174]
[1.0, 0.5508651733398438, 0.44913482666015625]
[1.0, 0.5508605241775513, 0.44913944602012634]
[1.0, 0.5508731603622437, 0.44912683963775635]
[1.0, 0.550955057144165, 0.4490449130535126]
[1.0, 0.5510841608047485, 0.4489158093929291]
[1.0, 0.5510616302490234, 0.44893839955329895]
[1.0, 0.5509065389633179, 0.44909346103668213]
[1.0, 0.5509921908378601, 0.4490078091621399]
[1.0, 0.5510687828063965, 0.44893118739128113]
[1.0, 0.5509126782417297, 0.44908732175827026]
[1.0, 0.5510355234146118, 0.4489644467830658]
[1.0, 0.5510680675506592, 0.4489319622516632]
[1.0, 0.5509810447692871, 0.4490189552307129]
[1.0, 0.5511741638183594, 0.44882580637931824]
[1.0, 0.5509366989135742, 0.4490632712841034]
[1.0, 0.5510563254356384, 0.4489436745643616]
[1.0, 0.5510671734809875, 0.44893282651901245]
[1.0, 0.5510260462760925, 0.44897395372390747]
[1.0, 0.5510433316230774, 0.4489566683769226]
[1.0, 0.5509325265884399, 0.44906750321388245]
[1.0, 0.5508595705032349, 0.4491404592990875]
[1.0, 0.5509611368179321, 0.44903886318206787]
[1.0, 0.5510179996490479, 0.44898203015327454]
[1.0, 0.5508405566215515, 0.4491594433784485]
[1.0, 0.5509669184684753, 0.44903308153152466]
[1.0, 0.5509084463119507, 0.4490915834903717]
[1.0, 0.5511085987091064, 0.44889137148857117]
[1.0, 0.5509852170944214, 0.449014812707901]
[1.0, 0.5510876178741455, 0.4489124119281769]
[1.0, 0.5509271025657654, 0.4490728974342346]
[1.0, 0.550977349281311, 0.4490226209163666]
[1.0, 0.5508344173431396, 0.44916555285453796]
[1.0, 0.5508100390434265, 0.4491899609565735]
[1.0, 0.5508029460906982, 0.44919708371162415]
[1.0, 0.5508029460906982, 0.44919708371162415]
[1.0, 0.5507467985153198, 0.4492531716823578]
[1.0, 0.5508198738098145, 0.44918009638786316]
[1.0, 0.5507696866989136, 0.44923028349876404]
[1.0, 0.5507946014404297, 0.4492053985595703]
[1.0, 0.5508405566215515, 0.4491594433784485]
[1.0, 0.5507517457008362, 0.4492482542991638]
[1.0, 0.5508586168289185, 0.44914141297340393]
[1.0, 0.5507525205612183, 0.44924744963645935]
[1.0, 0.5507955551147461, 0.4492044448852539]
[1.0, 0.5509058237075806, 0.4490942060947418]
[1.0, 0.5508112907409668, 0.4491887092590332]
[1.0, 0.5506186485290527, 0.44938135147094727]
[1.0, 0.5510959625244141, 0.44890403747558594]
[1.0, 0.5510419607162476, 0.44895800948143005]
[1.0, 0.5510679483413696, 0.44893205165863037]
[1.0, 0.551038384437561, 0.44896161556243896]
[1.0, 0.5509727001190186, 0.44902732968330383]
[1.0, 0.5510549545288086, 0.4489450454711914]
[1.0, 0.5510302782058716, 0.4489697217941284]
[1.0, 0.5509552955627441, 0.44904473423957825]
[1.0, 0.5509593486785889, 0.4490406811237335]
[1.0, 0.5510118007659912, 0.4489881992340088]
[1.0, 0.5509746074676514, 0.44902539253234863]
[1.0, 0.5509438514709473, 0.44905614852905273]
[1.0, 0.551010251045227, 0.44898971915245056]
[1.0, 0.550769567489624, 0.44923046231269836]
[1.0, 0.5507639050483704, 0.44923609495162964]
[1.0, 0.5507714748382568, 0.4492284953594208]
[1.0, 0.5508180856704712, 0.4491818845272064]
[1.0, 0.5507745742797852, 0.44922545552253723]
[1.0, 0.5507736206054688, 0.44922640919685364]
[1.0, 0.5507215261459351, 0.44927844405174255]
[1.0, 0.5508323311805725, 0.4491676688194275]
[1.0, 0.550804078578949, 0.449195921421051]
[1.0, 0.55080246925354, 0.44919756054878235]
[1.0, 0.5508213043212891, 0.44917869567871094]
[1.0, 0.5509297847747803, 0.4490702450275421]
[1.0, 0.5509868860244751, 0.4490131437778473]
[1.0, 0.5509413480758667, 0.4490586519241333]
[1.0, 0.5508506894111633, 0.44914931058883667]
[1.0, 0.5508333444595337, 0.4491666257381439]
[1.0, 0.5507278442382812, 0.44927218556404114]
[1.0, 0.550763726234436, 0.4492362439632416]
[1.0, 0.5507755279541016, 0.4492245018482208]
[1.0, 0.5507906675338745, 0.4492093324661255]
[1.0, 0.5507492423057556, 0.4492507576942444]
[1.0, 0.5508182048797607, 0.44918176531791687]
[1.0, 0.5508214831352234, 0.4491785168647766]
[1.0, 0.5508372783660889, 0.44916272163391113]
[1.0, 0.5508049726486206, 0.4491950571537018]
[1.0, 0.5508848428726196, 0.449115127325058]
[1.0, 0.5509647130966187, 0.44903528690338135]
[1.0, 0.5510240197181702, 0.44897598028182983]
[1.0, 0.5508902668952942, 0.4491097331047058]
[1.0, 0.5510044097900391, 0.44899559020996094]
[1.0, 0.5510653853416443, 0.4489346146583557]
[1.0, 0.5512087941169739, 0.4487912058830261]
[1.0, 0.5511569976806641, 0.44884300231933594]
[1.0, 0.5510908961296082, 0.44890910387039185]
[1.0, 0.5511144399642944, 0.44888558983802795]
[1.0, 0.5511991381645203, 0.44880086183547974]
[1.0, 0.5511554479598999, 0.4488445222377777]
[1.0, 0.5511108040809631, 0.44888919591903687]
[1.0, 0.551082968711853, 0.448917031288147]
[1.0, 0.5511214137077332, 0.44887858629226685]
[1.0, 0.5511336326599121, 0.4488663375377655]
[1.0, 0.5510491132736206, 0.4489508867263794]
[1.0, 0.5508527755737305, 0.44914722442626953]
[1.0, 0.5508827567100525, 0.4491172432899475]
[1.0, 0.5509926676750183, 0.4490073323249817]
[1.0, 0.5509955883026123, 0.4490044414997101]
[1.0, 0.5509570837020874, 0.4490428864955902]
[1.0, 0.5509575605392456, 0.4490424692630768]
[1.0, 0.5509965419769287, 0.4490034878253937]
[1.0, 0.5510838031768799, 0.4489161968231201]
[1.0, 0.5510291457176208, 0.44897085428237915]
[1.0, 0.5510262250900269, 0.44897377490997314]
[1.0, 0.5513220429420471, 0.4486779570579529]
[1.0, 0.5513268709182739, 0.4486731290817261]
[1.0, 0.5516802072525024, 0.44831982254981995]
[1.0, 0.551329493522644, 0.44867053627967834]
[1.0, 0.5512591004371643, 0.4487408995628357]
[1.0, 0.5511631965637207, 0.4488368332386017]
[1.0, 0.5513685941696167, 0.4486313760280609]
[1.0, 0.5512360334396362, 0.4487639367580414]
[1.0, 0.5512418746948242, 0.4487580955028534]
[1.0, 0.5512838363647461, 0.4487161636352539]
[1.0, 0.5512937307357788, 0.4487062394618988]
[1.0, 0.5513120889663696, 0.44868791103363037]
[1.0, 0.5513172745704651, 0.4486827254295349]
[1.0, 0.5512838363647461, 0.4487161338329315]
[1.0, 0.5512044429779053, 0.44879552721977234]
[1.0, 0.5511900186538696, 0.448809951543808]
[1.0, 0.551356315612793, 0.4486437141895294]
[1.0, 0.5513007640838623, 0.4486992359161377]
[1.0, 0.5512869358062744, 0.4487130641937256]
[1.0, 0.5512517094612122, 0.44874829053878784]
[1.0, 0.5513118505477905, 0.44868817925453186]
[1.0, 0.5512465238571167, 0.4487534761428833]
[1.0, 0.5511574745178223, 0.4488425552845001]
[1.0, 0.5511935949325562, 0.44880643486976624]
[1.0, 0.5511885285377502, 0.44881147146224976]
[1.0, 0.5512739419937134, 0.4487260580062866]
[1.0, 0.5512051582336426, 0.4487948715686798]
[1.0, 0.5511257648468018, 0.44887420535087585]
[1.0, 0.5510846972465515, 0.4489153027534485]
[1.0, 0.5513350963592529, 0.4486648738384247]
[1.0, 0.5512940883636475, 0.4487059414386749]
[1.0, 0.5516853332519531, 0.44831469655036926]
[1.0, 0.5513980984687805, 0.4486019015312195]
[1.0, 0.551378607749939, 0.4486214220523834]
[1.0, 0.5512868165969849, 0.44871315360069275]
[1.0, 0.5512531399726868, 0.44874686002731323]
[1.0, 0.5512484312057495, 0.4487515687942505]
[1.0, 0.5509070158004761, 0.4490929841995239]
[1.0, 0.5509073734283447, 0.4490925967693329]
[1.0, 0.5509658455848694, 0.4490341544151306]
[1.0, 0.550832986831665, 0.44916704297065735]
[1.0, 0.5508389472961426, 0.4491610825061798]
[1.0, 0.5508368015289307, 0.44916319847106934]
[1.0, 0.5508678555488586, 0.44913214445114136]
[1.0, 0.5508993268013, 0.44910067319869995]
[1.0, 0.5507564544677734, 0.4492435157299042]
[1.0, 0.5507461428642273, 0.4492538571357727]
[1.0, 0.5507235527038574, 0.44927647709846497]
[1.0, 0.5508917570114136, 0.4491082429885864]
[1.0, 0.5509151220321655, 0.44908490777015686]
[1.0, 0.5507976412773132, 0.44920235872268677]
[1.0, 0.5509447455406189, 0.4490552544593811]
[1.0, 0.5509120225906372, 0.4490879774093628]
[1.0, 0.550991415977478, 0.449008584022522]
[1.0, 0.5508927702903748, 0.44910722970962524]
[1.0, 0.5508167743682861, 0.44918322563171387]
[1.0, 0.5509064197540283, 0.44909361004829407]
[1.0, 0.5508907437324524, 0.4491092562675476]
[1.0, 0.5508118867874146, 0.44918811321258545]
[1.0, 0.5507258176803589, 0.4492741525173187]
[1.0, 0.5507245063781738, 0.44927549362182617]
[1.0, 0.550649881362915, 0.44935011863708496]
[1.0, 0.55072420835495, 0.44927579164505005]
[1.0, 0.550710141658783, 0.44928985834121704]
[1.0, 0.5508360266685486, 0.4491639733314514]
[1.0, 0.5507462620735168, 0.44925373792648315]
[1.0, 0.5508494973182678, 0.4491505026817322]
[1.0, 0.5508518218994141, 0.4491482079029083]
[1.0, 0.5508944988250732, 0.44910550117492676]
[1.0, 0.5512813329696655, 0.4487186372280121]
[1.0, 0.5511142015457153, 0.44888582825660706]
[1.0, 0.5509316325187683, 0.4490683674812317]
[1.0, 0.550952672958374, 0.449047327041626]
[1.0, 0.5508469343185425, 0.4491530954837799]
[1.0, 0.5507651567459106, 0.44923484325408936]
[1.0, 0.5508302450180054, 0.44916975498199463]
[1.0, 0.5508067607879639, 0.44919323921203613]
[1.0, 0.5507794618606567, 0.4492205083370209]
[1.0, 0.5508178472518921, 0.4491821527481079]
[1.0, 0.5507428646087646, 0.44925710558891296]
[1.0, 0.5508601069450378, 0.44913989305496216]
[1.0, 0.5508095026016235, 0.4491904675960541]
[1.0, 0.5507075786590576, 0.44929245114326477]
[1.0, 0.5507292747497559, 0.44927072525024414]
[1.0, 0.550848126411438, 0.4491518437862396]
[1.0, 0.5506404042243958, 0.44935959577560425]
[1.0, 0.5506871938705444, 0.44931283593177795]
[1.0, 0.5506693124771118, 0.44933071732521057]
[1.0, 0.5508245229721069, 0.44917550683021545]
[1.0, 0.5509020686149597, 0.4490979313850403]
[1.0, 0.5508369207382202, 0.4491631090641022]
[1.0, 0.5506935119628906, 0.4493064880371094]
[1.0, 0.5506843328475952, 0.4493156373500824]
[1.0, 0.5506910085678101, 0.44930896162986755]
[1.0, 0.5506994724273682, 0.44930052757263184]
[1.0, 0.5507533550262451, 0.4492466151714325]
[1.0, 0.5506449341773987, 0.4493550658226013]
[1.0, 0.5506843328475952, 0.4493156373500824]
[1.0, 0.5507254600524902, 0.44927453994750977]
[1.0, 0.5507253408432007, 0.44927462935447693]
[1.0, 0.5506963729858398, 0.44930359721183777]
[1.0, 0.5506391525268555, 0.4493608772754669]
[1.0, 0.5506453514099121, 0.4493546783924103]
[1.0, 0.5506309270858765, 0.44936907291412354]
[1.0, 0.5506709814071655, 0.4493290185928345]
[1.0, 0.5507748126983643, 0.44922515749931335]
[1.0, 0.5507404804229736, 0.44925951957702637]
[1.0, 0.5507625341415405, 0.44923749566078186]
[1.0, 0.5507725477218628, 0.4492274820804596]
[1.0, 0.5508049130439758, 0.44919508695602417]
[1.0, 0.5508684515953064, 0.4491315484046936]
[1.0, 0.550908088684082, 0.4490918815135956]
[1.0, 0.5507562160491943, 0.4492437541484833]
[1.0, 0.5507749319076538, 0.4492250680923462]
[1.0, 0.5506932735443115, 0.4493066966533661]
[1.0, 0.5506117343902588, 0.4493882358074188]
[1.0, 0.5507112741470337, 0.4492886960506439]
[1.0, 0.5507012605667114, 0.4492987394332886]
[1.0, 0.5507421493530273, 0.44925788044929504]
[1.0, 0.5507791042327881, 0.4492209255695343]
[1.0, 0.5507786870002747, 0.44922131299972534]
[1.0, 0.5507276654243469, 0.4492723345756531]
[1.0, 0.5507078170776367, 0.4492921531200409]
[1.0, 0.5510197877883911, 0.4489802122116089]
[1.0, 0.5509514212608337, 0.44904857873916626]
[1.0, 0.5508978366851807, 0.44910213351249695]
[1.0, 0.5508912205696106, 0.4491087794303894]
[1.0, 0.5509954690933228, 0.44900453090667725]
[1.0, 0.5510834455490112, 0.44891658425331116]
[1.0, 0.5510377883911133, 0.4489622414112091]
[1.0, 0.5510817766189575, 0.4489182233810425]
[1.0, 0.551115870475769, 0.44888409972190857]
[1.0, 0.5510470867156982, 0.44895291328430176]
[1.0, 0.5510908365249634, 0.44890913367271423]
[1.0, 0.5511155128479004, 0.4488844573497772]
[1.0, 0.5510356426239014, 0.44896435737609863]
[1.0, 0.5510518550872803, 0.44894811511039734]
[1.0, 0.5510059595108032, 0.4489940404891968]
[1.0, 0.551032304763794, 0.44896772503852844]
[1.0, 0.5509225726127625, 0.44907742738723755]
[1.0, 0.5509197115898132, 0.44908028841018677]
[1.0, 0.550926148891449, 0.449073851108551]
[1.0, 0.5509097576141357, 0.44909021258354187]
[1.0, 0.5508943796157837, 0.4491055905818939]
[1.0, 0.5508890151977539, 0.4491109848022461]
[1.0, 0.5508495569229126, 0.4491504728794098]
[1.0, 0.5508334636688232, 0.44916653633117676]
[1.0, 0.5509908199310303, 0.44900915026664734]
[1.0, 0.5509121417999268, 0.44908788800239563]
[1.0, 0.5509223937988281, 0.4490776062011719]
[1.0, 0.5509899854660034, 0.4490100145339966]
[1.0, 0.5509823560714722, 0.44901761412620544]
[1.0, 0.5509737730026245, 0.4490261971950531]
[1.0, 0.55097496509552, 0.4490250051021576]
[1.0, 0.5508818626403809, 0.44911810755729675]
[1.0, 0.5507776737213135, 0.44922229647636414]
[1.0, 0.5507936477661133, 0.4492063522338867]
[1.0, 0.5509868264198303, 0.4490131735801697]
[1.0, 0.550859808921814, 0.4491402208805084]
[1.0, 0.5508779287338257, 0.44912204146385193]
[1.0, 0.5508909225463867, 0.44910910725593567]
[1.0, 0.550886869430542, 0.449113130569458]
[1.0, 0.5508111715316772, 0.44918879866600037]
[1.0, 0.5508496761322021, 0.44915032386779785]
[1.0, 0.5509206056594849, 0.44907939434051514]
[1.0, 0.550757884979248, 0.44924211502075195]
[1.0, 0.550751805305481, 0.44924816489219666]
[1.0, 0.550910234451294, 0.44908976554870605]
[1.0, 0.5508811473846436, 0.44911885261535645]
[1.0, 0.5508419275283813, 0.44915810227394104]
[1.0, 0.550870418548584, 0.44912955164909363]
[1.0, 0.5508964657783508, 0.44910353422164917]
[1.0, 0.55085289478302, 0.44914713501930237]
[1.0, 0.5507835149765015, 0.4492165148258209]
[1.0, 0.5508167743682861, 0.44918322563171387]
[1.0, 0.5508324503898621, 0.44916754961013794]
[1.0, 0.5509122014045715, 0.44908779859542847]
[1.0, 0.5509509444236755, 0.44904905557632446]
[1.0, 0.5509278774261475, 0.44907212257385254]
[1.0, 0.5510032176971436, 0.44899675250053406]
[1.0, 0.551000714302063, 0.448999285697937]
[1.0, 0.5510985851287842, 0.4489014446735382]
[1.0, 0.5510616302490234, 0.44893839955329895]
[1.0, 0.5510419011116028, 0.4489580988883972]
[1.0, 0.5511045455932617, 0.44889548420906067]
[1.0, 0.5509898662567139, 0.4490101635456085]
[1.0, 0.5511003136634827, 0.44889968633651733]
[1.0, 0.5509053468704224, 0.4490946829319]
[1.0, 0.5509860515594482, 0.44901394844055176]
[1.0, 0.5512744784355164, 0.44872552156448364]
[1.0, 0.550445556640625, 0.4495544135570526]
[1.0, 0.5504945516586304, 0.44950544834136963]
[1.0, 0.5503672361373901, 0.44963276386260986]
[1.0, 0.5504836440086365, 0.4495163559913635]
[1.0, 0.5505020618438721, 0.44949793815612793]
[1.0, 0.550421953201294, 0.44957801699638367]
[1.0, 0.5505143404006958, 0.4494856595993042]
[1.0, 0.5505469441413879, 0.44945305585861206]
[1.0, 0.5505436658859253, 0.4494563341140747]
[1.0, 0.5504934787750244, 0.4495065212249756]
[1.0, 0.5507854223251343, 0.4492145776748657]
[1.0, 0.5508530139923096, 0.44914695620536804]
[1.0, 0.5508314967155457, 0.44916850328445435]
[1.0, 0.5509680509567261, 0.44903191924095154]
[1.0, 0.5509697198867798, 0.4490303099155426]
[1.0, 0.5509732961654663, 0.4490267336368561]
[1.0, 0.5508968830108643, 0.44910308718681335]
[1.0, 0.5509458780288696, 0.44905415177345276]
[1.0, 0.5510596632957458, 0.44894033670425415]
[1.0, 0.5509769916534424, 0.44902303814888]
[1.0, 0.5509634613990784, 0.44903653860092163]
[1.0, 0.5509928464889526, 0.44900718331336975]
[1.0, 0.5510708689689636, 0.4489291310310364]
[1.0, 0.5511538982391357, 0.44884607195854187]
[1.0, 0.551020622253418, 0.44897934794425964]
[1.0, 0.5511149168014526, 0.44888508319854736]
[1.0, 0.5511767864227295, 0.4488232135772705]
[1.0, 0.5512301921844482, 0.44876983761787415]
[1.0, 0.5510529279708862, 0.44894710183143616]
[1.0, 0.5510228276252747, 0.44897717237472534]
[1.0, 0.5511487722396851, 0.44885125756263733]
[1.0, 0.5510974526405334, 0.44890254735946655]
[1.0, 0.5508363246917725, 0.44916364550590515]
[1.0, 0.550784170627594, 0.449215829372406]
[1.0, 0.5508149862289429, 0.44918498396873474]
[1.0, 0.5509203672409058, 0.44907963275909424]
[1.0, 0.5508898496627808, 0.44911012053489685]
[1.0, 0.5508887767791748, 0.4491112530231476]
[1.0, 0.5508923530578613, 0.44910764694213867]
[1.0, 0.5509830117225647, 0.4490169882774353]
[1.0, 0.551020622253418, 0.44897934794425964]
[1.0, 0.551021933555603, 0.44897809624671936]
[1.0, 0.5510010719299316, 0.44899895787239075]
[1.0, 0.5509133338928223, 0.44908663630485535]
[1.0, 0.5510068535804749, 0.44899314641952515]
[1.0, 0.5509926080703735, 0.4490073621273041]
[1.0, 0.5509408712387085, 0.4490591287612915]
[1.0, 0.5510209798812866, 0.44897904992103577]
[1.0, 0.5515627861022949, 0.4484372138977051]
[0.0, 0.5518649816513062, 0.44813501834869385]
[0.0, 0.5518289804458618, 0.4481709897518158]
[0.0, 0.5518300533294678, 0.44816991686820984]
[0.0, 0.5517743825912476, 0.44822558760643005]
[0.0, 0.5518501996994019, 0.44814980030059814]
[0.0, 0.5517359972000122, 0.4482640326023102]
[0.0, 0.5517091751098633, 0.4482908248901367]
[1.0, 0.5514998435974121, 0.4485001266002655]
[1.0, 0.5514364242553711, 0.4485636055469513]
[1.0, 0.5515042543411255, 0.4484957158565521]
[1.0, 0.5515117645263672, 0.4484882652759552]
[1.0, 0.5514870882034302, 0.44851288199424744]
[1.0, 0.5515093803405762, 0.44849061965942383]
[1.0, 0.551421046257019, 0.44857898354530334]
[1.0, 0.5514635443687439, 0.4485364556312561]
[1.0, 0.5514011383056641, 0.44859883189201355]
[1.0, 0.5513479709625244, 0.4486519992351532]
[1.0, 0.5513958930969238, 0.44860410690307617]
[1.0, 0.5513808131217957, 0.44861918687820435]
[1.0, 0.5512609481811523, 0.44873908162117004]
[1.0, 0.5512646436691284, 0.44873538613319397]
[1.0, 0.55122971534729, 0.44877028465270996]
[1.0, 0.5512676239013672, 0.4487323462963104]
[1.0, 0.5510899424552917, 0.44891005754470825]
[1.0, 0.5510919690132141, 0.4489080309867859]
[1.0, 0.5511101484298706, 0.4488898813724518]
[1.0, 0.5512164235115051, 0.4487835764884949]
[1.0, 0.5511923432350159, 0.44880765676498413]
[1.0, 0.5510939955711365, 0.4489060044288635]
[1.0, 0.5513546466827393, 0.44864538311958313]
[1.0, 0.5512664914131165, 0.44873350858688354]
[1.0, 0.5511957406997681, 0.4488042891025543]
[1.0, 0.5511469841003418, 0.4488529860973358]
[1.0, 0.5511659383773804, 0.44883406162261963]
[1.0, 0.5512033700942993, 0.4487966001033783]
[1.0, 0.5510517954826355, 0.4489482045173645]
[1.0, 0.5510557889938354, 0.44894418120384216]
[1.0, 0.5511713027954102, 0.44882866740226746]
[1.0, 0.5511409640312195, 0.4488590359687805]
[1.0, 0.5509936809539795, 0.4490063488483429]
[1.0, 0.5511236786842346, 0.4488763213157654]
[1.0, 0.5511271953582764, 0.448872834444046]
[1.0, 0.5510419607162476, 0.44895800948143005]
[1.0, 0.5510196685791016, 0.4489803612232208]
[1.0, 0.551012396812439, 0.44898760318756104]
[1.0, 0.5509951114654541, 0.4490048587322235]
[1.0, 0.5510116219520569, 0.4489883780479431]
[1.0, 0.5510403513908386, 0.4489596486091614]
[1.0, 0.5510219931602478, 0.4489780068397522]
[1.0, 0.5510384440422058, 0.4489615559577942]
[1.0, 0.551115870475769, 0.44888409972190857]
[1.0, 0.5510544776916504, 0.4489455223083496]
[1.0, 0.5511250495910645, 0.44887498021125793]
[1.0, 0.5511065721511841, 0.4488934278488159]
[1.0, 0.551184892654419, 0.44881513714790344]
[1.0, 0.5512442588806152, 0.44875577092170715]
[1.0, 0.5515800714492798, 0.4484199285507202]
[1.0, 0.5516597032546997, 0.4483402669429779]
[1.0, 0.551411509513855, 0.44858846068382263]
[1.0, 0.5508843064308167, 0.44911569356918335]
[1.0, 0.5505632162094116, 0.44943681359291077]
[1.0, 0.5503617525100708, 0.4496382176876068]
[1.0, 0.5503404140472412, 0.4496595859527588]
[1.0, 0.5503325462341309, 0.44966742396354675]
[1.0, 0.5503264665603638, 0.4496735632419586]
[1.0, 0.5504045486450195, 0.44959548115730286]
[1.0, 0.550506591796875, 0.4494933784008026]
[1.0, 0.5504938364028931, 0.44950613379478455]
[1.0, 0.5504833459854126, 0.449516624212265]
[1.0, 0.5506294965744019, 0.44937047362327576]
[1.0, 0.5506390333175659, 0.44936099648475647]
[1.0, 0.5506089925765991, 0.44939103722572327]
[1.0, 0.5506218671798706, 0.4493781328201294]
[1.0, 0.5505837798118591, 0.44941622018814087]
[1.0, 0.5506423711776733, 0.44935762882232666]
[1.0, 0.5506433248519897, 0.44935664534568787]
[1.0, 0.5506219863891602, 0.44937804341316223]
[1.0, 0.5505565404891968, 0.44944342970848083]
[1.0, 0.550710916519165, 0.44928908348083496]
[1.0, 0.5508580207824707, 0.4491419494152069]
[1.0, 0.5509896874427795, 0.44901031255722046]
[1.0, 0.5508296489715576, 0.44917032122612]
[1.0, 0.551039457321167, 0.4489605128765106]
[1.0, 0.550977349281311, 0.4490226209163666]
[1.0, 0.5509032011032104, 0.44909682869911194]
[1.0, 0.5509051084518433, 0.44909486174583435]
[1.0, 0.5508807897567749, 0.4491192400455475]
[1.0, 0.5509271621704102, 0.44907280802726746]
[1.0, 0.5509368181228638, 0.44906318187713623]
[1.0, 0.5509521961212158, 0.44904783368110657]
[1.0, 0.5509448051452637, 0.44905519485473633]
[1.0, 0.5509622097015381, 0.4490377604961395]
[1.0, 0.5508971214294434, 0.44910290837287903]
[1.0, 0.5510078072547913, 0.44899219274520874]
[1.0, 0.5509639382362366, 0.4490360617637634]
[1.0, 0.5510522723197937, 0.4489477276802063]
[1.0, 0.551112174987793, 0.44888779520988464]
[1.0, 0.5509873628616333, 0.4490126073360443]
[1.0, 0.5510789155960083, 0.4489211142063141]
[1.0, 0.5507641434669495, 0.44923585653305054]
[1.0, 0.5506126880645752, 0.4493872821331024]
[1.0, 0.5506130456924438, 0.44938698410987854]
[1.0, 0.5506551861763, 0.44934481382369995]
[1.0, 0.5506847500801086, 0.44931524991989136]
[1.0, 0.5507066249847412, 0.4492933452129364]
[1.0, 0.5508466958999634, 0.4491533041000366]
[1.0, 0.5508307218551636, 0.4491693079471588]
[1.0, 0.5507616400718689, 0.4492383599281311]
[1.0, 0.550964891910553, 0.449035108089447]
[1.0, 0.5509164333343506, 0.4490835666656494]
[1.0, 0.5510009527206421, 0.4489990174770355]
[1.0, 0.5508475303649902, 0.44915246963500977]
[1.0, 0.550808846950531, 0.449191153049469]
[1.0, 0.550884485244751, 0.44911548495292664]
[1.0, 0.5508620738983154, 0.4491378962993622]
[1.0, 0.5510329008102417, 0.4489671289920807]
[1.0, 0.5510387420654297, 0.4489612877368927]
[1.0, 0.5509765148162842, 0.4490235149860382]
[1.0, 0.5511034727096558, 0.4488965570926666]
[1.0, 0.5509679317474365, 0.4490320384502411]
[1.0, 0.5509597063064575, 0.4490402936935425]
[1.0, 0.5512220859527588, 0.4487778842449188]
[1.0, 0.5511901378631592, 0.4488098919391632]
[1.0, 0.5514566898345947, 0.4485432803630829]
[1.0, 0.5512101650238037, 0.4487898349761963]
[1.0, 0.551264762878418, 0.44873523712158203]
[1.0, 0.5512887239456177, 0.4487112760543823]
[1.0, 0.5512887835502625, 0.44871121644973755]
[1.0, 0.5511586666107178, 0.4488413631916046]
[1.0, 0.5512969493865967, 0.44870302081108093]
[1.0, 0.5511898994445801, 0.4488101303577423]
[1.0, 0.551222026348114, 0.448777973651886]
[1.0, 0.5513063669204712, 0.4486936628818512]
[1.0, 0.5511273145675659, 0.4488726854324341]
[1.0, 0.5512082576751709, 0.4487917125225067]
[1.0, 0.5511891841888428, 0.4488108158111572]
[1.0, 0.5512075424194336, 0.448792427778244]
[1.0, 0.5511316061019897, 0.44886839389801025]
[1.0, 0.5510826110839844, 0.44891735911369324]
[1.0, 0.5511164665222168, 0.4488835334777832]
[1.0, 0.5511157512664795, 0.4488842189311981]
[1.0, 0.5512127876281738, 0.4487871825695038]
[1.0, 0.5511206388473511, 0.4488793909549713]
[1.0, 0.5508774518966675, 0.44912251830101013]
[1.0, 0.5509076118469238, 0.44909241795539856]
[1.0, 0.5512573719024658, 0.4487426280975342]
[1.0, 0.5512501001358032, 0.4487498700618744]
[1.0, 0.5513631105422974, 0.448636919260025]
[1.0, 0.5515277981758118, 0.44847220182418823]
[1.0, 0.5514560341835022, 0.4485439658164978]
[1.0, 0.5513955354690552, 0.4486044943332672]
[1.0, 0.5513737797737122, 0.44862622022628784]
[1.0, 0.5512979030609131, 0.4487020671367645]
[1.0, 0.5511902570724487, 0.4488097131252289]
[1.0, 0.5512771606445312, 0.44872283935546875]
[1.0, 0.5512492060661316, 0.4487507939338684]
[1.0, 0.5512582063674927, 0.44874176383018494]
[1.0, 0.5512115955352783, 0.4487883746623993]
[1.0, 0.5513474941253662, 0.4486524760723114]
[1.0, 0.5512489080429077, 0.4487510919570923]
[1.0, 0.55135178565979, 0.44864821434020996]
[1.0, 0.5513359904289246, 0.44866400957107544]
[1.0, 0.5512657165527344, 0.4487342834472656]
[1.0, 0.5512644052505493, 0.44873562455177307]
[1.0, 0.5511885285377502, 0.44881147146224976]
[1.0, 0.5512274503707886, 0.4487725794315338]
[1.0, 0.5513162612915039, 0.4486837685108185]
[1.0, 0.5514042377471924, 0.4485957622528076]
[1.0, 0.5514737963676453, 0.44852620363235474]
[1.0, 0.5515002012252808, 0.44849976897239685]
[1.0, 0.5514752268791199, 0.4485247731208801]
[1.0, 0.5515029430389404, 0.44849708676338196]
[1.0, 0.5515105724334717, 0.4484894573688507]
[1.0, 0.5514276623725891, 0.4485723376274109]
[1.0, 0.5514130592346191, 0.44858694076538086]
[1.0, 0.5512112379074097, 0.44878876209259033]
[1.0, 0.5511241555213928, 0.4488758444786072]
[1.0, 0.5512195229530334, 0.44878047704696655]
[1.0, 0.5510772466659546, 0.4489227831363678]
[1.0, 0.5511731505393982, 0.4488268494606018]
[1.0, 0.5510925054550171, 0.4489074647426605]
[1.0, 0.5510499477386475, 0.44895002245903015]
[1.0, 0.5511083006858826, 0.44889169931411743]
[1.0, 0.5511913895606995, 0.44880861043930054]
[1.0, 0.5512210130691528, 0.44877901673316956]
[1.0, 0.5512381792068481, 0.44876182079315186]
[1.0, 0.5511840581893921, 0.4488159120082855]
[1.0, 0.5513744354248047, 0.4486255943775177]
[1.0, 0.5513031482696533, 0.4486968219280243]
[1.0, 0.5510478019714355, 0.44895219802856445]
[1.0, 0.5510662794113159, 0.4489336907863617]
[1.0, 0.5509946346282959, 0.4490053951740265]
[1.0, 0.5512505769729614, 0.44874945282936096]
[1.0, 0.5510958433151245, 0.4489041864871979]
[1.0, 0.5512752532958984, 0.44872477650642395]
[1.0, 0.5514076948165894, 0.44859227538108826]
[1.0, 0.551464319229126, 0.44853565096855164]
[1.0, 0.5515466928482056, 0.44845330715179443]
[1.0, 0.5515434145927429, 0.4484565854072571]
[1.0, 0.5516924858093262, 0.44830751419067383]
[0.0, 0.5518280267715454, 0.4481719434261322]
[0.0, 0.5518431067466736, 0.4481568932533264]
[1.0, 0.551632285118103, 0.4483676850795746]
[1.0, 0.5516458749771118, 0.4483540952205658]
[1.0, 0.5515502691268921, 0.4484497010707855]
[1.0, 0.5513573884963989, 0.44864264130592346]
[1.0, 0.5513256192207336, 0.44867438077926636]
[1.0, 0.5512963533401489, 0.4487036466598511]
[1.0, 0.5513015389442444, 0.4486984610557556]
[1.0, 0.5512719750404358, 0.4487280249595642]
[1.0, 0.5511912107467651, 0.4488087594509125]
[0.0, 0.5517289042472839, 0.44827109575271606]
[1.0, 0.5514944791793823, 0.4485054910182953]
[1.0, 0.5514885783195496, 0.44851142168045044]
[1.0, 0.5515336394309998, 0.44846636056900024]
[1.0, 0.5514828562736511, 0.4485171437263489]
[1.0, 0.5513341426849365, 0.4486658275127411]
[1.0, 0.5513862371444702, 0.4486137926578522]
[1.0, 0.551339864730835, 0.4486601650714874]
[1.0, 0.5513345003128052, 0.4486655294895172]
[1.0, 0.5513166189193726, 0.44868338108062744]
[1.0, 0.5512529611587524, 0.44874700903892517]
[0.0, 0.5518161058425903, 0.44818389415740967]
[0.0, 0.5520655512809753, 0.44793444871902466]
[0.0, 0.552025556564331, 0.44797444343566895]
[0.0, 0.5518805384635925, 0.44811946153640747]
[0.0, 0.5519199371337891, 0.4480800926685333]
[0.0, 0.5518633127212524, 0.44813668727874756]
[0.0, 0.5517469644546509, 0.4482530355453491]
[0.0, 0.5517152547836304, 0.448284775018692]
[1.0, 0.5515223145484924, 0.44847768545150757]
[1.0, 0.5509166717529297, 0.4490833282470703]
[1.0, 0.5508379936218262, 0.44916200637817383]
[1.0, 0.5509448051452637, 0.44905519485473633]
[1.0, 0.5508084297180176, 0.4491916000843048]
[1.0, 0.5508779287338257, 0.44912204146385193]
[1.0, 0.5509917140007019, 0.4490082859992981]
[1.0, 0.5508127808570862, 0.4491872191429138]
[1.0, 0.5509402751922607, 0.44905972480773926]
[1.0, 0.5508944988250732, 0.44910550117492676]
[1.0, 0.5509617328643799, 0.4490382671356201]
[1.0, 0.5509806871414185, 0.44901934266090393]
[1.0, 0.5507456660270691, 0.4492543339729309]
[1.0, 0.5508029460906982, 0.44919708371162415]
[1.0, 0.5508838295936584, 0.44911617040634155]
[1.0, 0.5509546995162964, 0.4490453004837036]
[1.0, 0.550857663154602, 0.44914233684539795]
[1.0, 0.5508530139923096, 0.44914698600769043]
[1.0, 0.5508972406387329, 0.4491027891635895]
[1.0, 0.5508899688720703, 0.4491100609302521]
[1.0, 0.550939679145813, 0.4490602910518646]
[1.0, 0.5509777665138245, 0.44902223348617554]
[1.0, 0.550964891910553, 0.449035108089447]
[1.0, 0.5509505271911621, 0.4490494430065155]
[1.0, 0.55091392993927, 0.44908607006073]
[1.0, 0.5509797930717468, 0.4490202069282532]
[1.0, 0.5509926676750183, 0.4490073323249817]
[1.0, 0.5508362054824829, 0.4491637945175171]
[1.0, 0.5509228706359863, 0.44907715916633606]
[1.0, 0.5510164499282837, 0.4489835798740387]
[1.0, 0.550916314125061, 0.4490836560726166]
[1.0, 0.5508774518966675, 0.44912251830101013]
[1.0, 0.5508620738983154, 0.4491378962993622]
[1.0, 0.5508012771606445, 0.44919875264167786]
[1.0, 0.5508896112442017, 0.44911038875579834]
[1.0, 0.5510421991348267, 0.4489578306674957]
[1.0, 0.5509456396102905, 0.44905439019203186]
[1.0, 0.5509916543960571, 0.4490083158016205]
[1.0, 0.5508617162704468, 0.4491382837295532]
[1.0, 0.5509060621261597, 0.44909390807151794]
[1.0, 0.550839900970459, 0.4491601288318634]
[1.0, 0.5507520437240601, 0.44924798607826233]
[1.0, 0.5511037111282349, 0.4488963186740875]
[1.0, 0.5510843992233276, 0.44891563057899475]
[1.0, 0.5511469841003418, 0.4488529860973358]
[1.0, 0.5511151552200317, 0.44888487458229065]
[1.0, 0.5510425567626953, 0.4489574432373047]
[1.0, 0.551103413105011, 0.448896586894989]
[1.0, 0.5510966777801514, 0.44890332221984863]
[1.0, 0.551129937171936, 0.44887009263038635]
[1.0, 0.5511993169784546, 0.4488007128238678]
[1.0, 0.5510513186454773, 0.4489486813545227]
[1.0, 0.5510987043380737, 0.44890129566192627]
[1.0, 0.5510534048080444, 0.4489465653896332]
[1.0, 0.551055908203125, 0.4489440619945526]
[1.0, 0.550986647605896, 0.4490133225917816]
[1.0, 0.5509985685348511, 0.4490014612674713]
[1.0, 0.5509501695632935, 0.44904986023902893]
[1.0, 0.5512533783912659, 0.44874662160873413]
[1.0, 0.5513738393783569, 0.44862619042396545]
[1.0, 0.5513485670089722, 0.44865143299102783]
[1.0, 0.5513560771942139, 0.4486439526081085]
[1.0, 0.5512116551399231, 0.4487883448600769]
[1.0, 0.5510746240615845, 0.44892534613609314]
[1.0, 0.5510358810424805, 0.4489641487598419]
[1.0, 0.5509434938430786, 0.4490565359592438]
[1.0, 0.5509486198425293, 0.4490513503551483]
[1.0, 0.5509456396102905, 0.4490543305873871]
[1.0, 0.5508463978767395, 0.4491536021232605]
[1.0, 0.5507248640060425, 0.4492751657962799]
[1.0, 0.550713300704956, 0.44928672909736633]
[1.0, 0.5508513450622559, 0.44914868474006653]
[1.0, 0.5508655309677124, 0.4491344392299652]
[1.0, 0.5508103370666504, 0.4491896629333496]
[1.0, 0.5508607625961304, 0.449139267206192]
[1.0, 0.5509280562400818, 0.4490719437599182]
[1.0, 0.5509637594223022, 0.44903627038002014]
[1.0, 0.5508250594139099, 0.4491749405860901]
[1.0, 0.5509259700775146, 0.44907405972480774]
[1.0, 0.5509451627731323, 0.4490548074245453]
[1.0, 0.5509083271026611, 0.44909170269966125]
[1.0, 0.5509737730026245, 0.4490262567996979]
[1.0, 0.550829291343689, 0.44917070865631104]
[1.0, 0.5509339570999146, 0.44906607270240784]
[1.0, 0.5508682727813721, 0.44913169741630554]
[1.0, 0.5508666038513184, 0.44913342595100403]
[1.0, 0.5509192943572998, 0.4490807354450226]
[1.0, 0.5509551763534546, 0.4490448534488678]
[1.0, 0.5510064363479614, 0.4489935636520386]
[1.0, 0.5510003566741943, 0.44899964332580566]
[1.0, 0.5509865283966064, 0.44901347160339355]
[1.0, 0.550991415977478, 0.449008584022522]
[1.0, 0.5509325861930847, 0.4490674138069153]
[1.0, 0.5510799884796143, 0.44892001152038574]
[1.0, 0.5514029264450073, 0.44859710335731506]
[1.0, 0.5512583255767822, 0.44874170422554016]
[1.0, 0.5512155294418335, 0.4487845003604889]
[1.0, 0.551124632358551, 0.448875367641449]
[1.0, 0.5510631799697876, 0.4489368200302124]
[1.0, 0.5510852336883545, 0.4489147961139679]
[1.0, 0.5510776042938232, 0.44892236590385437]
[1.0, 0.5509260892868042, 0.4490739107131958]
[1.0, 0.5509525537490845, 0.44904741644859314]
[1.0, 0.5510276556015015, 0.44897234439849854]
[1.0, 0.5508410334587097, 0.4491589665412903]
[1.0, 0.5508668422698975, 0.44913315773010254]
[1.0, 0.5509188175201416, 0.4490812122821808]
[1.0, 0.5508257150650024, 0.44917428493499756]
[1.0, 0.550859808921814, 0.4491402208805084]
[1.0, 0.5508515238761902, 0.4491484761238098]
[1.0, 0.5507030487060547, 0.4492969810962677]
[1.0, 0.5507686138153076, 0.44923141598701477]
[1.0, 0.5507222414016724, 0.44927772879600525]
[1.0, 0.5508266687393188, 0.44917330145835876]
[1.0, 0.5507872104644775, 0.44921281933784485]
[1.0, 0.5507646203041077, 0.44923537969589233]
[1.0, 0.5509883165359497, 0.4490116536617279]
[1.0, 0.5510095357894897, 0.44899049401283264]
[1.0, 0.5510261058807373, 0.4489739239215851]
[1.0, 0.5508701801300049, 0.4491298198699951]
[1.0, 0.5509549975395203, 0.44904500246047974]
[1.0, 0.5510522723197937, 0.4489477276802063]
[1.0, 0.5510179996490479, 0.44898203015327454]
[1.0, 0.55104660987854, 0.44895339012145996]
[1.0, 0.5510320663452148, 0.44896790385246277]
[1.0, 0.5509845614433289, 0.44901543855667114]
[1.0, 0.5510483384132385, 0.4489516615867615]
[1.0, 0.5511184930801392, 0.44888150691986084]
[1.0, 0.551064670085907, 0.448935329914093]
[1.0, 0.5511348247528076, 0.4488651752471924]
[1.0, 0.5511519908905029, 0.4488479793071747]
[1.0, 0.5511496067047119, 0.4488504230976105]
[1.0, 0.551094114780426, 0.448905885219574]
[1.0, 0.5510329604148865, 0.4489670395851135]
[1.0, 0.5510914921760559, 0.4489085078239441]
[1.0, 0.55109041929245, 0.44890958070755005]
[1.0, 0.5509264469146729, 0.44907355308532715]
[1.0, 0.5509766340255737, 0.44902336597442627]
[1.0, 0.5508242845535278, 0.44917571544647217]
[1.0, 0.550941526889801, 0.449058473110199]
[1.0, 0.5508829355239868, 0.4491170346736908]
[1.0, 0.5509905219078064, 0.4490094780921936]
[1.0, 0.5508772134780884, 0.44912275671958923]
[1.0, 0.5510197877883911, 0.4489802122116089]
[1.0, 0.5509724020957947, 0.4490275979042053]
[1.0, 0.5511018633842468, 0.4488981366157532]
[1.0, 0.5512028932571411, 0.4487971365451813]
[1.0, 0.5511727333068848, 0.44882723689079285]
[1.0, 0.5512250661849976, 0.44877490401268005]
[1.0, 0.5511552095413208, 0.4488447606563568]
[1.0, 0.5511404871940613, 0.4488595128059387]
[1.0, 0.551159143447876, 0.4488408863544464]
[1.0, 0.5511641502380371, 0.4488358795642853]
[1.0, 0.5510576963424683, 0.4489423334598541]
[1.0, 0.5510671138763428, 0.4489329159259796]
[1.0, 0.5510474443435669, 0.4489525258541107]
[1.0, 0.5510655641555786, 0.448934406042099]
[1.0, 0.5510453581809998, 0.44895464181900024]
[1.0, 0.5510435104370117, 0.4489564597606659]
[1.0, 0.5509892702102661, 0.4490106999874115]
[1.0, 0.5509750843048096, 0.44902491569519043]
[1.0, 0.5510322451591492, 0.44896775484085083]
[1.0, 0.5512852072715759, 0.4487147927284241]
[1.0, 0.5510584712028503, 0.44894152879714966]
[1.0, 0.5506973266601562, 0.44930264353752136]
[1.0, 0.5508714318275452, 0.44912856817245483]
[1.0, 0.5508742928504944, 0.4491257071495056]
[1.0, 0.5507941842079163, 0.44920581579208374]
[1.0, 0.5508086681365967, 0.4491913616657257]
[1.0, 0.5507938265800476, 0.4492061734199524]
[1.0, 0.5510501861572266, 0.4489498436450958]
[1.0, 0.5510339140892029, 0.4489660859107971]
[1.0, 0.5510313510894775, 0.44896867871284485]
[1.0, 0.5509752035140991, 0.44902482628822327]
[1.0, 0.5509147047996521, 0.4490852952003479]
[1.0, 0.5509112477302551, 0.4490887522697449]
[1.0, 0.550972580909729, 0.449027419090271]
[1.0, 0.5509357452392578, 0.4490642249584198]
[1.0, 0.5508757829666138, 0.4491242468357086]
[1.0, 0.5509071946144104, 0.4490928053855896]
[1.0, 0.5508564114570618, 0.44914358854293823]
[1.0, 0.5508922338485718, 0.4491077661514282]
[1.0, 0.5509106516838074, 0.4490893483161926]
[1.0, 0.5508270859718323, 0.4491729140281677]
[1.0, 0.5507724285125732, 0.44922757148742676]
[1.0, 0.5509674549102783, 0.4490325450897217]
[1.0, 0.5509195327758789, 0.4490804970264435]
[1.0, 0.5508393049240112, 0.4491606652736664]
[1.0, 0.5507436394691467, 0.44925636053085327]
[1.0, 0.5507511496543884, 0.4492488503456116]
[1.0, 0.5508184432983398, 0.44918158650398254]
[1.0, 0.5508018732070923, 0.4491981267929077]
[1.0, 0.5507862567901611, 0.4492137134075165]
[1.0, 0.5508050918579102, 0.44919490814208984]
[1.0, 0.5508015155792236, 0.44919851422309875]
[1.0, 0.5508314371109009, 0.4491685926914215]
[1.0, 0.5509728193283081, 0.4490272104740143]
[1.0, 0.5509457588195801, 0.4490542411804199]
[1.0, 0.5509848594665527, 0.4490151107311249]
[1.0, 0.5510538220405579, 0.44894617795944214]
[1.0, 0.5509280562400818, 0.4490719437599182]
[1.0, 0.5510284900665283, 0.4489714801311493]
[1.0, 0.5509581565856934, 0.44904184341430664]
[1.0, 0.5509228706359863, 0.44907712936401367]
[1.0, 0.5509763956069946, 0.44902360439300537]
[1.0, 0.5508711934089661, 0.44912880659103394]
[1.0, 0.5511329174041748, 0.4488670527935028]
[1.0, 0.5510779619216919, 0.4489220678806305]
[1.0, 0.5512333512306213, 0.44876664876937866]
[1.0, 0.5512895584106445, 0.44871047139167786]
[1.0, 0.5512775182723999, 0.4487224519252777]
[1.0, 0.5512350797653198, 0.4487648904323578]
[1.0, 0.5513308048248291, 0.4486691951751709]
[1.0, 0.5512633323669434, 0.44873666763305664]
[1.0, 0.5513577461242676, 0.44864222407341003]
[1.0, 0.551325798034668, 0.4486742317676544]
[1.0, 0.5514907836914062, 0.44850921630859375]
[1.0, 0.5514763593673706, 0.448523610830307]
[1.0, 0.5514250993728638, 0.4485749304294586]
[1.0, 0.551215410232544, 0.44878458976745605]
[1.0, 0.5513302087783813, 0.44866976141929626]
[1.0, 0.5513562560081482, 0.4486437439918518]
[1.0, 0.5512419939041138, 0.44875800609588623]
[1.0, 0.5513211488723755, 0.4486788809299469]
[1.0, 0.5513467788696289, 0.4486532509326935]
[1.0, 0.5513081550598145, 0.44869187474250793]
[1.0, 0.5514051914215088, 0.4485948085784912]
[1.0, 0.551392138004303, 0.448607861995697]
[1.0, 0.5513769388198853, 0.44862303137779236]
[1.0, 0.551435112953186, 0.4485648572444916]
[1.0, 0.5513704419136047, 0.44862955808639526]
[1.0, 0.5514310002326965, 0.44856899976730347]
[1.0, 0.5512083768844604, 0.44879159331321716]
[1.0, 0.5512464046478271, 0.44875356554985046]
[1.0, 0.5512787699699402, 0.4487212300300598]
[1.0, 0.5513417720794678, 0.4486582279205322]
[1.0, 0.5512840747833252, 0.4487158954143524]
[1.0, 0.5513442754745483, 0.44865575432777405]
[1.0, 0.5513296127319336, 0.4486704170703888]
[1.0, 0.5513923168182373, 0.4486076533794403]
[1.0, 0.5514090061187744, 0.4485909640789032]
[1.0, 0.5512584447860718, 0.4487415850162506]
[1.0, 0.5513167977333069, 0.4486832022666931]
[1.0, 0.5513375401496887, 0.4486624598503113]
[1.0, 0.551440417766571, 0.44855958223342896]
[1.0, 0.5513169765472412, 0.4486829936504364]
[1.0, 0.5513706207275391, 0.44862934947013855]
[1.0, 0.5512946844100952, 0.4487053155899048]
[1.0, 0.5512999296188354, 0.44870010018348694]
[1.0, 0.5512714982032776, 0.4487285017967224]
[1.0, 0.5513052940368652, 0.44869470596313477]
[1.0, 0.5512714982032776, 0.4487285017967224]
[1.0, 0.5512331128120422, 0.44876688718795776]
[1.0, 0.5512566566467285, 0.4487433135509491]
[1.0, 0.5513501167297363, 0.44864988327026367]
[1.0, 0.5514471530914307, 0.44855281710624695]
[1.0, 0.5513424277305603, 0.4486575722694397]
[1.0, 0.5513375997543335, 0.4486623704433441]
[1.0, 0.5513266921043396, 0.4486733078956604]
[1.0, 0.5514135360717773, 0.44858649373054504]
[1.0, 0.5512819290161133, 0.44871804118156433]
[1.0, 0.551263689994812, 0.4487363398075104]
[1.0, 0.5511698722839355, 0.44883012771606445]
[1.0, 0.5510882139205933, 0.44891178607940674]
[1.0, 0.5511759519577026, 0.44882407784461975]
[1.0, 0.5511797666549683, 0.44882023334503174]
[1.0, 0.5511987209320068, 0.44880130887031555]
[1.0, 0.5512440204620361, 0.44875600934028625]
[1.0, 0.5512944459915161, 0.4487055540084839]
[1.0, 0.5512314438819885, 0.4487685561180115]
[1.0, 0.5511959791183472, 0.44880399107933044]
[1.0, 0.5511420965194702, 0.4488578736782074]
[1.0, 0.5512142181396484, 0.4487857520580292]
[1.0, 0.5511085391044617, 0.44889146089553833]
[1.0, 0.5510754585266113, 0.4489245116710663]
[1.0, 0.551080584526062, 0.448919415473938]
[1.0, 0.5509886741638184, 0.44901129603385925]
[1.0, 0.5510298013687134, 0.448970228433609]
[1.0, 0.5510587692260742, 0.4489412307739258]
[1.0, 0.5512183308601379, 0.44878166913986206]
[1.0, 0.5513770580291748, 0.4486229121685028]
[1.0, 0.5516687631607056, 0.4483312666416168]
[1.0, 0.5515481233596802, 0.4484518766403198]
[1.0, 0.5515338778495789, 0.44846612215042114]
[1.0, 0.5513260364532471, 0.4486739933490753]
[1.0, 0.5512245297431946, 0.4487754702568054]
[1.0, 0.5511926412582397, 0.44880735874176025]
[1.0, 0.5509846210479736, 0.44901540875434875]
[1.0, 0.5506829619407654, 0.4493170380592346]
[1.0, 0.550532341003418, 0.4494676887989044]
[1.0, 0.5503712892532349, 0.44962868094444275]
[1.0, 0.5504021644592285, 0.44959786534309387]
[1.0, 0.5501953363418579, 0.4498046338558197]
[1.0, 0.5503696799278259, 0.4496303200721741]
[1.0, 0.5503084063529968, 0.4496915936470032]
[1.0, 0.5504156351089478, 0.44958439469337463]
[1.0, 0.5504665970802307, 0.4495334029197693]
[1.0, 0.5505103468894958, 0.44948965311050415]
[1.0, 0.550473153591156, 0.449526846408844]
[1.0, 0.5505766868591309, 0.44942334294319153]
[1.0, 0.5506514310836792, 0.4493485689163208]
[1.0, 0.5507336854934692, 0.44926634430885315]
[1.0, 0.550862193107605, 0.449137806892395]
[1.0, 0.5506942868232727, 0.4493057131767273]
[1.0, 0.5507426857948303, 0.4492573142051697]
[1.0, 0.5507043600082397, 0.44929561018943787]
[1.0, 0.550788164138794, 0.44921180605888367]
[1.0, 0.5508214831352234, 0.4491785168647766]
[1.0, 0.5508555173873901, 0.44914448261260986]
[1.0, 0.5505461692810059, 0.44945383071899414]
[1.0, 0.5508559942245483, 0.4491439759731293]
[1.0, 0.5509341955184937, 0.44906577467918396]
[1.0, 0.5511550307273865, 0.4488449692726135]
[1.0, 0.5513932108879089, 0.44860678911209106]
[1.0, 0.551376223564148, 0.44862377643585205]
[1.0, 0.5516010522842407, 0.4483989477157593]
[1.0, 0.5516726970672607, 0.44832733273506165]
[1.0, 0.551486611366272, 0.44851335883140564]
[1.0, 0.5513665676116943, 0.44863343238830566]
[1.0, 0.5514525175094604, 0.44854751229286194]
[1.0, 0.5515347719192505, 0.4484651982784271]
[1.0, 0.5513479113578796, 0.44865208864212036]
[1.0, 0.5514726638793945, 0.44852736592292786]
[1.0, 0.5515475273132324, 0.4484524428844452]
[1.0, 0.5514063835144043, 0.4485936164855957]
[1.0, 0.5515303015708923, 0.44846969842910767]
[1.0, 0.5514390468597412, 0.4485609829425812]
[1.0, 0.5514736175537109, 0.44852638244628906]
[1.0, 0.5514605641365051, 0.4485394358634949]
[1.0, 0.5513461828231812, 0.44865381717681885]
[1.0, 0.5513604879379272, 0.44863951206207275]
[1.0, 0.5513629913330078, 0.4486369788646698]
[1.0, 0.5513590574264526, 0.448640912771225]
[1.0, 0.55138099193573, 0.44861897826194763]
[1.0, 0.5513173341751099, 0.44868263602256775]
[1.0, 0.5512295961380005, 0.4487703740596771]
[1.0, 0.5514358282089233, 0.44856420159339905]
[1.0, 0.5513938665390015, 0.4486061632633209]
[1.0, 0.5513007640838623, 0.4486992359161377]
[1.0, 0.5514035224914551, 0.44859644770622253]
[1.0, 0.5512992143630981, 0.44870075583457947]
[1.0, 0.5512968301773071, 0.44870316982269287]
[1.0, 0.5513546466827393, 0.44864538311958313]
[1.0, 0.5513445138931274, 0.44865545630455017]
[1.0, 0.5511229038238525, 0.44887709617614746]
[1.0, 0.5510371327400208, 0.44896286725997925]
[1.0, 0.5510485172271729, 0.44895151257514954]
[1.0, 0.5509923696517944, 0.4490076005458832]
[1.0, 0.5510385036468506, 0.448961466550827]
[1.0, 0.551048994064331, 0.44895100593566895]
[1.0, 0.5509849786758423, 0.4490150213241577]
[1.0, 0.550990104675293, 0.4490099251270294]
[1.0, 0.5510358810424805, 0.44896411895751953]
[1.0, 0.5510594844818115, 0.4489405155181885]
[1.0, 0.5510343909263611, 0.4489656090736389]
[1.0, 0.5511198043823242, 0.4488801658153534]
[1.0, 0.5511651635169983, 0.4488348364830017]
[1.0, 0.5510952472686768, 0.44890478253364563]
[1.0, 0.5510519742965698, 0.4489480257034302]
[1.0, 0.5510122776031494, 0.448987752199173]
[1.0, 0.5509976744651794, 0.44900232553482056]
[1.0, 0.5509988069534302, 0.4490012228488922]
[1.0, 0.5510537028312683, 0.4489462971687317]
[1.0, 0.5510962009429932, 0.44890376925468445]
[1.0, 0.5511667728424072, 0.4488331973552704]
[1.0, 0.5511081218719482, 0.44889190793037415]
[1.0, 0.5510768890380859, 0.44892311096191406]
[1.0, 0.5511745810508728, 0.4488254189491272]
[1.0, 0.5512164831161499, 0.4487835466861725]
[1.0, 0.5511499047279358, 0.4488500952720642]
[1.0, 0.5511341094970703, 0.4488658607006073]
[1.0, 0.551079273223877, 0.44892075657844543]
[1.0, 0.5510945320129395, 0.44890543818473816]
[1.0, 0.5510542988777161, 0.44894570112228394]
[1.0, 0.551073431968689, 0.44892656803131104]
[1.0, 0.5510449409484863, 0.44895508885383606]
[1.0, 0.5510733127593994, 0.4489266872406006]
[1.0, 0.551618218421936, 0.44838178157806396]
[1.0, 0.5514146089553833, 0.4485853612422943]
[1.0, 0.5513664484024048, 0.4486335813999176]
[1.0, 0.5512083768844604, 0.44879159331321716]
[1.0, 0.5511351823806763, 0.44886478781700134]
[1.0, 0.551112711429596, 0.44888728857040405]
[1.0, 0.5510201454162598, 0.44897982478141785]
[1.0, 0.5508987307548523, 0.4491012692451477]
[1.0, 0.5509320497512817, 0.44906798005104065]
