[0.0, 0.7510554389586106, 0.13456768288007506, 0.11025404856567012, 0.001713243394497482, 0.0012721414899791264, 4.760151536026304E-4, 1.5884788483282034E-4, 5.025816727321533E-4]
[1.0, 0.19166185630244478, 0.7215186936842947, 0.08563997520341673, 7.764253218732332E-4, 1.4863854278867328E-4, 1.524273884758571E-4, 5.054642053542729E-5, 5.1437136170493734E-5]
java.lang.IndexOutOfBoundsException: idx < 0: -6
[1.0, 0.028356295321224943, 0.841154555441221, 0.13043844133888485, 2.6931359973671988E-5, 8.838282762467043E-6, 8.987253536100567E-6, 3.0071914769812264E-6, 2.943810919845828E-6]
java.lang.ArrayIndexOutOfBoundsException
java.lang.ArrayIndexOutOfBoundsException
java.lang.ArrayIndexOutOfBoundsException
java.lang.ArrayIndexOutOfBoundsException
java.lang.ArrayIndexOutOfBoundsException
java.lang.ArrayIndexOutOfBoundsException
java.lang.ArrayIndexOutOfBoundsException
java.lang.ArrayIndexOutOfBoundsException
java.lang.ArrayIndexOutOfBoundsException
[2.0, 0.18931316709423665, 0.016230108319033012, 0.7942173121821501, 8.109209949425061E-5, 3.4469715865746E-5, 3.120773045987063E-5, 1.017066145537068E-5, 8.247219730512792E-5]
[2.0, 0.18931316709423665, 0.016230108319033012, 0.7942173121821501, 8.109209949425061E-5, 3.4469715865746E-5, 3.120773045987063E-5, 1.017066145537068E-5, 8.247219730512792E-5]
[2.0, 0.18931316709423665, 0.016230108319033012, 0.7942173121821501, 8.109209949425061E-5, 3.4469715865746E-5, 3.120773045987063E-5, 1.017066145537068E-5, 8.247219730512792E-5]
[2.0, 0.18931316709423665, 0.016230108319033012, 0.7942173121821501, 8.109209949425061E-5, 3.4469715865746E-5, 3.120773045987063E-5, 1.017066145537068E-5, 8.247219730512792E-5]
[2.0, 0.18931316709423665, 0.016230108319033012, 0.7942173121821501, 8.109209949425061E-5, 3.4469715865746E-5, 3.120773045987063E-5, 1.017066145537068E-5, 8.247219730512792E-5]
[2.0, 0.18931316709423665, 0.016230108319033012, 0.7942173121821501, 8.109209949425061E-5, 3.4469715865746E-5, 3.120773045987063E-5, 1.017066145537068E-5, 8.247219730512792E-5]
[2.0, 0.18931316709423665, 0.016230108319033012, 0.7942173121821501, 8.109209949425061E-5, 3.4469715865746E-5, 3.120773045987063E-5, 1.017066145537068E-5, 8.247219730512792E-5]
[2.0, 0.18931316709423665, 0.016230108319033012, 0.7942173121821501, 8.109209949425061E-5, 3.4469715865746E-5, 3.120773045987063E-5, 1.017066145537068E-5, 8.247219730512792E-5]
[2.0, 0.18931316709423665, 0.016230108319033012, 0.7942173121821501, 8.109209949425061E-5, 3.4469715865746E-5, 3.120773045987063E-5, 1.017066145537068E-5, 8.247219730512792E-5]
[2.0, 0.18931316709423665, 0.016230108319033012, 0.7942173121821501, 8.109209949425061E-5, 3.4469715865746E-5, 3.120773045987063E-5, 1.017066145537068E-5, 8.247219730512792E-5]
[2.0, 0.18931316709423665, 0.016230108319033012, 0.7942173121821501, 8.109209949425061E-5, 3.4469715865746E-5, 3.120773045987063E-5, 1.017066145537068E-5, 8.247219730512792E-5]
[2.0, 0.18931316709423665, 0.016230108319033012, 0.7942173121821501, 8.109209949425061E-5, 3.4469715865746E-5, 3.120773045987063E-5, 1.017066145537068E-5, 8.247219730512792E-5]
[2.0, 0.18931316709423665, 0.016230108319033012, 0.7942173121821501, 8.109209949425061E-5, 3.4469715865746E-5, 3.120773045987063E-5, 1.017066145537068E-5, 8.247219730512792E-5]
[2.0, 0.18931316709423665, 0.016230108319033012, 0.7942173121821501, 8.109209949425061E-5, 3.4469715865746E-5, 3.120773045987063E-5, 1.017066145537068E-5, 8.247219730512792E-5]
[2.0, 0.18931316709423665, 0.016230108319033012, 0.7942173121821501, 8.109209949425061E-5, 3.4469715865746E-5, 3.120773045987063E-5, 1.017066145537068E-5, 8.247219730512792E-5]
[2.0, 0.18931316709423665, 0.016230108319033012, 0.7942173121821501, 8.109209949425061E-5, 3.4469715865746E-5, 3.120773045987063E-5, 1.017066145537068E-5, 8.247219730512792E-5]
[2.0, 0.18931316709423665, 0.016230108319033012, 0.7942173121821501, 8.109209949425061E-5, 3.4469715865746E-5, 3.120773045987063E-5, 1.017066145537068E-5, 8.247219730512792E-5]
[2.0, 0.18931316709423665, 0.016230108319033012, 0.7942173121821501, 8.109209949425061E-5, 3.4469715865746E-5, 3.120773045987063E-5, 1.017066145537068E-5, 8.247219730512792E-5]
[2.0, 0.18931316709423665, 0.016230108319033012, 0.7942173121821501, 8.109209949425061E-5, 3.4469715865746E-5, 3.120773045987063E-5, 1.017066145537068E-5, 8.247219730512792E-5]
[2.0, 0.18931316709423665, 0.016230108319033012, 0.7942173121821501, 8.109209949425061E-5, 3.4469715865746E-5, 3.120773045987063E-5, 1.017066145537068E-5, 8.247219730512792E-5]
java.lang.ArrayIndexOutOfBoundsException
