[0.0, 0.6734725840203464, 0.3265274159796536]
[0.0, 0.6100478847324848, 0.38995211526751516]
[0.0, 0.6100478847324848, 0.38995211526751516]
[0.0, 0.6100478847324848, 0.38995211526751516]
java.lang.ArrayIndexOutOfBoundsException
java.lang.ArrayIndexOutOfBoundsException
java.lang.ArrayIndexOutOfBoundsException
java.lang.ArrayIndexOutOfBoundsException
java.lang.ArrayIndexOutOfBoundsException
java.lang.ArrayIndexOutOfBoundsException
java.lang.ArrayIndexOutOfBoundsException
java.lang.ArrayIndexOutOfBoundsException
java.lang.ArrayIndexOutOfBoundsException
java.lang.ArrayIndexOutOfBoundsException
java.lang.ArrayIndexOutOfBoundsException
java.lang.ArrayIndexOutOfBoundsException
java.lang.ArrayIndexOutOfBoundsException
java.lang.ArrayIndexOutOfBoundsException
[0.0, 0.9187430003285408, 0.08125699967145916]
[0.0, 0.9187430003285408, 0.08125699967145916]
[0.0, 0.9187430003285408, 0.08125699967145916]
[0.0, 0.9187430003285408, 0.08125699967145916]
[0.0, 0.9187430003285408, 0.08125699967145916]
[0.0, 0.9187430003285408, 0.08125699967145916]
[0.0, 0.9187430003285408, 0.08125699967145916]
[0.0, 0.9187430003285408, 0.08125699967145916]
[0.0, 0.9187430003285408, 0.08125699967145916]
[0.0, 0.9187430003285408, 0.08125699967145916]
[0.0, 0.9187430003285408, 0.08125699967145916]
[0.0, 0.9187430003285408, 0.08125699967145916]
[0.0, 0.9187430003285408, 0.08125699967145916]
[0.0, 0.9187430003285408, 0.08125699967145916]
[0.0, 0.9187430003285408, 0.08125699967145916]
[0.0, 0.9187430003285408, 0.08125699967145916]
[0.0, 0.9187430003285408, 0.08125699967145916]
[0.0, 0.9187430003285408, 0.08125699967145916]
[0.0, 0.9187430003285408, 0.08125699967145916]
[0.0, 0.9187430003285408, 0.08125699967145916]
java.lang.ArrayIndexOutOfBoundsException
