[0.0, 0.9098194871842861, 0.09018051281571393]
[0.0, 0.8984574359655381, 0.10154256403446194]
[0.0, 0.8910215853154659, 0.10897841468453406]
[0.0, 0.8627563650906086, 0.1372436349093914]
[0.0, 0.8693396930396556, 0.13066030696034436]
[0.0, 0.8966250395029783, 0.10337496049702166]
[0.0, 0.8393779483437538, 0.1606220516562462]
[0.0, 0.9010690653324127, 0.09893093466758729]
[0.0, 0.7218185060098767, 0.27818149399012326]
[0.0, 0.6258695477247238, 0.3741304522752762]
[0.0, 0.840205381065607, 0.15979461893439295]
[0.0, 0.6650893923640251, 0.3349106076359749]
[0.0, 0.8078838808834553, 0.1921161191165447]
[0.0, 0.7784737432003022, 0.22152625679969784]
[0.0, 0.7799061027914286, 0.22009389720857142]
[0.0, 0.7982004034519196, 0.20179959654808044]
[0.0, 0.7700353136099874, 0.22996468639001255]
[0.0, 0.7340361259132624, 0.2659638740867376]
[0.0, 0.7534355707466602, 0.24656442925333977]
[0.0, 0.7891162006556988, 0.21088379934430124]
[0.0, 0.8076934958994388, 0.19230650410056116]
[0.0, 0.9259613668918609, 0.07403863310813907]
[0.0, 0.9548633658885955, 0.04513663411140445]
[0.0, 0.9341725692152977, 0.06582743078470232]
[0.0, 0.9519048404693603, 0.0480951595306397]
[0.0, 0.8828388114273548, 0.11716118857264524]
[1.0, 0.22534110851585865, 0.7746588914841414]
[1.0, 0.08398781893774868, 0.9160121810622514]
[1.0, 0.030107317604124547, 0.9698926823958754]
[1.0, 0.03820376925170422, 0.9617962307482958]
[1.0, 0.03206893851980567, 0.9679310614801944]
[1.0, 0.042890580873936414, 0.9571094191260636]
[1.0, 0.031754217203706504, 0.9682457827962935]
[1.0, 0.06294101780280471, 0.9370589821971953]
[1.0, 0.0669944984279573, 0.9330055015720427]
[1.0, 0.06240825956687331, 0.9375917404331267]
[1.0, 0.04159989729523659, 0.9584001027047634]
[1.0, 0.07830828875303268, 0.9216917112469674]
[1.0, 0.0861813547834754, 0.9138186452165246]
[1.0, 0.0561813547834754, 0.9438186452165246]
[1.0, 0.056237730626016856, 0.9437622693739831]
[1.0, 0.10034094132483005, 0.8996590586751699]
[1.0, 0.06984884658828378, 0.9301511534117162]
[1.0, 0.0890524004586041, 0.9109475995413959]
[1.0, 0.047620692569762466, 0.9523793074302376]
[1.0, 0.06203445667400956, 0.9379655433259905]
[1.0, 0.0560644998587668, 0.9439355001412332]
[1.0, 0.052813252788037064, 0.9471867472119629]
[1.0, 0.09044291835278273, 0.9095570816472173]
[1.0, 0.11409165628254414, 0.8859083437174559]
[1.0, 0.0762167532928288, 0.9237832467071712]
[1.0, 0.08155072376132011, 0.9184492762386799]
[1.0, 0.057073005251586435, 0.9429269947484136]
[1.0, 0.06557708721607923, 0.9344229127839208]
[1.0, 0.06965640224516392, 0.9303435977548361]
[1.0, 0.058533838167786595, 0.9414661618322134]
[1.0, 0.09806805897504091, 0.9019319410249591]
[1.0, 0.048125442788004874, 0.9518745572119951]
[1.0, 0.09471201576292515, 0.9052879842370749]
[1.0, 0.10885166741907597, 0.8911483325809241]
[1.0, 0.1220368200354278, 0.8779631799645722]
[1.0, 0.06585589569061995, 0.9341441043093801]
[1.0, 0.13511967899277808, 0.8648803210072219]
[1.0, 0.06634542811661959, 0.9336545718833804]
[1.0, 0.09086905270814896, 0.9091309472918511]
[1.0, 0.17000288769602775, 0.8299971123039722]
[1.0, 0.16494907192885877, 0.8350509280711412]
[1.0, 0.18404349245131016, 0.8159565075486899]
[1.0, 0.25997100919485094, 0.7400289908051491]
[1.0, 0.10858845002949238, 0.8914115499705076]
[1.0, 0.18802569821476936, 0.8119743017852307]
[1.0, 0.1330707387626171, 0.8669292612373829]
[1.0, 0.15327971011400224, 0.8467202898859978]
[1.0, 0.13220731303095817, 0.8677926869690418]
[1.0, 0.11151698336005211, 0.8884830166399479]
[1.0, 0.11114916816353798, 0.8888508318364621]
[1.0, 0.11992780283093453, 0.8800721971690655]
[1.0, 0.22158141270279885, 0.7784185872972011]
[1.0, 0.1922341376543045, 0.8077658623456955]
[1.0, 0.24487168565392495, 0.7551283143460751]
[1.0, 0.12335208974778653, 0.8766479102522134]
[1.0, 0.1361929103732109, 0.8638070896267891]
[1.0, 0.1304081617295742, 0.8695918382704257]
[1.0, 0.2177465020865202, 0.7822534979134799]
[1.0, 0.2693242558836937, 0.7306757441163063]
[1.0, 0.0652135619148612, 0.9347864380851388]
[1.0, 0.06267381779849529, 0.9373261822015047]
[1.0, 0.05976780571043491, 0.9402321942895651]
[1.0, 0.1149392781406641, 0.8850607218593359]
[1.0, 0.12056477852165699, 0.879435221478343]
[1.0, 0.10935715295374393, 0.8906428470462561]
[1.0, 0.08267969764769077, 0.9173203023523092]
[1.0, 0.09591663353145123, 0.9040833664685488]
[1.0, 0.11958639062941075, 0.8804136093705892]
[1.0, 0.07517278976738453, 0.9248272102326155]
[1.0, 0.06946118243038654, 0.9305388175696134]
[1.0, 0.10422899685800076, 0.8957710031419992]
[1.0, 0.097421580478549, 0.902578419521451]
[1.0, 0.08964914120733739, 0.9103508587926626]
[1.0, 0.08720603682100773, 0.9127939631789923]
[1.0, 0.06933395452797413, 0.9306660454720259]
[1.0, 0.09938120357692241, 0.9006187964230776]
[1.0, 0.09717441014945508, 0.902825589850545]
[1.0, 0.0694043793529272, 0.9305956206470728]
[1.0, 0.08174387574195861, 0.9182561242580414]
[1.0, 0.07615739047527313, 0.9238426095247269]
[1.0, 0.07560134895145892, 0.9243986510485411]
[1.0, 0.0863190982490778, 0.9136809017509222]
[1.0, 0.08062401615083217, 0.9193759838491679]
[1.0, 0.08752095781266689, 0.9124790421873331]
[1.0, 0.10240701869130135, 0.8975929813086987]
[1.0, 0.144520915299654, 0.855479084700346]
[1.0, 0.0767470670491457, 0.9232529329508543]
[1.0, 0.16585757233202458, 0.8341424276679754]
[1.0, 0.1151611950993538, 0.8848388049006461]
[1.0, 0.11779668506234885, 0.8822033149376511]
[1.0, 0.09153326474130154, 0.9084667352586985]
[1.0, 0.12888506300747393, 0.8711149369925261]
[1.0, 0.15997633293271066, 0.8400236670672894]
[1.0, 0.12473462723195552, 0.8752653727680445]
[1.0, 0.15662712179124355, 0.8433728782087564]
[1.0, 0.2657787178456783, 0.7342212821543217]
[1.0, 0.30183906212449074, 0.6981609378755093]
[1.0, 0.2816672187298536, 0.7183327812701463]
[0.0, 0.8787247823178768, 0.12127521768212324]
[0.0, 0.8950546593964099, 0.10494534060359006]
[0.0, 0.8112918674200773, 0.1887081325799227]
[0.0, 0.9449080315232277, 0.055091968476772335]
[0.0, 0.9135337509214878, 0.08646624907851219]
[0.0, 0.8863577987998724, 0.11364220120012758]
[0.0, 0.9037407733500004, 0.09625922664999964]
[0.0, 0.9420511221885681, 0.057948877811431876]
[0.0, 0.9442255288362503, 0.05577447116374967]
[0.0, 0.9425583690404892, 0.057441630959510825]
[0.0, 0.9085212850570679, 0.09147871494293214]
[0.0, 0.9475799924135209, 0.052420007586479134]
[0.0, 0.8891540177166462, 0.11084598228335385]
[0.0, 0.937817577123642, 0.062182422876358]
[0.0, 0.9194929695129395, 0.08050703048706054]
[0.0, 0.9430764870345593, 0.05692351296544074]
[0.0, 0.9277520482242108, 0.07224795177578924]
[0.0, 0.8723232038319111, 0.1276767961680889]
[0.0, 0.9148232215642929, 0.08517677843570715]
[0.0, 0.8722075571864844, 0.12779244281351565]
[0.0, 0.9399844139814377, 0.06001558601856227]
[0.0, 0.8576671379804611, 0.14233286201953887]
[0.0, 0.8467225554585457, 0.1532774445414543]
[0.0, 0.8920973826944828, 0.1079026173055172]
[0.0, 0.8662943442165851, 0.13370565578341487]
[0.0, 0.7948409204185009, 0.20515907958149915]
[0.0, 0.8780926547944545, 0.12190734520554547]
[0.0, 0.9236439217627048, 0.07635607823729518]
[0.0, 0.8762540362030268, 0.12374596379697322]
[0.0, 0.8610179378837347, 0.1389820621162653]
[0.0, 0.898561232984066, 0.10143876701593402]
[0.0, 0.9071462586522102, 0.09285374134778979]
[0.0, 0.9108633252978325, 0.08913667470216746]
[0.0, 0.9158715088665486, 0.08412849113345144]
[0.0, 0.903939613327384, 0.09606038667261596]
[0.0, 0.9018357136845588, 0.09816428631544116]
[0.0, 0.9028183937072753, 0.09718160629272465]
[0.0, 0.835608801394701, 0.16439119860529905]
[0.0, 0.9070416074991227, 0.09295839250087734]
[0.0, 0.9010624097287655, 0.0989375902712345]
[0.0, 0.85994991466403, 0.14005008533596996]
[0.0, 0.9150005993247032, 0.08499940067529677]
[0.0, 0.9093708534166217, 0.09062914658337828]
[0.0, 0.9195467868447303, 0.08045321315526965]
[0.0, 0.9217964509129524, 0.07820354908704763]
[0.0, 0.9113404154777527, 0.08865958452224731]
[0.0, 0.9255470216274262, 0.07445297837257381]
[0.0, 0.8847804471850396, 0.11521955281496044]
[0.0, 0.9068087512254714, 0.09319124877452856]
[0.0, 0.8918098568916321, 0.10819014310836794]
[0.0, 0.929604078233242, 0.07039592176675802]
[0.0, 0.9164312846958638, 0.08356871530413623]
[0.0, 0.9522339642047882, 0.04776603579521177]
[0.0, 0.9205510786175728, 0.0794489213824272]
[0.0, 0.9020348003506661, 0.09796519964933392]
[0.0, 0.9043178457021713, 0.09568215429782867]
[0.0, 0.797360324114561, 0.20263967588543896]
[0.0, 0.8374480193853379, 0.16255198061466214]
[0.0, 0.763380805104971, 0.23661919489502903]
[0.0, 0.6979528916627169, 0.3020471083372831]
[0.0, 0.8867439258098603, 0.11325607419013972]
[0.0, 0.9355089157819748, 0.06449108421802519]
[0.0, 0.9533025619387626, 0.046697438061237384]
[0.0, 0.9631164038181305, 0.03688359618186954]
[0.0, 0.9581618696451187, 0.041838130354881264]
[0.0, 0.9408403512835503, 0.05915964871644974]
[1.0, 0.1279103570431471, 0.8720896429568529]
[1.0, 0.044026633407920596, 0.9559733665920794]
[1.0, 0.04623931476846337, 0.9537606852315367]
[1.0, 0.0419919877871871, 0.958008012212813]
[1.0, 0.0482807226665318, 0.9517192773334682]
[1.0, 0.0582807226665318, 0.9417192773334682]
[1.0, 0.0795316031947732, 0.9204683968052267]
[1.0, 0.04694219151511789, 0.9530578084848821]
[1.0, 0.11165229365229606, 0.8883477063477039]
[1.0, 0.11795868027955293, 0.8820413197204471]
[1.0, 0.12808897852897644, 0.8719110214710235]
[1.0, 0.1151240649819374, 0.8848759350180626]
[1.0, 0.24620281688869, 0.7537971831113099]
[1.0, 0.1711421174928546, 0.8288578825071454]
[1.0, 0.19957125324755906, 0.8004287467524409]
[1.0, 0.12955911360681058, 0.8704408863931894]
[1.0, 0.20633288782089948, 0.7936671121791006]
[1.0, 0.23743732772767545, 0.7625626722723245]
[1.0, 0.19815186442807317, 0.8018481355719268]
[1.0, 0.2074336291477084, 0.7925663708522916]
[1.0, 0.3109322261810303, 0.6890677738189697]
[1.0, 0.32251477785408494, 0.6774852221459151]
[1.0, 0.2620799278095365, 0.7379200721904635]
[1.0, 0.48387103512883184, 0.5161289648711682]
[1.0, 0.3704193263873458, 0.6295806736126541]
[1.0, 0.2671858484297991, 0.7328141515702009]
[1.0, 0.27889511961489916, 0.7211048803851008]
[1.0, 0.47462831195443866, 0.5253716880455613]
[1.0, 0.43190100707113743, 0.5680989929288626]
[1.0, 0.2791677737981081, 0.7208322262018919]
[1.0, 0.21052428614348173, 0.7894757138565183]
[1.0, 0.3685861591435969, 0.6314138408564032]
[1.0, 0.2860598505847156, 0.7139401494152844]
[1.0, 0.1908785953372717, 0.8091214046627283]
[1.0, 0.22585618048906325, 0.7741438195109367]
[1.0, 0.24230826124548913, 0.7576917387545109]
[1.0, 0.100050308406353, 0.899949691593647]
[1.0, 0.07806351602077484, 0.9219364839792251]
[1.0, 0.09570729717612267, 0.9042927028238773]
[1.0, 0.11977795451879501, 0.880222045481205]
[1.0, 0.10761133618652821, 0.8923886638134718]
[1.0, 0.2512111766636372, 0.7487888233363629]
[1.0, 0.17560576945543288, 0.8243942305445671]
[1.0, 0.4067548941075802, 0.5932451058924197]
[0.0, 0.8878184051811695, 0.1121815948188305]
[0.0, 0.8757906304299832, 0.12420936957001683]
[0.0, 0.8933713790774346, 0.10662862092256542]
[0.0, 0.9071594268083573, 0.09284057319164274]
[0.0, 0.8897574992477894, 0.11024250075221065]
[0.0, 0.8163879097998142, 0.18361209020018576]
[0.0, 0.8350900454819202, 0.16490995451807977]
[0.0, 0.8937998342514039, 0.10620016574859614]
[0.0, 0.856391696035862, 0.14360830396413804]
[0.0, 0.8224807465076447, 0.1775192534923553]
[0.0, 0.8763712571561336, 0.12362874284386638]
[0.0, 0.7920861534774304, 0.2079138465225696]
[0.0, 0.7622957190126181, 0.23770428098738194]
[0.0, 0.8926417416334153, 0.10735825836658475]
[0.0, 0.8775741547346115, 0.12242584526538847]
[0.0, 0.8161390852928162, 0.1838609147071838]
[0.0, 0.9054335781931877, 0.0945664218068123]
[0.0, 0.8175231924653054, 0.18247680753469464]
[0.0, 0.7399969939887524, 0.2600030060112476]
[0.0, 0.8683361104130745, 0.13166388958692554]
[0.0, 0.7985102101415396, 0.20148978985846044]
[0.0, 0.8814077112078667, 0.11859228879213335]
[0.0, 0.8552656901627779, 0.14473430983722213]
[0.0, 0.8825867578387261, 0.11741324216127391]
[0.0, 0.8786308930814266, 0.12136910691857339]
[0.0, 0.8887839382886886, 0.11121606171131138]
[0.0, 0.8446262185275555, 0.15537378147244452]
[0.0, 0.7718064498901367, 0.2281935501098633]
[0.0, 0.8402006034553051, 0.15979939654469488]
[0.0, 0.9132418510317802, 0.08675814896821976]
[0.0, 0.8993006792664527, 0.10069932073354726]
[0.0, 0.6679863518476487, 0.33201364815235135]
[0.0, 0.7535440995544195, 0.24645590044558052]
[0.0, 0.849165255278349, 0.15083474472165104]
[0.0, 0.6945628248900175, 0.3054371751099825]
[0.0, 0.8123668789863586, 0.18763312101364138]
[0.0, 0.7012278921157121, 0.2987721078842879]
[0.0, 0.8384586960077286, 0.1615413039922714]
[0.0, 0.7951308251172304, 0.20486917488276957]
[0.0, 0.6900530307367444, 0.3099469692632556]
[0.0, 0.7575870707631112, 0.24241292923688884]
[0.0, 0.785238698720932, 0.214761301279068]
[0.0, 0.8021039059758186, 0.1978960940241814]
[0.0, 0.8449550262838602, 0.1550449737161398]
[0.0, 0.8168408459424973, 0.18315915405750272]
[0.0, 0.8153251761943102, 0.18467482380568978]
[0.0, 0.7458305604755878, 0.2541694395244122]
[0.0, 0.8316640044748783, 0.16833599552512168]
[0.0, 0.7258161531388759, 0.27418384686112407]
[0.0, 0.7904034952819348, 0.20959650471806524]
[0.0, 0.8550780323147774, 0.14492196768522259]
[0.0, 0.8491417247056962, 0.15085827529430385]
[0.0, 0.796512561738491, 0.20348743826150895]
[0.0, 0.7647631894052028, 0.23523681059479717]
[0.0, 0.6967033754847943, 0.30329662451520567]
[0.0, 0.733805301077664, 0.26619469892233605]
[0.0, 0.7279243245720863, 0.27207567542791367]
[0.0, 0.7057663005590439, 0.2942336994409561]
[0.0, 0.7306610737740994, 0.2693389262259006]
[0.0, 0.7204701079428196, 0.2795298920571804]
[0.0, 0.8228299142420292, 0.17717008575797077]
[0.0, 0.813103408664465, 0.18689659133553504]
[0.0, 0.8535644239187241, 0.1464355760812759]
[0.0, 0.8232187886908651, 0.17678121130913493]
[0.0, 0.9188979828357696, 0.08110201716423038]
[0.0, 0.8442940419912338, 0.1557059580087662]
[0.0, 0.9186066329479218, 0.08139336705207822]
[0.0, 0.9149546927213669, 0.08504530727863313]
[0.0, 0.8902185231447219, 0.10978147685527806]
[0.0, 0.9345681113004685, 0.06543188869953154]
[0.0, 0.8091433048248291, 0.1908566951751709]
[0.0, 0.9119516068696976, 0.08804839313030244]
[0.0, 0.9074527353048325, 0.0925472646951675]
[0.0, 0.9198210626840592, 0.08017893731594083]
[0.0, 0.9403131148219108, 0.05968688517808918]
[0.0, 0.8131366740912199, 0.18686332590878008]
[1.0, 0.2964617707580328, 0.7035382292419672]
[1.0, 0.027185545600950718, 0.9728144543990492]
[1.0, 0.03564353842288256, 0.9643564615771174]
[1.0, 0.06838858637958765, 0.9316114136204123]
[1.0, 0.09076169164851308, 0.9092383083514869]
[1.0, 0.06857980137690901, 0.931420198623091]
[1.0, 0.09238795820623637, 0.9076120417937636]
[1.0, 0.03888293977826834, 0.9611170602217317]
[1.0, 0.0352832443267107, 0.9647167556732893]
[1.0, 0.06095186665654182, 0.9390481333434582]
[1.0, 0.092665746062994, 0.907334253937006]
[1.0, 0.03512509733438492, 0.964874902665615]
[1.0, 0.12206586848944426, 0.8779341315105558]
[1.0, 0.06029730666428804, 0.939702693335712]
[1.0, 0.05979725442826748, 0.9402027455717326]
[1.0, 0.11644946351647377, 0.8835505364835262]
[1.0, 0.0966475485265255, 0.9033524514734745]
[1.0, 0.10398567471653224, 0.8960143252834678]
[1.0, 0.11049415856599808, 0.8895058414340019]
[1.0, 0.14006419762969016, 0.8599358023703099]
[1.0, 0.11822178082540631, 0.8817782191745936]
[1.0, 0.14986397994682193, 0.850136020053178]
[1.0, 0.09147637385874986, 0.9085236261412502]
[1.0, 0.16785603392869233, 0.8321439660713077]
[1.0, 0.18357297590002417, 0.8164270240999758]
[1.0, 0.12088654020801187, 0.8791134597919881]
[1.0, 0.2012417080439627, 0.7987582919560373]
[1.0, 0.3393145021051168, 0.6606854978948832]
[1.0, 0.2516041733324528, 0.7483958266675472]
[1.0, 0.2206258384883404, 0.7793741615116596]
[1.0, 0.16164487659931182, 0.8383551234006882]
[1.0, 0.09210318943485618, 0.9078968105651438]
[1.0, 0.1787006672658026, 0.8212993327341974]
[1.0, 0.12303109996020795, 0.876968900039792]
[1.0, 0.07623441141098737, 0.9237655885890126]
[1.0, 0.15017371729016304, 0.849826282709837]
[1.0, 0.11142925206571817, 0.8885707479342818]
[1.0, 0.07114046001806855, 0.9288595399819315]
[1.0, 0.1527590972185135, 0.8472409027814864]
[1.0, 0.1507674040645361, 0.8492325959354639]
[1.0, 0.17601562106981875, 0.8239843789301813]
[1.0, 0.1338155499100685, 0.8661844500899315]
[1.0, 0.0833904792368412, 0.9166095207631588]
[1.0, 0.08950867637991905, 0.9104913236200809]
[1.0, 0.08367899373173714, 0.9163210062682628]
[1.0, 0.17625638216733933, 0.8237436178326607]
[1.0, 0.1863919460773468, 0.8136080539226532]
[1.0, 0.0768050654605031, 0.9231949345394969]
[1.0, 0.1415439537167549, 0.8584560462832451]
[1.0, 0.1821064468100667, 0.8178935531899333]
[1.0, 0.26496824983507394, 0.7350317501649261]
[1.0, 0.15798832379281522, 0.8420116762071848]
[1.0, 0.14495257046073676, 0.8550474295392633]
[1.0, 0.2253732819855213, 0.7746267180144787]
[1.0, 0.1553276452049613, 0.8446723547950387]
[1.0, 0.2625445771217346, 0.7374554228782654]
[1.0, 0.16756672415882348, 0.8324332758411765]
[1.0, 0.1963770801573992, 0.8036229198426008]
[1.0, 0.10347113564610481, 0.8965288643538952]
[1.0, 0.4047004153579474, 0.5952995846420526]
[1.0, 0.2526388765871525, 0.7473611234128474]
[1.0, 0.3313902458548546, 0.6686097541451455]
[1.0, 0.2322379903495312, 0.7677620096504688]
[1.0, 0.1295872972905636, 0.8704127027094364]
[1.0, 0.1987100887298584, 0.8012899112701416]
[1.0, 0.20716324150562287, 0.7928367584943772]
[0.0, 0.8848840409517288, 0.11511595904827121]
[0.0, 0.9410378462076188, 0.05896215379238123]
[0.0, 0.8777812474966049, 0.12221875250339509]
[0.0, 0.860919514298439, 0.13908048570156095]
[0.0, 0.8956373977661133, 0.10436260223388671]
[0.0, 0.9381518173217773, 0.061848182678222674]
[0.0, 0.9432398176193237, 0.05676018238067626]
[0.0, 0.9277076834440231, 0.0722923165559769]
[0.0, 0.9230387192964554, 0.07696128070354458]
[0.0, 0.9422866815328598, 0.05771331846714023]
[0.0, 0.9360506027936936, 0.06394939720630644]
[0.0, 0.9024617704749107, 0.09753822952508928]
[0.0, 0.9132894575595856, 0.08671054244041443]
[0.0, 0.9368366596102714, 0.0631633403897286]
[0.0, 0.9223180249333381, 0.07768197506666186]
[0.0, 0.8923148819059133, 0.10768511809408665]
[0.0, 0.8153250785917043, 0.18467492140829567]
[0.0, 0.885954575240612, 0.11404542475938795]
[0.0, 0.8663354860246182, 0.13366451397538182]
[0.0, 0.8783518961071968, 0.12164810389280323]
[0.0, 0.8626253661513329, 0.1373746338486671]
[0.0, 0.8180339583754539, 0.1819660416245461]
[0.0, 0.8756843188405037, 0.12431568115949632]
[0.0, 0.8839699667692185, 0.11603003323078154]
[0.0, 0.7170705661177635, 0.28292943388223646]
[0.0, 0.8530841904878617, 0.14691580951213834]
[0.0, 0.7489165219664574, 0.2510834780335426]
[0.0, 0.7255652212910354, 0.2744347787089646]
[0.0, 0.8165549226850272, 0.18344507731497284]
[0.0, 0.8351630064845085, 0.16483699351549153]
[0.0, 0.8863033126294613, 0.11369668737053873]
[0.0, 0.7465852011740207, 0.2534147988259793]
[0.0, 0.938795154094696, 0.06120484590530395]
[0.0, 0.9402540373802185, 0.05974596261978149]
[0.0, 0.8890325817465782, 0.11096741825342182]
[0.0, 0.8659448957443238, 0.13405510425567624]
[0.0, 0.7341275187581777, 0.2658724812418223]
[0.0, 0.7576262474060058, 0.24237375259399419]
[1.0, 0.3391245667263865, 0.6608754332736135]
[1.0, 0.3810002615302801, 0.6189997384697199]
[1.0, 0.3604010911285877, 0.6395989088714122]
[0.0, 0.6106268873438239, 0.38937311265617613]
[0.0, 0.7380679242312909, 0.26193207576870914]
[0.0, 0.7810326586291194, 0.21896734137088059]
[0.0, 0.8655433681607246, 0.13445663183927536]
[0.0, 0.8637715369462967, 0.13622846305370329]
[0.0, 0.7936020819842815, 0.2063979180157185]
[0.0, 0.8600676923990249, 0.13993230760097508]
[0.0, 0.8086502545326948, 0.1913497454673052]
[0.0, 0.7644740530103445, 0.23552594698965545]
[0.0, 0.8939559909701348, 0.10604400902986522]
[0.0, 0.8649203062057496, 0.13507969379425044]
[0.0, 0.9054633915424347, 0.09453660845756529]
[0.0, 0.7885596811771393, 0.21144031882286074]
[0.0, 0.8682167418301105, 0.13178325816988945]
[0.0, 0.8886275109648705, 0.11137248903512953]
[0.0, 0.8917331422120333, 0.10826685778796674]
[0.0, 0.8542122176289558, 0.14578778237104417]
[0.0, 0.9007487043738365, 0.09925129562616353]
[0.0, 0.883275539688766, 0.11672446031123396]
[0.0, 0.8636060258746148, 0.13639397412538523]
[0.0, 0.8375666224956513, 0.16243337750434872]
[0.0, 0.7100867180526257, 0.2899132819473743]
[0.0, 0.8313705662637949, 0.1686294337362051]
[0.0, 0.8192072493582964, 0.18079275064170364]
[0.0, 0.7851082560420036, 0.21489174395799637]
[0.0, 0.8708837407827378, 0.12911625921726222]
[0.0, 0.8440173801779747, 0.15598261982202533]
[0.0, 0.8850751885771752, 0.11492481142282485]
[0.0, 0.836872366964817, 0.16312763303518296]
[0.0, 0.8802252637594938, 0.11977473624050616]
[0.0, 0.9126956754922867, 0.0873043245077133]
[0.0, 0.9092121107876301, 0.09078788921236991]
[0.0, 0.9061196042597294, 0.09388039574027063]
[0.0, 0.930914799273014, 0.06908520072698598]
[0.0, 0.878642430305481, 0.12135756969451905]
[0.0, 0.8516477209329605, 0.14835227906703952]
[0.0, 0.8716559743881226, 0.1283440256118774]
[0.0, 0.9492693763971328, 0.050730623602867175]
[0.0, 0.9148960498720408, 0.08510395012795924]
[0.0, 0.9371956425905228, 0.06280435740947721]
[0.0, 0.7545932320505381, 0.24540676794946192]
[0.0, 0.8261015540361405, 0.1738984459638595]
[0.0, 0.9116026151180268, 0.08839738488197324]
[0.0, 0.9037652976810933, 0.09623470231890674]
[0.0, 0.9302802783250809, 0.06971972167491913]
[0.0, 0.9397047591209412, 0.0602952408790588]
[0.0, 0.9234128656983376, 0.07658713430166242]
[0.0, 0.874280880689621, 0.12571911931037905]
[0.0, 0.9547201910614967, 0.04527980893850325]
[0.0, 0.9223847252130508, 0.07761527478694918]
[0.0, 0.9414462274312974, 0.058553772568702644]
[0.0, 0.884838088452816, 0.11516191154718403]
[0.0, 0.9283921706676483, 0.07160782933235166]
[0.0, 0.8798124213516713, 0.12018757864832874]
[0.0, 0.7432487723231316, 0.2567512276768684]
[0.0, 0.8949761790037155, 0.10502382099628449]
[0.0, 0.9525182965397835, 0.04748170346021652]
[0.0, 0.9188690075278282, 0.08113099247217181]
[0.0, 0.9132864066958427, 0.08671359330415729]
[0.0, 0.9021152578294277, 0.0978847421705723]
[1.0, 0.1946146585047245, 0.8053853414952755]
[1.0, 0.17989467531442643, 0.8201053246855736]
[1.0, 0.07928466383367777, 0.9207153361663223]
[1.0, 0.12674008563160896, 0.873259914368391]
[1.0, 0.046668945029377934, 0.9533310549706221]
[1.0, 0.05787864048033953, 0.9421213595196605]
[1.0, 0.0764938909932971, 0.9235061090067029]
[1.0, 0.07145195096731186, 0.9285480490326882]
[1.0, 0.08590776659548283, 0.9140922334045172]
[1.0, 0.0958965615555644, 0.9041034384444356]
[1.0, 0.07481207378208637, 0.9251879262179137]
[1.0, 0.13135538265109062, 0.8686446173489094]
[1.0, 0.12695845037698747, 0.8730415496230125]
[1.0, 0.09748743850737811, 0.9025125614926219]
[1.0, 0.08469515204429627, 0.9153048479557038]
[1.0, 0.11754291757941246, 0.8824570824205875]
[1.0, 0.0967971582710743, 0.9032028417289257]
[1.0, 0.10154615838080644, 0.8984538416191936]
[1.0, 0.11723756417632103, 0.882762435823679]
[1.0, 0.27267621144652365, 0.7273237885534763]
[1.0, 0.09098877210170031, 0.9090112278982997]
[1.0, 0.137304093465209, 0.862695906534791]
[1.0, 0.14817587837576865, 0.8518241216242314]
[1.0, 0.15993592916056515, 0.8400640708394349]
[1.0, 0.22961451299488544, 0.7703854870051146]
[1.0, 0.16450092568993568, 0.8354990743100643]
[1.0, 0.12603946587070822, 0.8739605341292918]
[1.0, 0.17708059072494506, 0.8229194092750549]
[1.0, 0.12793690284714102, 0.872063097152859]
[1.0, 0.24149438628926873, 0.7585056137107313]
[1.0, 0.3975984075665474, 0.6024015924334526]
[1.0, 0.18395061599090695, 0.816049384009093]
[1.0, 0.42933383755385873, 0.5706661624461413]
[1.0, 0.3722147892415524, 0.6277852107584476]
[1.0, 0.22860464185476304, 0.771395358145237]
[1.0, 0.12837479412555694, 0.871625205874443]
[1.0, 0.23858204759657384, 0.7614179524034261]
[1.0, 0.1764067542925477, 0.8235932457074523]
[1.0, 0.18033786103129387, 0.8196621389687061]
[1.0, 0.16170602997764946, 0.8382939700223505]
[1.0, 0.13274665653705597, 0.867253343462944]
[0.0, 0.6196498836576939, 0.3803501163423061]
[1.0, 0.18878331411629914, 0.8112166858837009]
[1.0, 0.19797162264585494, 0.802028377354145]
[1.0, 0.29469234742224215, 0.7053076525777578]
[1.0, 0.2833059311658144, 0.7166940688341856]
[1.0, 0.24897741094231607, 0.7510225890576839]
[1.0, 0.07416042799130082, 0.9258395720086992]
[1.0, 0.22028107017278672, 0.7797189298272132]
[1.0, 0.15179686000570655, 0.8482031399942934]
[1.0, 0.269548514932394, 0.730451485067606]
[1.0, 0.22021265543997287, 0.7797873445600272]
[1.0, 0.22314260751008988, 0.7768573924899101]
[1.0, 0.18554078176617622, 0.8144592182338237]
[1.0, 0.2251185265928507, 0.7748814734071493]
[1.0, 0.0878590077906847, 0.9121409922093153]
[1.0, 0.14638025365769863, 0.8536197463423014]
[1.0, 0.09612966123968363, 0.9038703387603164]
[1.0, 0.07388570854440331, 0.9261142914555966]
[1.0, 0.14629840567708016, 0.8537015943229198]
[1.0, 0.2730751712992787, 0.7269248287007213]
[1.0, 0.1344344364851713, 0.8655655635148287]
[1.0, 0.13528137400746346, 0.8647186259925366]
[1.0, 0.2399447253346443, 0.7600552746653557]
[1.0, 0.09800101213157177, 0.9019989878684282]
[1.0, 0.14923259658738972, 0.8507674034126103]
[1.0, 0.12330642625689507, 0.876693573743105]
[1.0, 0.08665665186941623, 0.9133433481305837]
[1.0, 0.12056514285504819, 0.8794348571449518]
[1.0, 0.1596392001211643, 0.8403607998788357]
[1.0, 0.09894161742180586, 0.9010583825781942]
[1.0, 0.14073378056287766, 0.8592662194371223]
[1.0, 0.2514522897452116, 0.7485477102547884]
[1.0, 0.1797981509566307, 0.8202018490433693]
[1.0, 0.11392893452197313, 0.8860710654780268]
[1.0, 0.16073158331215381, 0.8392684166878461]
[1.0, 0.1329339837655425, 0.8670660162344574]
[1.0, 0.20804744586348534, 0.7919525541365147]
[1.0, 0.11806458961218595, 0.8819354103878141]
[1.0, 0.09543082199990749, 0.9045691780000925]
[1.0, 0.16924626108258964, 0.8307537389174103]
[1.0, 0.13729942083358765, 0.8627005791664124]
[1.0, 0.14706971157342197, 0.852930288426578]
[1.0, 0.13589546624571086, 0.8641045337542892]
[1.0, 0.14065721299499273, 0.8593427870050072]
[1.0, 0.1290846576541662, 0.8709153423458338]
[1.0, 0.24858748644590378, 0.7514125135540962]
[1.0, 0.24464577935636045, 0.7553542206436396]
[1.0, 0.11047180607914925, 0.8895281939208508]
[1.0, 0.2464766504243016, 0.7535233495756983]
[1.0, 0.28944416359066966, 0.7105558364093303]
[1.0, 0.12795409422367812, 0.8720459057763219]
[1.0, 0.09178762551397085, 0.9082123744860291]
[1.0, 0.07952909134328365, 0.9204709086567163]
[1.0, 0.11460092801600695, 0.885399071983993]
[1.0, 0.18581769078969956, 0.8141823092103004]
[1.0, 0.16513518434017896, 0.8348648156598211]
[1.0, 0.13995063714683056, 0.8600493628531695]
[1.0, 0.13957491174340247, 0.8604250882565976]
[1.0, 0.21469916857779026, 0.7853008314222097]
[1.0, 0.11051988607272506, 0.889480113927275]
[1.0, 0.13516836680471897, 0.864831633195281]
[1.0, 0.11696113500744104, 0.8830388649925589]
[1.0, 0.10889230461791158, 0.8911076953820884]
[1.0, 0.15299789749085904, 0.847002102509141]
[1.0, 0.11975927561521531, 0.8802407243847847]
[1.0, 0.2523866643756628, 0.7476133356243372]
[1.0, 0.2023527493700385, 0.7976472506299614]
[1.0, 0.20923863492906095, 0.7907613650709391]
[1.0, 0.16981223344802857, 0.8301877665519715]
[1.0, 0.14015373662114144, 0.8598462633788586]
[1.0, 0.10353968238458038, 0.8964603176154197]
[1.0, 0.20762828141450881, 0.7923717185854912]
[1.0, 0.16722911454737185, 0.8327708854526281]
[1.0, 0.1759564446657896, 0.8240435553342104]
[1.0, 0.3550023424625397, 0.6449976575374603]
[1.0, 0.41865651443600654, 0.5813434855639934]
[1.0, 0.1253654596209526, 0.8746345403790474]
[1.0, 0.08595273414626718, 0.9140472658537329]
[1.0, 0.08857003938406706, 0.911429960615933]
[1.0, 0.1901841938495636, 0.8098158061504364]
[1.0, 0.11703109949827194, 0.882968900501728]
[1.0, 0.17030111137777568, 0.8296988886222243]
[1.0, 0.17128864606842398, 0.828711353931576]
[1.0, 0.06425888177007437, 0.9357411182299257]
[1.0, 0.17314670458436013, 0.8268532954156399]
[1.0, 0.3322298877686262, 0.6677701122313737]
[1.0, 0.1495858770608902, 0.8504141229391098]
[1.0, 0.23210997944697737, 0.7678900205530226]
[1.0, 0.07636559611186385, 0.9236344038881361]
[1.0, 0.15323119336739183, 0.8467688066326082]
[1.0, 0.2933394448086619, 0.7066605551913381]
[1.0, 0.21161238821223377, 0.7883876117877662]
[1.0, 0.32045597713440654, 0.6795440228655935]
[1.0, 0.19773992758244277, 0.8022600724175573]
[1.0, 0.194669949375093, 0.805330050624907]
[1.0, 0.16866102799773217, 0.8313389720022678]
[1.0, 0.10484797060489655, 0.8951520293951034]
[1.0, 0.09497426450252533, 0.9050257354974747]
[1.0, 0.07958675265312194, 0.920413247346878]
[1.0, 0.11301976446062327, 0.8869802355393768]
[1.0, 0.13034476906061174, 0.8696552309393882]
[1.0, 0.21485423237085344, 0.7851457676291466]
[1.0, 0.25964998051524163, 0.7403500194847583]
[0.0, 0.8056888410449028, 0.1943111589550972]
[0.0, 0.9705282068252563, 0.029471793174743688]
[0.0, 0.969968301653862, 0.030031698346137947]
[0.0, 0.8875775864720344, 0.11242241352796556]
[0.0, 0.9667892780900001, 0.03321072190999985]
[0.0, 0.9372131842374801, 0.06278681576251988]
[0.0, 0.9542401915788651, 0.04575980842113492]
[0.0, 0.9083194193243981, 0.09168058067560192]
[0.0, 0.9043052992224694, 0.09569470077753062]
[0.0, 0.9670887225866318, 0.03291127741336819]
[0.0, 0.8332788097858429, 0.1667211902141571]
[0.0, 0.861763519346714, 0.13823648065328598]
[0.0, 0.8981605386734008, 0.10183946132659916]
[0.0, 0.8950011804699898, 0.10499881953001022]
[0.0, 0.9044101005792617, 0.09558989942073826]
[0.0, 0.8879155313968659, 0.11208446860313415]
[0.0, 0.9129572135210037, 0.08704278647899633]
[0.0, 0.9136991655826568, 0.08630083441734315]
[0.0, 0.8653887367248535, 0.1346112632751465]
[0.0, 0.8795715656876564, 0.12042843431234362]
[0.0, 0.9035924515128135, 0.09640754848718647]
[0.0, 0.8802181050181389, 0.11978189498186109]
[0.0, 0.8736869457364083, 0.12631305426359174]
[0.0, 0.7711137382686138, 0.22888626173138615]
[0.0, 0.8611844944953918, 0.1388155055046082]
[0.0, 0.7601881045103073, 0.23981189548969273]
[0.0, 0.8323276641964913, 0.1676723358035087]
[0.0, 0.7469741159677505, 0.25302588403224946]
[0.0, 0.8280803418159485, 0.17191965818405153]
[0.0, 0.8819813066720963, 0.11801869332790371]
[0.0, 0.8968183210492134, 0.10318167895078656]
[0.0, 0.8917461514472962, 0.10825384855270381]
[0.0, 0.781092953979969, 0.21890704602003097]
[0.0, 0.8678664472699166, 0.13213355273008343]
[0.0, 0.8131591440737247, 0.1868408559262753]
[0.0, 0.79515570089221, 0.20484429910779]
[0.0, 0.7532264269888401, 0.24677357301115987]
[0.0, 0.7868367302417755, 0.21316326975822453]
[0.0, 0.8317265148460865, 0.1682734851539135]
[0.0, 0.7586432331055403, 0.24135676689445973]
[0.0, 0.762213663160801, 0.23778633683919903]
[0.0, 0.7562324307113886, 0.24376756928861143]
[0.0, 0.7996993833780288, 0.20030061662197118]
[0.0, 0.7174690759181976, 0.28253092408180236]
[0.0, 0.8186008667945862, 0.1813991332054138]
[0.0, 0.6824459008872509, 0.3175540991127491]
[0.0, 0.7539572504162788, 0.2460427495837212]
[0.0, 0.7659170423448086, 0.23408295765519138]
[0.0, 0.8731733080744744, 0.12682669192552565]
[0.0, 0.8347418196499348, 0.16525818035006523]
[0.0, 0.7968787942826748, 0.20312120571732517]
[0.0, 0.7324815036728978, 0.26751849632710223]
[0.0, 0.7213349322229624, 0.2786650677770376]
[0.0, 0.7686228728853166, 0.2313771271146834]
[0.0, 0.6524143316596747, 0.34758566834032534]
[0.0, 0.7741810514032841, 0.22581894859671592]
[0.0, 0.8009193986654282, 0.19908060133457184]
[0.0, 0.8132800647616386, 0.1867199352383614]
[0.0, 0.8801623520255089, 0.11983764797449115]
[0.0, 0.9132258594036102, 0.08677414059638977]
[0.0, 0.8216933849453926, 0.17830661505460743]
[0.0, 0.8539700525999069, 0.14602994740009312]
[0.0, 0.873942803516984, 0.12605719648301605]
[0.0, 0.8464942352473735, 0.15350576475262645]
[0.0, 0.8130924114584923, 0.18690758854150769]
[0.0, 0.8834462434053421, 0.11655375659465794]
[0.0, 0.7998976770043373, 0.20010232299566266]
[0.0, 0.8168847293406725, 0.18311527065932753]
[0.0, 0.7583325256407261, 0.24166747435927394]
[0.0, 0.7476939126104116, 0.2523060873895884]
[0.0, 0.8223850624263287, 0.1776149375736713]
[0.0, 0.8421205814182758, 0.15787941858172416]
[0.0, 0.7934685811400414, 0.20653141885995863]
[0.0, 0.7267290888726712, 0.2732709111273288]
[0.0, 0.772844141125679, 0.227155858874321]
[0.0, 0.8114098937809467, 0.18859010621905326]
[0.0, 0.7265363788232208, 0.27346362117677925]
[0.0, 0.8726186165213585, 0.12738138347864147]
[0.0, 0.7697663278877735, 0.23023367211222645]
[0.0, 0.8542043614387512, 0.14579563856124877]
[0.0, 0.8602230754494667, 0.13977692455053325]
[0.0, 0.8930469697713852, 0.1069530302286148]
[0.0, 0.8284476862847805, 0.1715523137152195]
[0.0, 0.7289673717319965, 0.27103262826800345]
[0.0, 0.8338905879855156, 0.16610941201448437]
[0.0, 0.6728503549098969, 0.32714964509010314]
[0.0, 0.869926307797432, 0.13007369220256804]
[0.0, 0.9076834261417389, 0.09231657385826109]
[0.0, 0.8498811644315719, 0.1501188355684281]
[0.0, 0.9002575731277466, 0.09974242687225343]
[0.0, 0.7988069944083691, 0.2011930055916309]
[0.0, 0.7118339563347399, 0.2881660436652601]
[0.0, 0.8341431853175163, 0.1658568146824837]
[0.0, 0.8332137240469456, 0.1667862759530544]
[0.0, 0.8111056558787823, 0.18889434412121775]
[0.0, 0.7469656430184841, 0.2530343569815159]
[0.0, 0.8412406644225121, 0.1587593355774879]
[0.0, 0.8800154009461403, 0.11998459905385972]
[0.0, 0.916206229031086, 0.08379377096891405]
[0.0, 0.8810872620344162, 0.11891273796558377]
[0.0, 0.9079455018043519, 0.09205449819564815]
[0.0, 0.8751449206471443, 0.12485507935285567]
[0.0, 0.8239992329478264, 0.1760007670521736]
[0.0, 0.899392654299736, 0.10060734570026397]
[0.0, 0.9015767678618432, 0.09842323213815685]
[0.0, 0.7859268815815449, 0.2140731184184551]
[0.0, 0.8225029388070106, 0.17749706119298936]
[0.0, 0.7847223258018494, 0.21527767419815058]
[0.0, 0.8006321373581886, 0.1993678626418114]
[0.0, 0.8484561103582382, 0.1515438896417618]
[0.0, 0.7734156545996665, 0.22658434540033345]
[0.0, 0.8963635882735252, 0.10363641172647475]
[0.0, 0.9313010400533677, 0.06869895994663233]
[0.0, 0.8899147321283817, 0.11008526787161832]
[0.0, 0.7861653850600123, 0.21383461493998768]
[0.0, 0.850599336028099, 0.149400663971901]
[0.0, 0.878887585401535, 0.121112414598465]
[0.0, 0.8482788759469986, 0.15172112405300142]
[0.0, 0.8624987086653709, 0.13750129133462907]
[0.0, 0.8469601806998253, 0.15303981930017474]
[0.0, 0.8262233721464872, 0.17377662785351278]
[0.0, 0.9361876845359802, 0.06381231546401978]
[0.0, 0.9482608422636986, 0.051739157736301444]
[0.0, 0.9395222243666649, 0.06047777563333512]
[0.0, 0.9545437839627265, 0.045456216037273456]
[0.0, 0.9194069451093674, 0.08059305489063262]
[0.0, 0.8588513949513435, 0.14114860504865645]
[0.0, 0.8388513949513435, 0.16114860504865647]
[1.0, 0.2180078575015068, 0.7819921424984932]
[1.0, 0.06805264815688133, 0.9319473518431187]
[1.0, 0.0836759115755558, 0.9163240884244442]
[1.0, 0.06932885296642781, 0.9306711470335722]
[1.0, 0.053381368406116965, 0.946618631593883]
[1.0, 0.05564531225711107, 0.9443546877428889]
[1.0, 0.037767486311495305, 0.9622325136885047]
[1.0, 0.03218032132834196, 0.9678196786716581]
[1.0, 0.0386457322910428, 0.9613542677089572]
[1.0, 0.12777831818908453, 0.8722216818109154]
[1.0, 0.053030987195670606, 0.9469690128043294]
[1.0, 0.10813586723059415, 0.8918641327694059]
[1.0, 0.08701701749116182, 0.9129829825088381]
[1.0, 0.05604664396494627, 0.9439533560350537]
[1.0, 0.10186628952622413, 0.8981337104737759]
[1.0, 0.12318137902766466, 0.8768186209723353]
[1.0, 0.04694099985063076, 0.9530590001493693]
[1.0, 0.052000692822039125, 0.9479993071779609]
[1.0, 0.04630461420863867, 0.9536953857913614]
[1.0, 0.21074728384613992, 0.7892527161538601]
[1.0, 0.11398194923996925, 0.8860180507600307]
[1.0, 0.09796507954597473, 0.9020349204540252]
[1.0, 0.10040623892098666, 0.8995937610790133]
[1.0, 0.24777301400899887, 0.7522269859910011]
[1.0, 0.18100466020405293, 0.8189953397959471]
[1.0, 0.15210494462400675, 0.8478950553759932]
[1.0, 0.21764759931713343, 0.7823524006828666]
[1.0, 0.08372564911842346, 0.9162743508815765]
[1.0, 0.13753809586167334, 0.8624619041383267]
[1.0, 0.1348484230041504, 0.8651515769958495]
[1.0, 0.1452025308459997, 0.8547974691540003]
[1.0, 0.09211808880791068, 0.9078819111920893]
[1.0, 0.2472189934924245, 0.7527810065075755]
[1.0, 0.3258498417586088, 0.6741501582413911]
[1.0, 0.1394187678769231, 0.8605812321230769]
[1.0, 0.10670276738703251, 0.8932972326129675]
[1.0, 0.19062837161123752, 0.8093716283887624]
[1.0, 0.11617688849568367, 0.8838231115043164]
[1.0, 0.3168962744995952, 0.6831037255004049]
[1.0, 0.19258475542068482, 0.8074152445793152]
[1.0, 0.18317916058003902, 0.816820839419961]
[1.0, 0.3923045678436756, 0.6076954321563244]
[1.0, 0.37038122206926344, 0.6296187779307365]
[1.0, 0.22091830115765332, 0.7790816988423467]
[1.0, 0.19600503489375115, 0.8039949651062488]
[1.0, 0.27426974758505823, 0.7257302524149418]
[1.0, 0.264244724214077, 0.7357552757859229]
[1.0, 0.19316018853336572, 0.8068398114666343]
[1.0, 0.4000935027375817, 0.5999064972624183]
[1.0, 0.37786892265081407, 0.6221310773491859]
[1.0, 0.333037823215127, 0.666962176784873]
[1.0, 0.21836056487634778, 0.7816394351236522]
[1.0, 0.25224579168483613, 0.7477542083151638]
[1.0, 0.2574565654620528, 0.7425434345379471]
[1.0, 0.3490552136301994, 0.6509447863698006]
[1.0, 0.2172776909172535, 0.7827223090827465]
[1.0, 0.18428123716264963, 0.8157187628373503]
[1.0, 0.10291776910424233, 0.8970822308957577]
[1.0, 0.16354466050863267, 0.8364553394913673]
[1.0, 0.18462006645277143, 0.8153799335472286]
[1.0, 0.1357185946404934, 0.8642814053595066]
[1.0, 0.13587492832913994, 0.8641250716708601]
[1.0, 0.18695519506931305, 0.813044804930687]
[1.0, 0.37290455304086206, 0.6270954469591379]
[1.0, 0.31246244922280314, 0.6875375507771968]
[1.0, 0.32733610801398755, 0.6726638919860124]
[1.0, 0.2987543574161828, 0.7012456425838172]
[1.0, 0.34739232927560804, 0.652607670724392]
[1.0, 0.2991457919217646, 0.7008542080782354]
[1.0, 0.17424910925328732, 0.8257508907467127]
[1.0, 0.19092015795409678, 0.8090798420459032]
[1.0, 0.3579674327373505, 0.6420325672626495]
[1.0, 0.26222842894494536, 0.7377715710550546]
[1.0, 0.2887541083991528, 0.7112458916008473]
[1.0, 0.2210031970962882, 0.7789968029037118]
[1.0, 0.24786206893622875, 0.7521379310637712]
[1.0, 0.4599792780727148, 0.5400207219272852]
[1.0, 0.3089898023381829, 0.691010197661817]
[1.0, 0.20248257145285606, 0.7975174285471439]
[1.0, 0.19797274846583604, 0.802027251534164]
[1.0, 0.25752770019695165, 0.7424722998030484]
[1.0, 0.224156007617712, 0.775843992382288]
[1.0, 0.15438818771392107, 0.845611812286079]
[1.0, 0.10724831700325012, 0.8927516829967499]
[1.0, 0.08718041900545359, 0.9128195809945464]
[1.0, 0.09756306707859039, 0.9024369329214096]
[1.0, 0.19069280445575715, 0.8093071955442428]
[1.0, 0.1779371828585863, 0.8220628171414137]
[1.0, 0.12887292243540288, 0.8711270775645972]
[1.0, 0.08462468549609184, 0.9153753145039082]
[1.0, 0.28570887133479117, 0.7142911286652088]
[1.0, 0.10771891929209232, 0.8922810807079077]
[1.0, 0.24405883610248566, 0.7559411638975143]
[1.0, 0.2733756562322378, 0.7266243437677622]
[1.0, 0.13607249200344085, 0.8639275079965592]
[1.0, 0.23439737975597383, 0.7656026202440261]
[1.0, 0.1418909987807274, 0.8581090012192726]
[0.0, 0.9702813720703125, 0.02971862792968749]
[0.0, 0.9850336760282516, 0.014966323971748352]
[0.0, 0.9667573463916779, 0.033242653608322126]
[0.0, 0.973861808180809, 0.02613819181919097]
[0.0, 0.9828960460424423, 0.017103953957557705]
[0.0, 0.9678706872463226, 0.032129312753677364]
[0.0, 0.9637302976846694, 0.036269702315330554]
[0.0, 0.98369200527668, 0.016307994723320007]
[0.0, 0.984886617064476, 0.015113382935524]
[0.0, 0.9854977393150329, 0.014502260684967072]
[0.0, 0.9767494314908981, 0.0232505685091019]
[0.0, 0.9017267766594886, 0.09827322334051136]
[0.0, 0.9524982208013535, 0.04750177919864651]
[0.0, 0.864785044491291, 0.135214955508709]
[0.0, 0.7174028699845075, 0.28259713001549247]
[0.0, 0.838639709353447, 0.161360290646553]
[0.0, 0.8861961355805397, 0.11380386441946033]
[0.0, 0.9141309893131256, 0.08586901068687436]
[0.0, 0.9178138703107834, 0.08218612968921657]
[0.0, 0.8907906639575959, 0.10920933604240413]
[0.0, 0.8467713382840156, 0.15322866171598437]
[0.0, 0.8506413322687149, 0.14935866773128514]
[0.0, 0.8835290408134461, 0.11647095918655392]
[0.0, 0.81891487210989, 0.18108512789011]
[0.0, 0.8448800403624773, 0.15511995963752268]
[0.0, 0.8087806625664234, 0.19121933743357655]
[0.0, 0.7902876687049866, 0.20971233129501343]
[0.0, 0.8315993262827397, 0.1684006737172603]
[0.0, 0.8444704440236092, 0.15552955597639084]
[0.0, 0.8887945938110352, 0.1112054061889648]
[0.0, 0.8594077908992768, 0.14059220910072323]
[0.0, 0.9230010503530502, 0.07699894964694975]
[0.0, 0.8803424578905106, 0.11965754210948942]
[0.0, 0.8748858225345612, 0.12511417746543885]
[0.0, 0.790948241353035, 0.209051758646965]
[0.0, 0.9209492468833923, 0.0790507531166077]
[0.0, 0.892100778222084, 0.107899221777916]
[0.0, 0.8877272671461105, 0.1122727328538895]
[0.0, 0.863449411764741, 0.136550588235259]
[0.0, 0.7512958923727274, 0.24870410762727257]
[0.0, 0.7902642467617988, 0.20973575323820115]
[0.0, 0.8111034593731165, 0.18889654062688355]
[0.0, 0.7344407124817371, 0.26555928751826285]
[0.0, 0.8127710773050785, 0.18722892269492153]
[0.0, 0.8665117201209068, 0.13348827987909317]
[0.0, 0.8639709058403969, 0.13602909415960307]
[0.0, 0.8833738765120507, 0.11662612348794932]
[0.0, 0.856256037056446, 0.14374396294355396]
[0.0, 0.8799528697133064, 0.12004713028669356]
[0.0, 0.8819701328873635, 0.11802986711263652]
[0.0, 0.8601159657537937, 0.13988403424620632]
[0.0, 0.8109070238471031, 0.18909297615289689]
[0.0, 0.8052704641222954, 0.19472953587770458]
[0.0, 0.7717843046784401, 0.22821569532155994]
[0.0, 0.7738215380907059, 0.22617846190929414]
[0.0, 0.8012548094987869, 0.1987451905012131]
[0.0, 0.8153295321762561, 0.18467046782374386]
[0.0, 0.8565329124033451, 0.14346708759665494]
[0.0, 0.7680922251939774, 0.23190777480602265]
[0.0, 0.8869153711199761, 0.11308462888002391]
[0.0, 0.8324926552176476, 0.1675073447823524]
[0.0, 0.8524857953190803, 0.1475142046809197]
[0.0, 0.9528832900524139, 0.0471167099475861]
[0.0, 0.904530252367258, 0.09546974763274196]
[0.0, 0.6507517432048917, 0.3492482567951083]
[0.0, 0.6145158252492547, 0.38548417475074526]
[0.0, 0.7070681430399418, 0.2929318569600582]
[0.0, 0.7914156499505043, 0.20858435004949571]
[0.0, 0.7175452059879899, 0.2824547940120101]
[0.0, 0.8741838700324297, 0.1258161299675703]
[0.0, 0.7952911075949669, 0.2047088924050331]
[0.0, 0.8762722554802894, 0.12372774451971058]
[0.0, 0.8390213248133659, 0.1609786751866341]
[0.0, 0.7856107822060585, 0.2143892177939415]
[0.0, 0.6224819335713982, 0.37751806642860175]
[0.0, 0.8293941617012024, 0.1706058382987976]
[0.0, 0.8022717317938804, 0.19772826820611955]
[0.0, 0.8141090023517609, 0.18589099764823913]
[0.0, 0.7565654391050338, 0.24343456089496618]
[0.0, 0.7121318130940198, 0.28786818690598015]
[0.0, 0.8325582575798035, 0.1674417424201965]
[0.0, 0.7325395405292511, 0.2674604594707489]
[0.0, 0.8283047544956207, 0.1716952455043793]
[0.0, 0.8684139710664749, 0.1315860289335251]
[0.0, 0.8903058797121048, 0.10969412028789516]
[0.0, 0.8656300455331802, 0.13436995446681976]
[0.0, 0.7567417727410793, 0.24325822725892066]
[0.0, 0.7891522890329361, 0.2108477109670639]
[0.0, 0.7294606498628855, 0.2705393501371145]
[0.0, 0.6951472777500749, 0.3048527222499251]
[0.0, 0.5855660265311599, 0.41443397346884014]
[0.0, 0.6841594126820564, 0.3158405873179436]
[0.0, 0.739916797503829, 0.260083202496171]
[0.0, 0.7139679455012083, 0.28603205449879165]
[0.0, 0.7473908650875092, 0.2526091349124908]
[0.0, 0.8245595562458038, 0.1754404437541962]
[0.0, 0.7433407554030418, 0.2566592445969582]
[0.0, 0.5640450867637992, 0.43595491323620084]
[1.0, 0.4832869369722903, 0.5167130630277097]
[0.0, 0.9377061340212822, 0.06229386597871778]
[0.0, 0.9499987041950226, 0.050001295804977364]
[0.0, 0.9332913655042648, 0.06670863449573516]
[0.0, 0.9487481087446212, 0.05125189125537877]
[0.0, 0.6792268515378237, 0.3207731484621763]
[1.0, 0.18558392442762853, 0.8144160755723715]
[1.0, 0.14528393104672432, 0.8547160689532757]
[1.0, 0.08151594892144204, 0.9184840510785579]
[1.0, 0.06335130423307418, 0.9366486957669258]
[1.0, 0.10743197003379464, 0.8925680299662053]
[1.0, 0.07485224209725856, 0.9251477579027414]
[1.0, 0.07327405326068401, 0.926725946739316]
[1.0, 0.23192207343876362, 0.7680779265612364]
[1.0, 0.10607982825487852, 0.8939201717451215]
[1.0, 0.1490731428936124, 0.8509268571063876]
[1.0, 0.13937954418361187, 0.8606204558163881]
[1.0, 0.17404469300061465, 0.8259553069993854]
[1.0, 0.08320634759962559, 0.9167936524003744]
[1.0, 0.1521064490824938, 0.8478935509175062]
[1.0, 0.1971043079905212, 0.8028956920094787]
[1.0, 0.09418666737154126, 0.9058133326284588]
[1.0, 0.15624593064188957, 0.8437540693581105]
[1.0, 0.13780916813760996, 0.8621908318623901]
[1.0, 0.13174970407038927, 0.8682502959296108]
[1.0, 0.13058838535100223, 0.8694116146489977]
[1.0, 0.14837088547646998, 0.85162911452353]
[1.0, 0.12088142722845077, 0.8791185727715493]
[1.0, 0.36605647929012775, 0.6339435207098723]
[1.0, 0.3254856246896088, 0.6745143753103913]
[1.0, 0.27243057630956174, 0.7275694236904382]
[1.0, 0.28744409427046774, 0.7125559057295323]
[1.0, 0.23097661532461644, 0.7690233846753836]
[1.0, 0.2401938718557358, 0.7598061281442642]
[1.0, 0.23739576973021032, 0.7626042302697897]
[1.0, 0.21948363825678827, 0.7805163617432117]
[1.0, 0.20682704135775565, 0.7931729586422444]
[1.0, 0.19182927519083023, 0.8081707248091697]
[1.0, 0.2501265130937099, 0.7498734869062901]
[1.0, 0.2071747539192438, 0.7928252460807562]
[1.0, 0.23912750028073787, 0.7608724997192622]
[1.0, 0.15781575083732605, 0.842184249162674]
[1.0, 0.1354013003781438, 0.8645986996218562]
[1.0, 0.20947407603263854, 0.7905259239673614]
[1.0, 0.15783653318881988, 0.8421634668111802]
[1.0, 0.15495345704257488, 0.8450465429574251]
[1.0, 0.14869358837604524, 0.8513064116239548]
[1.0, 0.16769577510654926, 0.8323042248934507]
[1.0, 0.2977162917330861, 0.7022837082669139]
[1.0, 0.18736373201012613, 0.8126362679898739]
[1.0, 0.1065743050724268, 0.8934256949275732]
[1.0, 0.15181525651365518, 0.8481847434863448]
[1.0, 0.11639477545395494, 0.8836052245460451]
[1.0, 0.08794947609305381, 0.9120505239069462]
[1.0, 0.2786883908510208, 0.7213116091489792]
[1.0, 0.16379234954714775, 0.8362076504528523]
[1.0, 0.1140003153309226, 0.8859996846690774]
[1.0, 0.1576358059607446, 0.8423641940392554]
[1.0, 0.15974400332197547, 0.8402559966780245]
[1.0, 0.12934784032404423, 0.8706521596759558]
[1.0, 0.17897795950993894, 0.821022040490061]
[1.0, 0.1747018589451909, 0.825298141054809]
[1.0, 0.14685950003564358, 0.8531404999643564]
[1.0, 0.15722368525341154, 0.8427763147465884]
[1.0, 0.1831126069277525, 0.8168873930722476]
[1.0, 0.12044217998161912, 0.8795578200183809]
[1.0, 0.18931987170130016, 0.8106801282986998]
[1.0, 0.19147896761074662, 0.8085210323892533]
[1.0, 0.2233224087394774, 0.7766775912605226]
[1.0, 0.2690632512047887, 0.7309367487952113]
[1.0, 0.28132074801251294, 0.718679251987487]
[1.0, 0.13126667767763137, 0.8687333223223687]
[1.0, 0.1430655126273632, 0.8569344873726368]
[1.0, 0.11639254428446293, 0.8836074557155371]
[1.0, 0.133138809427619, 0.866861190572381]
[1.0, 0.33574101626873015, 0.6642589837312698]
[1.0, 0.14856961984187364, 0.8514303801581263]
[1.0, 0.24942144483327866, 0.7505785551667213]
[1.0, 0.11127823175862432, 0.8887217682413757]
[1.0, 0.2138970768265426, 0.7861029231734574]
[1.0, 0.15270585048943758, 0.8472941495105624]
[1.0, 0.13257020074874162, 0.8674297992512584]
[1.0, 0.2364992674253881, 0.7635007325746119]
[1.0, 0.14155115745961666, 0.8584488425403833]
[1.0, 0.16336445916444065, 0.8366355408355594]
[1.0, 0.13159931115806103, 0.868400688841939]
[1.0, 0.10582999074831605, 0.894170009251684]
[1.0, 0.11714549258351326, 0.8828545074164867]
[1.0, 0.08954051937907934, 0.9104594806209206]
[1.0, 0.14153326818719505, 0.858466731812805]
[1.0, 0.3323364048451185, 0.6676635951548815]
[1.0, 0.1803512804210186, 0.8196487195789814]
[1.0, 0.23229357086122035, 0.7677064291387796]
[1.0, 0.3647629453241825, 0.6352370546758175]
[1.0, 0.3587067696452141, 0.6412932303547859]
[1.0, 0.2785948110371828, 0.7214051889628172]
[1.0, 0.27779923133552076, 0.7222007686644792]
[1.0, 0.2917845640331507, 0.7082154359668493]
[1.0, 0.4412777110747993, 0.5587222889252007]
[1.0, 0.3681978383101523, 0.6318021616898477]
[1.0, 0.18274773875251413, 0.8172522612474858]
[1.0, 0.4371422065794468, 0.5628577934205532]
[1.0, 0.4646343993395567, 0.5353656006604433]
[1.0, 0.4416532428562641, 0.5583467571437359]
[1.0, 0.2801514143124223, 0.7198485856875777]
[1.0, 0.3638712421804666, 0.6361287578195334]
[1.0, 0.2809888265840709, 0.719011173415929]
[1.0, 0.23166970109567045, 0.7683302989043296]
[1.0, 0.2494031209498644, 0.7505968790501356]
[1.0, 0.1856108034774661, 0.8143891965225338]
[1.0, 0.14293973742052912, 0.8570602625794709]
[1.0, 0.32740244798362256, 0.6725975520163774]
[1.0, 0.21218399215489625, 0.7878160078451037]
[1.0, 0.3117548824846745, 0.6882451175153255]
[1.0, 0.3631842579133809, 0.6368157420866192]
[1.0, 0.24162109185010194, 0.7583789081498981]
[1.0, 0.12071238977834582, 0.8792876102216541]
[1.0, 0.09218395279720426, 0.9078160472027957]
[1.0, 0.09485193807631731, 0.9051480619236827]
[1.0, 0.13115061327815056, 0.8688493867218494]
[1.0, 0.1895184301584959, 0.8104815698415041]
[1.0, 0.183368133995682, 0.816631866004318]
[1.0, 0.2218400383926928, 0.7781599616073072]
[1.0, 0.13296428680419922, 0.8670357131958008]
[1.0, 0.15372882524505257, 0.8462711747549474]
[1.0, 0.32842035189270974, 0.6715796481072902]
[1.0, 0.4139145509339869, 0.5860854490660131]
[1.0, 0.15255302753299474, 0.8474469724670053]
[1.0, 0.30370868327096107, 0.696291316729039]
[1.0, 0.27355335649102924, 0.7264466435089707]
[1.0, 0.20817418249323963, 0.7918258175067604]
[1.0, 0.17305389378219843, 0.8269461062178016]
[1.0, 0.2749704850837588, 0.7250295149162411]
[1.0, 0.10001452244818211, 0.8999854775518179]
[1.0, 0.4630088738538325, 0.5369911261461675]
[1.0, 0.19597323428839444, 0.8040267657116056]
[1.0, 0.1240533265657723, 0.8759466734342277]
[1.0, 0.2839154513552785, 0.7160845486447215]
[1.0, 0.09627915186807513, 0.9037208481319249]
[1.0, 0.1386690410785377, 0.8613309589214623]
[1.0, 0.19205577302724122, 0.8079442269727588]
[1.0, 0.1372156136482954, 0.8627843863517046]
[1.0, 0.11455885447561741, 0.8854411455243826]
[1.0, 0.11289878878742457, 0.8871012112125755]
[1.0, 0.16198965713381766, 0.8380103428661824]
[1.0, 0.10506519481539726, 0.8949348051846028]
[1.0, 0.13136473149061204, 0.868635268509388]
[1.0, 0.1955526859126985, 0.8044473140873015]
[1.0, 0.24129009196534754, 0.7587099080346524]
[1.0, 0.19665909560397268, 0.8033409043960273]
[1.0, 0.09017862398177386, 0.9098213760182261]
[1.0, 0.15172032095491886, 0.8482796790450812]
[1.0, 0.16583342172205448, 0.8341665782779455]
[1.0, 0.13284890849143266, 0.8671510915085674]
[1.0, 0.28026261515915396, 0.719737384840846]
[1.0, 0.18010917346924543, 0.8198908265307545]
[1.0, 0.15929614318534732, 0.8407038568146527]
[1.0, 0.10876715200021864, 0.8912328479997813]
[1.0, 0.2346132524497807, 0.7653867475502193]
[1.0, 0.2178887371532619, 0.7821112628467382]
[1.0, 0.16816332433372735, 0.8318366756662726]
[1.0, 0.2723228325694799, 0.72767716743052]
[1.0, 0.16058767899870874, 0.8394123210012913]
[1.0, 0.26851527735590935, 0.7314847226440906]
[1.0, 0.2744179781153798, 0.7255820218846202]
[1.0, 0.15126667510718106, 0.8487333248928189]
[1.0, 0.14387027256190776, 0.8561297274380922]
[1.0, 0.14566612835973503, 0.854333871640265]
[1.0, 0.06999291164800525, 0.9300070883519947]
[1.0, 0.08746870627626777, 0.9125312937237322]
[1.0, 0.12132187196984887, 0.8786781280301511]
[1.0, 0.13600242735818027, 0.8639975726418198]
[1.0, 0.350722620524466, 0.649277379475534]
[1.0, 0.23531168999150395, 0.764688310008496]
[1.0, 0.23594739485532046, 0.7640526051446795]
[1.0, 0.18987906029447912, 0.8101209397055209]
[1.0, 0.14404061676934363, 0.8559593832306563]
[1.0, 0.3177543194591999, 0.6822456805408001]
[1.0, 0.1023736234754324, 0.8976263765245676]
[1.0, 0.15086337145417927, 0.8491366285458207]
[1.0, 0.25453665820881727, 0.7454633417911827]
[1.0, 0.3849090851843357, 0.6150909148156642]
[1.0, 0.18730557896196842, 0.8126944210380316]
[1.0, 0.1942929269745946, 0.8057070730254055]
[1.0, 0.18889147834852338, 0.8111085216514766]
[1.0, 0.3060201618820429, 0.6939798381179572]
[1.0, 0.23543226581066848, 0.7645677341893315]
[1.0, 0.36103612929582596, 0.638963870704174]
[1.0, 0.20176178496330976, 0.7982382150366902]
[1.0, 0.2985369535535574, 0.7014630464464426]
[1.0, 0.20457109849900007, 0.7954289015009999]
[1.0, 0.36154383286833763, 0.6384561671316624]
[1.0, 0.19640935910865664, 0.8035906408913434]
[1.0, 0.1504963382706046, 0.8495036617293954]
[1.0, 0.29603284880518915, 0.7039671511948109]
[1.0, 0.37008377313613894, 0.6299162268638611]
[1.0, 0.42835357911884786, 0.5716464208811521]
[1.0, 0.30738858636468647, 0.6926114136353135]
[1.0, 0.37236582532525064, 0.6276341746747494]
[1.0, 0.30374294742941854, 0.6962570525705815]
[1.0, 0.2412761802598834, 0.7587238197401166]
[1.0, 0.32774123676121236, 0.6722587632387876]
[1.0, 0.26883901610970495, 0.731160983890295]
[1.0, 0.28314490512013435, 0.7168550948798657]
[1.0, 0.2943909204006195, 0.7056090795993806]
[1.0, 0.14129895731806755, 0.8587010426819325]
[1.0, 0.26755445551127194, 0.7324455444887281]
[1.0, 0.14865963423624634, 0.8513403657637537]
[1.0, 0.2090343229472637, 0.7909656770527362]
[1.0, 0.2182711597904563, 0.7817288402095437]
[1.0, 0.40510446913540366, 0.5948955308645963]
[1.0, 0.1634133431315422, 0.8365866568684578]
[1.0, 0.23210087370127438, 0.7678991262987256]
[1.0, 0.2765216601639986, 0.7234783398360014]
[1.0, 0.24798292484134435, 0.7520170751586557]
[1.0, 0.26004512291401627, 0.7399548770859837]
[1.0, 0.14852700097486377, 0.8514729990251362]
[1.0, 0.18261700119823218, 0.8173829988017678]
[1.0, 0.18335875138640403, 0.816641248613596]
[1.0, 0.14727219857275486, 0.8527278014272451]
[1.0, 0.36889943189918994, 0.63110056810081]
[1.0, 0.2256997766904533, 0.7743002233095467]
[1.0, 0.19908389737829565, 0.8009161026217043]
[1.0, 0.1913249919563532, 0.8086750080436468]
[1.0, 0.19041649399325253, 0.8095835060067474]
[1.0, 0.08734688587486744, 0.9126531141251326]
[1.0, 0.173619119040668, 0.826380880959332]
[1.0, 0.18034228414297104, 0.819657715857029]
[1.0, 0.15306735098361968, 0.8469326490163803]
[1.0, 0.13538642719388008, 0.86461357280612]
[1.0, 0.26134035773575304, 0.738659642264247]
[1.0, 0.09799918925389647, 0.9020008107461035]
[1.0, 0.1958645449578762, 0.8041354550421238]
[1.0, 0.23610252128914, 0.76389747871086]
[1.0, 0.2670170563645661, 0.7329829436354339]
[1.0, 0.22671108990907668, 0.7732889100909233]
[1.0, 0.22463815541937948, 0.7753618445806205]
[1.0, 0.21272900588810445, 0.7872709941118956]
[1.0, 0.16900240868330002, 0.8309975913167]
[1.0, 0.3651771929860115, 0.6348228070139885]
[1.0, 0.19629800697788596, 0.8037019930221141]
[1.0, 0.46095435328781603, 0.539045646712184]
[1.0, 0.24278501011431217, 0.7572149898856878]
[1.0, 0.25943871680647135, 0.7405612831935287]
[1.0, 0.2652931613475084, 0.7347068386524915]
[1.0, 0.3412831276282668, 0.6587168723717332]
[1.0, 0.2897947460412979, 0.710205253958702]
[1.0, 0.19884761724621058, 0.8011523827537894]
[1.0, 0.2293224603496492, 0.7706775396503508]
[1.0, 0.18369140468537806, 0.816308595314622]
[1.0, 0.37614128734916447, 0.6238587126508355]
[1.0, 0.45433586977422236, 0.5456641302257776]
[1.0, 0.14628631059080363, 0.8537136894091963]
[0.0, 0.6079947365820408, 0.39200526341795916]
[1.0, 0.17341991655528546, 0.8265800834447146]
[1.0, 0.4999386793375015, 0.5000613206624984]
[1.0, 0.17866329602897169, 0.8213367039710283]
[1.0, 0.3124602319300175, 0.6875397680699825]
[1.0, 0.23755589030683041, 0.7624441096931696]
[1.0, 0.29363377682864666, 0.7063662231713533]
[1.0, 0.2174016441591084, 0.7825983558408915]
[1.0, 0.20704590946435927, 0.7929540905356407]
[1.0, 0.25710437446832657, 0.7428956255316734]
[1.0, 0.21091872518882154, 0.7890812748111784]
[1.0, 0.14694956002756954, 0.8530504399724305]
[1.0, 0.16049699326977135, 0.8395030067302287]
[1.0, 0.20549349881708623, 0.7945065011829138]
[1.0, 0.4108689215779304, 0.5891310784220696]
[1.0, 0.24959836658090354, 0.7504016334190965]
[1.0, 0.2961991241574287, 0.7038008758425713]
[1.0, 0.17411774512380362, 0.8258822548761964]
[1.0, 0.2286869816109538, 0.7713130183890462]
[1.0, 0.15546255201101303, 0.844537447988987]
[1.0, 0.13065736657008528, 0.8693426334299147]
[1.0, 0.11750196574255824, 0.8824980342574418]
[1.0, 0.17384634096175433, 0.8261536590382457]
[1.0, 0.14142616745084524, 0.8585738325491548]
[1.0, 0.14420452512800694, 0.855795474871993]
[1.0, 0.1446655570715666, 0.8553344429284334]
[1.0, 0.17978772725909947, 0.8202122727409005]
[1.0, 0.08646719565615058, 0.9135328043438494]
[1.0, 0.15174078453332185, 0.8482592154666782]
[1.0, 0.1318102435953915, 0.8681897564046085]
[1.0, 0.15951059283688665, 0.8404894071631134]
[1.0, 0.20603798532858492, 0.793962014671415]
[1.0, 0.1728437066823244, 0.8271562933176756]
[1.0, 0.17028414018452168, 0.8297158598154784]
[1.0, 0.1965965373069048, 0.8034034626930953]
[1.0, 0.2152100532874465, 0.7847899467125535]
[1.0, 0.4218274013325572, 0.5781725986674429]
[1.0, 0.25597864598035813, 0.7440213540196419]
[1.0, 0.21549470275640487, 0.7845052972435951]
[1.0, 0.37250932049006225, 0.6274906795099378]
[1.0, 0.41207065209746363, 0.5879293479025364]
[1.0, 0.4695839528739452, 0.5304160471260548]
[1.0, 0.34182779528200624, 0.6581722047179938]
[1.0, 0.2691370381042361, 0.7308629618957638]
[1.0, 0.2255161824449897, 0.7744838175550103]
[1.0, 0.4039037271589041, 0.5960962728410959]
[1.0, 0.3864332683384418, 0.6135667316615582]
[1.0, 0.21049199640750885, 0.7895080035924912]
[1.0, 0.16733272343873978, 0.8326672765612602]
[1.0, 0.22830167863518, 0.77169832136482]
[1.0, 0.26112328372895716, 0.7388767162710428]
[1.0, 0.3265094356611371, 0.6734905643388629]
[1.0, 0.3010808090865612, 0.6989191909134388]
[1.0, 0.12877888469025492, 0.8712211153097451]
[1.0, 0.15018391201272607, 0.8498160879872739]
[1.0, 0.34204753920435904, 0.657952460795641]
[1.0, 0.24591914476826787, 0.7540808552317322]
[1.0, 0.39086516700685026, 0.6091348329931497]
[1.0, 0.26648643661290405, 0.733513563387096]
[1.0, 0.19770075852051378, 0.8022992414794863]
[1.0, 0.4082610096037388, 0.5917389903962612]
[1.0, 0.1578486453741789, 0.8421513546258211]
[1.0, 0.368491343036294, 0.6315086569637061]
[1.0, 0.26793708743527533, 0.7320629125647247]
[1.0, 0.2488640271127224, 0.7511359728872776]
[1.0, 0.2141910463012755, 0.7858089536987245]
[1.0, 0.175125849545002, 0.824874150454998]
[1.0, 0.2287423561140895, 0.7712576438859104]
[1.0, 0.18594099888578058, 0.8140590011142195]
[1.0, 0.3161694772168994, 0.6838305227831005]
[1.0, 0.2099564891308546, 0.7900435108691454]
[1.0, 0.22103638969361783, 0.7789636103063822]
[1.0, 0.26775852277874945, 0.7322414772212505]
[1.0, 0.15222801841795444, 0.8477719815820456]
[1.0, 0.15259104438126087, 0.8474089556187392]
[1.0, 0.1751171664893627, 0.8248828335106373]
[1.0, 0.18177799349650742, 0.8182220065034926]
[1.0, 0.2073571640625596, 0.7926428359374404]
[1.0, 0.2975581832230091, 0.7024418167769909]
[1.0, 0.3279525864124298, 0.6720474135875703]
[1.0, 0.5054513162747025, 0.4945486837252975]
[1.0, 0.1810211092978716, 0.8189788907021284]
[1.0, 0.15796022180467845, 0.8420397781953215]
[1.0, 0.14077984718605877, 0.8592201528139413]
[1.0, 0.22130817607045172, 0.7786918239295483]
[1.0, 0.14090732883661986, 0.8590926711633802]
[1.0, 0.27940723184496163, 0.7205927681550384]
[1.0, 0.3115060993656516, 0.6884939006343485]
[1.0, 0.252159835472703, 0.747840164527297]
[1.0, 0.10733889251947402, 0.892661107480526]
[1.0, 0.21981458902359008, 0.7801854109764099]
[1.0, 0.290630105137825, 0.7093698948621749]
[1.0, 0.1809575715661049, 0.8190424284338951]
[1.0, 0.15094457805156708, 0.849055421948433]
[1.0, 0.20293020129203795, 0.797069798707962]
[1.0, 0.2242865592241287, 0.7757134407758712]
[0.0, 0.8743635153770447, 0.1256364846229553]
[0.0, 0.894554219841957, 0.10544578015804296]
[0.0, 0.8963646441698074, 0.10363535583019257]
[0.0, 0.9141743490099907, 0.08582565099000927]
[0.0, 0.8794284117221832, 0.12057158827781678]
[0.0, 0.8339893588423729, 0.1660106411576271]
[0.0, 0.8912135100364685, 0.10878648996353146]
[0.0, 0.9064237731695175, 0.0935762268304825]
[0.0, 0.9397176826000213, 0.06028231739997869]
[0.0, 0.9136445805430412, 0.08635541945695879]
[0.0, 0.9223843711614609, 0.07761562883853912]
[0.0, 0.9087629926204681, 0.09123700737953189]
[0.0, 0.9313362741470337, 0.06866372585296632]
[0.0, 0.8770780372619629, 0.12292196273803713]
[0.0, 0.8770729964971542, 0.1229270035028458]
[0.0, 0.9258786278963089, 0.07412137210369107]
[0.0, 0.9037024527788162, 0.09629754722118378]
[0.0, 0.7725980274379254, 0.22740197256207462]
[0.0, 0.78039875946939, 0.21960124053061003]
[0.0, 0.7434140466153621, 0.25658595338463785]
[0.0, 0.7621116195619106, 0.23788838043808935]
[0.0, 0.8434189347922803, 0.15658106520771975]
[0.0, 0.827898568212986, 0.17210143178701398]
[0.0, 0.9358154133707285, 0.06418458662927151]
[0.0, 0.8800025600194931, 0.11999743998050694]
[0.0, 0.8932408106327057, 0.10675918936729434]
[0.0, 0.8873737124353647, 0.11262628756463533]
[0.0, 0.8337599452584982, 0.16624005474150183]
[0.0, 0.8505871526896953, 0.1494128473103047]
[0.0, 0.81751519292593, 0.18248480707407]
[0.0, 0.7709677233546972, 0.2290322766453028]
[0.0, 0.8661609715223313, 0.1338390284776687]
[0.0, 0.8310299719497561, 0.16897002805024386]
[0.0, 0.8919049143791199, 0.1080950856208801]
[0.0, 0.6261825703084469, 0.37381742969155307]
[0.0, 0.7580266378819942, 0.2419733621180058]
[0.0, 0.849846955537796, 0.150153044462204]
[0.0, 0.8544899297505617, 0.1455100702494383]
[0.0, 0.8200404231995344, 0.1799595768004656]
[0.0, 0.7833512985706329, 0.2166487014293671]
[0.0, 0.8402645605802536, 0.15973543941974644]
[0.0, 0.8952897799015045, 0.10471022009849551]
[0.0, 0.7801845296099782, 0.2198154703900218]
[0.0, 0.8881297166645526, 0.11187028333544735]
[0.0, 0.7938337452709675, 0.2061662547290325]
[0.0, 0.6674909530580044, 0.33250904694199557]
[0.0, 0.7841258137673139, 0.21587418623268606]
[0.0, 0.7232861021906137, 0.27671389780938627]
[0.0, 0.6575866452604532, 0.3424133547395468]
[0.0, 0.8343391531705856, 0.1656608468294144]
[0.0, 0.7509651036560535, 0.2490348963439465]
[0.0, 0.8133477338403463, 0.1866522661596537]
[0.0, 0.8565851873159409, 0.1434148126840591]
[0.0, 0.6712337484583258, 0.32876625154167416]
[0.0, 0.8800449460744858, 0.1199550539255142]
[0.0, 0.8660456457734108, 0.1339543542265892]
[0.0, 0.9017231464385986, 0.09827685356140137]
[0.0, 0.7466557855904102, 0.25334421440958976]
[0.0, 0.7905413036048412, 0.2094586963951588]
[0.0, 0.7977485495805741, 0.20225145041942594]
[0.0, 0.7176816612482071, 0.2823183387517929]
[0.0, 0.8996516585350036, 0.10034834146499638]
[0.0, 0.8900832277536392, 0.10991677224636076]
[0.0, 0.8268777985870838, 0.17312220141291623]
[0.0, 0.8031795677542687, 0.1968204322457313]
[0.0, 0.89644839823246, 0.10355160176753997]
[0.0, 0.7047609888948501, 0.29523901110514994]
[0.0, 0.8475293107330799, 0.1524706892669201]
[0.0, 0.8799508270993829, 0.12004917290061712]
[0.0, 0.843315090239048, 0.15668490976095195]
[0.0, 0.824932893961668, 0.17506710603833198]
[0.0, 0.8431066679954529, 0.15689333200454714]
[0.0, 0.7229236791282893, 0.27707632087171075]
[0.0, 0.8806564453616739, 0.11934355463832613]
[0.0, 0.8885602021217346, 0.11143979787826541]
[0.0, 0.8227487510442734, 0.17725124895572664]
[0.0, 0.8732583916187286, 0.12674160838127135]
[0.0, 0.8863723877072335, 0.11362761229276652]
[0.0, 0.7665302319452166, 0.23346976805478337]
[0.0, 0.8532173156738281, 0.14678268432617192]
[0.0, 0.7654760597646236, 0.23452394023537637]
[0.0, 0.7352767218649388, 0.26472327813506125]
[0.0, 0.8258764071762562, 0.1741235928237438]
[0.0, 0.8292950470373035, 0.1707049529626965]
[0.0, 0.8131635856628417, 0.18683641433715825]
[0.0, 0.7313346925377846, 0.2686653074622154]
[0.0, 0.6674987640604377, 0.33250123593956227]
[0.0, 0.8258359707146883, 0.17416402928531172]
[0.0, 0.786254161298275, 0.21374583870172503]
[0.0, 0.8845585381984711, 0.11544146180152892]
[0.0, 0.815420368462801, 0.18457963153719903]
[0.0, 0.8320289877057075, 0.16797101229429245]
[0.0, 0.8150697103142739, 0.1849302896857261]
[0.0, 0.7848508456349372, 0.21514915436506277]
[0.0, 0.7813042737543583, 0.2186957262456417]
[0.0, 0.8992232301831246, 0.10077676981687544]
[0.0, 0.91467315107584, 0.08532684892415998]
[0.0, 0.8587461385130882, 0.14125386148691177]
[0.0, 0.8468683157116175, 0.15313168428838253]
[0.0, 0.8857097923755646, 0.11429020762443542]
[0.0, 0.6098146486654877, 0.39018535133451226]
[0.0, 0.7770744618773461, 0.22292553812265392]
[0.0, 0.710474958345294, 0.28952504165470605]
[0.0, 0.8600648839771747, 0.13993511602282527]
[0.0, 0.8258892808109521, 0.17411071918904786]
[0.0, 0.887634437084198, 0.11236556291580202]
[0.0, 0.79689467638731, 0.20310532361268996]
[0.0, 0.9209965577721596, 0.07900344222784039]
[0.0, 0.8880865487456322, 0.1119134512543678]
[0.0, 0.875237195789814, 0.12476280421018604]
[0.0, 0.7384780625998973, 0.26152193740010266]
[0.0, 0.9117559152841568, 0.08824408471584322]
[0.0, 0.8618958634138107, 0.13810413658618925]
[0.0, 0.8891597944498062, 0.1108402055501938]
[0.0, 0.864289073124528, 0.13571092687547204]
[0.0, 0.7760805893689394, 0.22391941063106058]
[0.0, 0.8151289868354797, 0.18487101316452026]
[0.0, 0.6920853651687503, 0.3079146348312497]
[0.0, 0.811901124715805, 0.188098875284195]
[0.0, 0.8529364277422428, 0.14706357225775724]
[0.0, 0.8258486408740282, 0.1741513591259718]
[0.0, 0.8102808687090873, 0.18971913129091267]
[0.0, 0.8575578141212463, 0.14244218587875368]
[0.0, 0.873330597281456, 0.126669402718544]
[0.0, 0.8879183572530747, 0.11208164274692534]
[0.0, 0.8326498863101005, 0.1673501136898995]
[0.0, 0.8473830525577069, 0.15261694744229315]
[0.0, 0.8962728145718575, 0.10372718542814252]
[0.0, 0.8813507868349553, 0.11864921316504473]
[0.0, 0.8726250386238098, 0.1273749613761902]
[0.0, 0.8909153500944376, 0.10908464990556244]
[0.0, 0.8228240870684386, 0.17717591293156143]
[0.0, 0.7929839669167995, 0.2070160330832005]
[0.0, 0.7803037522733212, 0.21969624772667884]
[0.0, 0.7270426898449659, 0.2729573101550341]
[0.0, 0.7909215229004621, 0.20907847709953786]
[0.0, 0.6918349168822169, 0.3081650831177831]
[0.0, 0.7479974067956209, 0.2520025932043791]
[0.0, 0.8558004311472177, 0.1441995688527823]
[0.0, 0.759519861638546, 0.240480138361454]
[0.0, 0.8669342263042927, 0.13306577369570727]
[0.0, 0.7812986654043198, 0.2187013345956802]
[0.0, 0.7415341237932443, 0.25846587620675565]
[0.0, 0.8295068801939487, 0.1704931198060513]
[0.0, 0.7870661149919033, 0.21293388500809673]
[0.0, 0.6452688297256828, 0.3547311702743172]
[0.0, 0.7580860395729542, 0.24191396042704583]
[0.0, 0.848413221091032, 0.151586778908968]
[0.0, 0.6918602464906871, 0.3081397535093129]
[0.0, 0.7806669244542718, 0.21933307554572823]
[0.0, 0.7345830753445626, 0.2654169246554374]
[0.0, 0.7620866933465004, 0.23791330665349963]
[0.0, 0.6805252630263567, 0.31947473697364326]
[0.0, 0.6517614039033651, 0.3482385960966349]
[0.0, 0.879300503730774, 0.12069949626922605]
[0.0, 0.6988692262023687, 0.3011307737976313]
[0.0, 0.7018177604302764, 0.29818223956972356]
[0.0, 0.7436854086816311, 0.25631459131836887]
[0.0, 0.8104436491802335, 0.18955635081976652]
[0.0, 0.7828175130486489, 0.21718248695135112]
[0.0, 0.7196794897317886, 0.28032051026821136]
[0.0, 0.8220263040810823, 0.17797369591891765]
[0.0, 0.7125862208381295, 0.2874137791618705]
[0.0, 0.8019789379835128, 0.19802106201648717]
[0.0, 0.7448472546041012, 0.25515274539589883]
[0.0, 0.7980682636797428, 0.20193173632025718]
[0.0, 0.6646324471384287, 0.33536755286157127]
[0.0, 0.579779323078692, 0.42022067692130805]
[0.0, 0.7855254654586316, 0.21447453454136844]
[0.0, 0.6680382245033979, 0.3319617754966021]
[0.0, 0.8392447204887867, 0.16075527951121327]
[0.0, 0.8219393357634545, 0.17806066423654554]
[0.0, 0.849892009049654, 0.150107990950346]
[0.0, 0.8877573285251856, 0.11224267147481437]
[0.0, 0.8567199485003948, 0.1432800514996052]
[0.0, 0.8945657622814178, 0.10543423771858218]
[0.0, 0.8675885419920086, 0.13241145800799137]
[0.0, 0.8933341610431671, 0.1066658389568329]
[0.0, 0.8803520411252975, 0.11964795887470248]
[0.0, 0.815070246309042, 0.184929753690958]
[0.0, 0.878948668539524, 0.12105133146047597]
[0.0, 0.823065209388733, 0.17693479061126705]
[0.0, 0.8773290759325028, 0.12267092406749724]
[0.0, 0.9105618110299111, 0.08943818897008893]
[0.0, 0.932187517285347, 0.06781248271465301]
[0.0, 0.9380609807372093, 0.06193901926279066]
[0.0, 0.922685067653656, 0.07731493234634401]
[0.0, 0.8866218007355928, 0.11337819926440718]
[0.0, 0.8447939172387123, 0.15520608276128767]
[0.0, 0.8535507896542549, 0.1464492103457451]
[0.0, 0.892561454474926, 0.10743854552507404]
[0.0, 0.8602366217970848, 0.13976337820291518]
[0.0, 0.7969136683642865, 0.20308633163571355]
[0.0, 0.8925047239661217, 0.10749527603387832]
[0.0, 0.8420813006162643, 0.1579186993837357]
[0.0, 0.8759968680143356, 0.12400313198566437]
[0.0, 0.8658738893270492, 0.13412611067295077]
[0.0, 0.817574694827199, 0.18242530517280098]
[0.0, 0.8675480943918228, 0.1324519056081772]
[0.0, 0.8194839206337928, 0.18051607936620717]
[0.0, 0.8142243614792823, 0.18577563852071766]
[0.0, 0.8668859443068504, 0.1331140556931496]
[0.0, 0.8952273046970367, 0.10477269530296329]
[0.0, 0.8395768791437149, 0.16042312085628507]
[0.0, 0.7711153666675091, 0.22888463333249087]
[0.0, 0.8316318364441395, 0.16836816355586048]
[0.0, 0.7925433106720448, 0.20745668932795525]
[0.0, 0.8617291060090065, 0.13827089399099346]
[0.0, 0.7481293064355851, 0.25187069356441494]
[0.0, 0.8825880149006844, 0.11741198509931561]
[0.0, 0.8703685626387596, 0.1296314373612404]
[0.0, 0.8507502189278603, 0.1492497810721397]
[0.0, 0.8739583744108677, 0.12604162558913234]
[0.0, 0.9013063058257103, 0.09869369417428975]
[0.0, 0.8017894373834134, 0.19821056261658665]
[0.0, 0.8534256094694137, 0.1465743905305863]
[0.0, 0.8244398778676987, 0.17556012213230132]
[0.0, 0.8656115698814392, 0.13438843011856083]
[0.0, 0.8430235943198204, 0.15697640568017956]
[0.0, 0.7664618442207575, 0.23353815577924253]
[0.0, 0.8541558688879013, 0.1458441311120987]
[0.0, 0.8035143598169089, 0.19648564018309111]
[0.0, 0.8231238656491041, 0.17687613435089589]
[0.0, 0.8387334942817688, 0.1612665057182312]
[0.0, 0.8396610349789262, 0.1603389650210738]
[0.0, 0.8858211463689805, 0.11417885363101954]
[0.0, 0.909187482893467, 0.09081251710653304]
[0.0, 0.8923453775048256, 0.10765462249517443]
[0.0, 0.8823453775048256, 0.11765462249517444]
[0.0, 0.873057621717453, 0.12694237828254695]
[0.0, 0.9870280894637108, 0.01297191053628921]
[0.0, 0.9875409099459648, 0.012459090054035227]
[0.0, 0.9875409099459648, 0.012459090054035227]
[0.0, 0.9875409099459648, 0.012459090054035227]
[0.0, 0.9832016834616661, 0.016798316538333857]
[0.0, 0.9841598716378211, 0.01584012836217885]
[0.0, 0.9841598716378211, 0.01584012836217885]
[0.0, 0.987742375433445, 0.012257624566554992]
[0.0, 0.9870757088065147, 0.01292429119348526]
[0.0, 0.9863614228367805, 0.013638577163219479]
[0.0, 0.7430325913988054, 0.2569674086011946]
[0.0, 0.9265317271649838, 0.07346827283501622]
[0.0, 0.936713809221983, 0.063286190778017]
[0.0, 0.8385215634852647, 0.16147843651473526]
[0.0, 0.9063617570698261, 0.09363824293017387]
[0.0, 0.8397777690179646, 0.16022223098203536]
[0.0, 0.868265292942524, 0.13173470705747603]
[0.0, 0.9010073202848434, 0.09899267971515657]
[0.0, 0.8533889841288328, 0.1466110158711672]
[0.0, 0.8818443156778812, 0.11815568432211876]
[0.0, 0.8782829867303371, 0.12171701326966289]
[0.0, 0.9193772980570794, 0.08062270194292065]
[0.0, 0.9372106313705444, 0.06278936862945561]
[0.0, 0.9439679124951362, 0.05603208750486377]
[0.0, 0.8985391303896904, 0.10146086961030965]
[0.0, 0.9293772980570794, 0.07062270194292064]
[0.0, 0.9001218396425247, 0.09987816035747532]
[0.0, 0.9318538567423821, 0.06814614325761792]
[0.0, 0.85985769033432, 0.14014230966567998]
[0.0, 0.8341997694410384, 0.16580023055896165]
[0.0, 0.9348576903343201, 0.06514230966567991]
[0.0, 0.8852142572402955, 0.11478574275970455]
[0.0, 0.897805055975914, 0.10219494402408602]
[0.0, 0.7904906867444516, 0.20950931325554845]
[0.0, 0.855247603431344, 0.14475239656865602]
[0.0, 0.8425701385736466, 0.1574298614263534]
[0.0, 0.9028718864917755, 0.09712811350822448]
[0.0, 0.8261409550905228, 0.17385904490947723]
[0.0, 0.9155567827820777, 0.08444321721792225]
[0.0, 0.899821488559246, 0.10017851144075396]
[0.0, 0.8443063320219517, 0.1556936679780483]
[0.0, 0.9113474622368812, 0.08865253776311877]
[0.0, 0.8579233339428902, 0.14207666605710978]
[0.0, 0.8021840976923704, 0.19781590230762958]
[0.0, 0.8080028393119574, 0.19199716068804262]
[0.0, 0.8060071813315153, 0.19399281866848472]
[0.0, 0.8715177226066589, 0.12848227739334106]
[0.0, 0.8260750162601471, 0.17392498373985288]
[0.0, 0.8250678014755249, 0.17493219852447506]
[0.0, 0.821839586570859, 0.17816041342914102]
[0.0, 0.8393124823272228, 0.16068751767277722]
[0.0, 0.8824988535046577, 0.11750114649534227]
[0.0, 0.8266310980916023, 0.1733689019083977]
[0.0, 0.8187224017083645, 0.18127759829163548]
[0.0, 0.842120508402586, 0.157879491597414]
[0.0, 0.8628879725933075, 0.13711202740669248]
[0.0, 0.8290486294031143, 0.1709513705968857]
[0.0, 0.9460692936182022, 0.053930706381797755]
[0.0, 0.9131905329227448, 0.08680946707725523]
[0.0, 0.9436686214804649, 0.05633137851953507]
[0.0, 0.9345437839627266, 0.06545621603727336]
[0.0, 0.8760424329340458, 0.12395756706595418]
[0.0, 0.8074796430021525, 0.19252035699784753]
[1.0, 0.14887255491688847, 0.8511274450831116]
[1.0, 0.07529308214783668, 0.9247069178521633]
[1.0, 0.05933947041630745, 0.9406605295836925]
[1.0, 0.08003698172047734, 0.9199630182795226]
[1.0, 0.0693408160470426, 0.9306591839529574]
[1.0, 0.07352764001116156, 0.9264723599888385]
[1.0, 0.048348746821284296, 0.9516512531787157]
[1.0, 0.07702738925814628, 0.9229726107418537]
[1.0, 0.07666855007410049, 0.9233314499258996]
[1.0, 0.09520838182419539, 0.9047916181758047]
[1.0, 0.08850103735923767, 0.9114989626407624]
[1.0, 0.08849086970090866, 0.9115091302990913]
[1.0, 0.09063959017395973, 0.9093604098260403]
[1.0, 0.11866285681724548, 0.8813371431827546]
[1.0, 0.16869408026337623, 0.8313059197366237]
[1.0, 0.3215628136694431, 0.6784371863305569]
[1.0, 0.11835930779576302, 0.881640692204237]
[1.0, 0.16829186309129, 0.83170813690871]
[1.0, 0.11711932562291621, 0.8828806743770838]
[1.0, 0.12801221296191215, 0.8719877870380879]
[1.0, 0.1707759442925453, 0.8292240557074547]
[1.0, 0.11613867625594139, 0.8838613237440586]
[1.0, 0.13438624054193496, 0.8656137594580651]
[1.0, 0.11536363616585732, 0.8846363638341427]
[1.0, 0.17997435599565506, 0.820025644004345]
[1.0, 0.12705952063202858, 0.8729404793679714]
[1.0, 0.1383390484750271, 0.8616609515249729]
[1.0, 0.09208873234689235, 0.9079112676531076]
[1.0, 0.10319404527544976, 0.8968059547245503]
[1.0, 0.1497105197608471, 0.850289480239153]
[1.0, 0.17221520557999612, 0.8277847944200039]
[1.0, 0.12546406857669354, 0.8745359314233064]
[1.0, 0.116277671828866, 0.8837223281711339]
[1.0, 0.09713278427720069, 0.9028672157227993]
[1.0, 0.09001481339335442, 0.9099851866066456]
[1.0, 0.1364031035453081, 0.8635968964546918]
[1.0, 0.10468037955462933, 0.8953196204453706]
[1.0, 0.09545027162879706, 0.904549728371203]
[1.0, 0.08991996299475431, 0.9100800370052456]
[1.0, 0.17340068019926547, 0.8265993198007345]
[1.0, 0.07557128958404064, 0.9244287104159594]
[1.0, 0.14864866957068443, 0.8513513304293155]
[1.0, 0.20998063996434213, 0.7900193600356579]
[1.0, 0.12069320280104875, 0.8793067971989512]
[1.0, 0.14807129114866258, 0.8519287088513374]
[1.0, 0.20236684173345565, 0.7976331582665444]
[1.0, 0.16826836742460727, 0.8317316325753927]
[1.0, 0.22844208806753158, 0.7715579119324685]
[1.0, 0.27723008431494234, 0.7227699156850577]
[1.0, 0.21931882590055465, 0.7806811740994454]
[1.0, 0.22836525484919548, 0.7716347451508045]
[1.0, 0.2112103909626603, 0.7887896090373396]
[1.0, 0.1892147909104824, 0.8107852090895176]
[1.0, 0.1987825357913971, 0.801217464208603]
[1.0, 0.28478462893515827, 0.7152153710648417]
[1.0, 0.405185389071703, 0.594814610928297]
[1.0, 0.288001154102385, 0.711998845897615]
[1.0, 0.4421610452234745, 0.5578389547765255]
[1.0, 0.315500469841063, 0.6844995301589369]
[1.0, 0.2213066363334656, 0.7786933636665344]
[1.0, 0.11603989131748677, 0.8839601086825133]
[1.0, 0.11289678454399109, 0.8871032154560089]
[1.0, 0.27867096692323684, 0.7213290330767632]
[1.0, 0.14158050060272218, 0.8584194993972778]
[1.0, 0.22752496086061, 0.77247503913939]
[1.0, 0.09947348445653915, 0.9005265155434609]
[1.0, 0.3454973018169403, 0.6545026981830597]
[1.0, 0.1583887130767107, 0.8416112869232892]
[1.0, 0.238830005005002, 0.7611699949949979]
[1.0, 0.22170614540576936, 0.7782938545942306]
[1.0, 0.11774018213152886, 0.8822598178684712]
[1.0, 0.3720661507546902, 0.6279338492453098]
[1.0, 0.2238899404555559, 0.7761100595444441]
[1.0, 0.18560816947370767, 0.8143918305262923]
[1.0, 0.23800566494464875, 0.7619943350553513]
[1.0, 0.221133249476552, 0.778866750523448]
[1.0, 0.39549820590764284, 0.6045017940923572]
[1.0, 0.2992686875909567, 0.7007313124090433]
[1.0, 0.3129028686136007, 0.6870971313863993]
[1.0, 0.18493648260831833, 0.8150635173916817]
[1.0, 0.21948883309960365, 0.7805111669003963]
[1.0, 0.1422713228687644, 0.8577286771312356]
[1.0, 0.24584873989224434, 0.7541512601077557]
[1.0, 0.17523574367165565, 0.8247642563283444]
[1.0, 0.13284205235540866, 0.8671579476445913]
[1.0, 0.09135548645630479, 0.9086445135436952]
[1.0, 0.0891156909428537, 0.9108843090571463]
[1.0, 0.08418681448325514, 0.9158131855167448]
[1.0, 0.05840248165652156, 0.9415975183434785]
[1.0, 0.04726611798629165, 0.9527338820137083]
[1.0, 0.0592517495714128, 0.9407482504285872]
[1.0, 0.049030715730041266, 0.9509692842699587]
[1.0, 0.0473310530744493, 0.9526689469255507]
[1.0, 0.0492517495714128, 0.9507482504285872]
[1.0, 0.0492517495714128, 0.9507482504285872]
[1.0, 0.1933018685504794, 0.8066981314495206]
[1.0, 0.0492517495714128, 0.9507482504285872]
[1.0, 0.08054814564064144, 0.9194518543593586]
[1.0, 0.09594500282779336, 0.9040549971722066]
[1.0, 0.08579631427302957, 0.9142036857269704]
[1.0, 0.06238239374011755, 0.9376176062598824]
[1.0, 0.08482989821583033, 0.9151701017841697]
[1.0, 0.10662091087549924, 0.8933790891245008]
[1.0, 0.05583266409114003, 0.9441673359088599]
[1.0, 0.06228993307799101, 0.937710066922009]
[1.0, 0.145208354908973, 0.854791645091027]
[1.0, 0.09700194716453553, 0.9029980528354644]
[1.0, 0.07201225923374295, 0.927987740766257]
[1.0, 0.05287764357402921, 0.9471223564259708]
[1.0, 0.05840826712548733, 0.9415917328745127]
[1.0, 0.0688995910435915, 0.9311004089564086]
[1.0, 0.062175622433424, 0.937824377566576]
[1.0, 0.053322385177016256, 0.9466776148229837]
[1.0, 0.08661395447328686, 0.9133860455267131]
[1.0, 0.05402696073055267, 0.9459730392694473]
[1.0, 0.09744493218138814, 0.9025550678186118]
[1.0, 0.04182346785441041, 0.9581765321455896]
[1.0, 0.04504736892879009, 0.9549526310712099]
[1.0, 0.07779052823781968, 0.9222094717621803]
[1.0, 0.05442419171333313, 0.9455758082866669]
[1.0, 0.1296324522048235, 0.8703675477951764]
[1.0, 0.04881093643605709, 0.951189063563943]
[1.0, 0.045755866542458536, 0.9542441334575414]
[1.0, 0.057790528237819674, 0.9422094717621803]
[1.0, 0.058245073705911636, 0.9417549262940884]
[1.0, 0.20493235155940057, 0.7950676484405994]
[1.0, 0.18243588343262673, 0.8175641165673733]
[1.0, 0.2026696902513504, 0.7973303097486496]
[1.0, 0.07236405618488789, 0.927635943815112]
[1.0, 0.09539887964725495, 0.9046011203527451]
[1.0, 0.07626125253736973, 0.9237387474626303]
[1.0, 0.09867751941084862, 0.9013224805891513]
[1.0, 0.0811061841994524, 0.9188938158005476]
[1.0, 0.12576544538140297, 0.874234554618597]
[1.0, 0.08134265303611755, 0.9186573469638825]
[1.0, 0.0809153088927269, 0.9190846911072731]
[1.0, 0.16109901510179042, 0.8389009848982096]
[1.0, 0.13777532242238522, 0.8622246775776148]
[1.0, 0.22388384126126767, 0.7761161587387323]
[0.0, 0.7570863507688046, 0.2429136492311954]
[0.0, 0.9531929343938828, 0.04680706560611725]
[0.0, 0.9091355818510055, 0.09086441814899449]
[0.0, 0.9277525219321251, 0.0722474780678749]
[0.0, 0.8379302477836609, 0.16206975221633912]
[0.0, 0.9046949806809426, 0.09530501931905744]
[0.0, 0.8280310463905335, 0.1719689536094665]
[0.0, 0.8767106041312218, 0.12328939586877818]
[0.0, 0.8896296939253807, 0.11037030607461928]
[0.0, 0.7557030221819878, 0.24429697781801218]
[0.0, 0.8374340644478798, 0.16256593555212018]
[0.0, 0.910376138612628, 0.089623861387372]
[0.0, 0.8836160859465599, 0.11638391405344006]
[0.0, 0.8692711967974901, 0.1307288032025099]
[0.0, 0.8731179581582547, 0.12688204184174534]
[0.0, 0.8890472418069839, 0.11095275819301609]
[0.0, 0.9210321927070617, 0.07896780729293829]
[0.0, 0.9084516334533691, 0.0915483665466309]
[0.0, 0.8596509408950805, 0.14034905910491946]
[0.0, 0.9200613754987716, 0.07993862450122835]
[0.0, 0.8732141146063804, 0.12678588539361957]
[0.0, 0.8242630180716515, 0.17573698192834852]
[0.0, 0.9363019517064095, 0.06369804829359049]
[0.0, 0.9411239498853683, 0.058876050114631706]
[0.0, 0.9502611875534057, 0.04973881244659428]
[0.0, 0.8912303334474564, 0.10876966655254361]
[0.0, 0.949186390042305, 0.050813609957695016]
[0.0, 0.9016631782054901, 0.09833682179450987]
[0.0, 0.9339039880037308, 0.06609601199626924]
[0.0, 0.9076538437604904, 0.09234615623950959]
[0.0, 0.9152407351136208, 0.0847592648863792]
[0.0, 0.8553860625624656, 0.14461393743753437]
[0.0, 0.8914088600873947, 0.10859113991260527]
[0.0, 0.8627963382005691, 0.1372036617994309]
[0.0, 0.8389774230122566, 0.16102257698774336]
[0.0, 0.8256992442160844, 0.17430075578391557]
[0.0, 0.8719022898375988, 0.12809771016240123]
[0.0, 0.8781568248569965, 0.12184317514300347]
[0.0, 0.8757125476002693, 0.12428745239973071]
[0.0, 0.8854338090866805, 0.11456619091331954]
[0.0, 0.8261311322450637, 0.17386886775493626]
[0.0, 0.8638808274269104, 0.1361191725730896]
[0.0, 0.8435999961197376, 0.15640000388026243]
[0.0, 0.7989391386508942, 0.20106086134910583]
[0.0, 0.8324538695812226, 0.16754613041877742]
[0.0, 0.8677521100640297, 0.13224788993597025]
[0.0, 0.8426479217410088, 0.15735207825899122]
[0.0, 0.8313277338445186, 0.16867226615548137]
[0.0, 0.8771068847179413, 0.1228931152820587]
[0.0, 0.847049685716629, 0.15295031428337102]
[0.0, 0.8414831179380416, 0.15851688206195835]
[0.0, 0.8484885305166244, 0.15151146948337557]
[0.0, 0.8151122009754181, 0.18488779902458186]
[0.0, 0.7479137478768826, 0.2520862521231174]
[0.0, 0.8458523751795292, 0.15414762482047084]
[0.0, 0.8195448648929596, 0.18045513510704037]
[0.0, 0.8481710779666901, 0.1518289220333099]
[0.0, 0.7860818947851658, 0.21391810521483423]
[0.0, 0.728582214564085, 0.271417785435915]
[0.0, 0.761168556958437, 0.238831443041563]
[0.0, 0.8303966152668, 0.16960338473320002]
[0.0, 0.8656837652623653, 0.13431623473763465]
[0.0, 0.8723362118005753, 0.1276637881994247]
[0.0, 0.8977657249569893, 0.10223427504301075]
[0.0, 0.8749035087227821, 0.1250964912772179]
[0.0, 0.8333415228128433, 0.16665847718715665]
[0.0, 0.828185698390007, 0.171814301609993]
[0.0, 0.8916143745183944, 0.10838562548160557]
[0.0, 0.8804159095883369, 0.11958409041166307]
[0.0, 0.8876392894983292, 0.11236071050167085]
[0.0, 0.9318630757927895, 0.06813692420721051]
[0.0, 0.9262959605455399, 0.07370403945446014]
[0.0, 0.9214208173751831, 0.07857918262481689]
[0.0, 0.9180068680644036, 0.08199313193559643]
[0.0, 0.9028157338500022, 0.09718426614999776]
[0.0, 0.8957782483100891, 0.10422175168991088]
[0.0, 0.9364501106739044, 0.06354988932609562]
[0.0, 0.8260820966958999, 0.17391790330410006]
[0.0, 0.7686684755980968, 0.2313315244019032]
[0.0, 0.9278525781631469, 0.07214742183685308]
[0.0, 0.923135741353035, 0.076864258646965]
[0.0, 0.8111172893643379, 0.1888827106356621]
[0.0, 0.9015032052993774, 0.09849679470062256]
[0.0, 0.91712258040905, 0.08287741959094996]
[0.0, 0.932146897315979, 0.067853102684021]
[0.0, 0.863975655734539, 0.13602434426546095]
[0.0, 0.9017061877250672, 0.09829381227493283]
[0.0, 0.9029580649733543, 0.09704193502664571]
[0.0, 0.9076830565929412, 0.09231694340705876]
[0.0, 0.9401214510202408, 0.059878548979759194]
[0.0, 0.9629503917694092, 0.03704960823059078]
[0.0, 0.9285239601135253, 0.07147603988647466]
[0.0, 0.8387675800919533, 0.1612324199080467]
[1.0, 0.2230751845240593, 0.7769248154759407]
[1.0, 0.12147320121526718, 0.8785267987847328]
[1.0, 0.2858935894817114, 0.7141064105182886]
[1.0, 0.30351179726421834, 0.6964882027357817]
[1.0, 0.3657821168005466, 0.6342178831994534]
[1.0, 0.2823716381192207, 0.7176283618807793]
[0.0, 0.7818351267278194, 0.2181648732721806]
[0.0, 0.9174290323257446, 0.08257096767425542]
[0.0, 0.8543185436725617, 0.14568145632743834]
[0.0, 0.8728937701880932, 0.12710622981190678]
[0.0, 0.9088342452049255, 0.0911657547950745]
[0.0, 0.8996273024380207, 0.10037269756197931]
[0.0, 0.871419712305069, 0.12858028769493102]
[0.0, 0.8417887468636036, 0.1582112531363964]
[0.0, 0.9228964850306511, 0.07710351496934886]
[0.0, 0.9047709932923317, 0.09522900670766832]
[0.0, 0.9172323200106621, 0.08276767998933787]
[0.0, 0.8798667806386947, 0.12013321936130528]
[0.0, 0.820816485285759, 0.179183514714241]
[0.0, 0.8655804049968719, 0.13441959500312806]
[0.0, 0.889600211083889, 0.11039978891611102]
[0.0, 0.8866276663541793, 0.11337233364582067]
[0.0, 0.7531042473018169, 0.2468957526981831]
[0.0, 0.815574124455452, 0.18442587554454803]
[0.0, 0.7279645600169897, 0.2720354399830103]
[0.0, 0.8503824885189534, 0.14961751148104663]
[0.0, 0.8493590374290944, 0.15064096257090565]
[0.0, 0.8169279035925865, 0.1830720964074135]
[0.0, 0.8586316210031509, 0.14136837899684906]
[0.0, 0.6934570521116257, 0.30654294788837433]
[0.0, 0.920131792128086, 0.07986820787191395]
[0.0, 0.8149759554862976, 0.18502404451370236]
[0.0, 0.9629067168384791, 0.03709328316152094]
[0.0, 0.9349259108304977, 0.0650740891695023]
[0.0, 0.8734572252631188, 0.12654277473688125]
[1.0, 0.25996674567461014, 0.7400332543253898]
[1.0, 0.24706044163554908, 0.7529395583644509]
[1.0, 0.3410065723210573, 0.6589934276789426]
[1.0, 0.3230479918420315, 0.6769520081579685]
[1.0, 0.4259018860757351, 0.5740981139242649]
[1.0, 0.35678829833865167, 0.6432117016613483]
[1.0, 0.3190301900357008, 0.6809698099642991]
[1.0, 0.2656172679364681, 0.7343827320635319]
[0.0, 0.8458333893120289, 0.1541666106879711]
[0.0, 0.8486027684807778, 0.15139723151922224]
[0.0, 0.9139776167273521, 0.08602238327264788]
[0.0, 0.8371720397472382, 0.1628279602527618]
[0.0, 0.8578781425952912, 0.14212185740470884]
[0.0, 0.800926666855812, 0.19907333314418796]
[0.0, 0.8615892526507377, 0.1384107473492623]
[0.0, 0.841693574488163, 0.15830642551183705]
[0.0, 0.8081025564670563, 0.1918974435329437]
[0.0, 0.8896134465932846, 0.11038655340671544]
[0.0, 0.8800572693347931, 0.11994273066520689]
[0.0, 0.7764998012781144, 0.22350019872188565]
[0.0, 0.8466736064106226, 0.15332639358937739]
[0.0, 0.9093199050426484, 0.09068009495735163]
[0.0, 0.806407011449337, 0.19359298855066298]
[0.0, 0.8891965934634208, 0.11080340653657916]
[0.0, 0.8936024624109268, 0.10639753758907322]
[0.0, 0.8283999691903591, 0.17160003080964092]
[0.0, 0.8307343772053719, 0.1692656227946281]
[0.0, 0.8707010677456856, 0.12929893225431444]
[0.0, 0.8591054736077786, 0.14089452639222144]
[0.0, 0.753459914624691, 0.24654008537530903]
[0.0, 0.8372991497814656, 0.16270085021853442]
[0.0, 0.8353635329008102, 0.16463646709918978]
[0.0, 0.8351338262856006, 0.16486617371439938]
[0.0, 0.8771033957600594, 0.12289660423994064]
[0.0, 0.7358832278847695, 0.26411677211523055]
[0.0, 0.8787289595603943, 0.12127104043960568]
[0.0, 0.8438453900068998, 0.15615460999310016]
[0.0, 0.7864080436900258, 0.21359195630997418]
[0.0, 0.6948602026328444, 0.3051397973671556]
[0.0, 0.7296687772870064, 0.2703312227129936]
[0.0, 0.8781679171323776, 0.12183208286762237]
[0.0, 0.6574074587225914, 0.34259254127740857]
[0.0, 0.8736411345005035, 0.1263588654994965]
[0.0, 0.6929163688421249, 0.30708363115787507]
[0.0, 0.8778820756077766, 0.12211792439222335]
[0.0, 0.8167032837867737, 0.1832967162132263]
[0.0, 0.8326226150989533, 0.1673773849010467]
[0.0, 0.8115108941495418, 0.1884891058504582]
[0.0, 0.8104718486219644, 0.18952815137803558]
[0.0, 0.8647078475356103, 0.13529215246438975]
[0.0, 0.8511005261540413, 0.1488994738459587]
[0.0, 0.7677970479428768, 0.23220295205712316]
[0.0, 0.740958099514246, 0.25904190048575404]
[0.0, 0.7838965585827827, 0.21610344141721727]
[0.0, 0.7642358679324388, 0.2357641320675612]
[0.0, 0.6789413107186556, 0.3210586892813444]
[0.0, 0.8568664506077767, 0.14313354939222334]
[0.0, 0.8316119721531868, 0.16838802784681317]
[0.0, 0.8040811601281166, 0.1959188398718834]
[0.0, 0.889013580083847, 0.11098641991615299]
[0.0, 0.8372776931524277, 0.16272230684757227]
[0.0, 0.8160816076397895, 0.18391839236021046]
[0.0, 0.7050623897463083, 0.2949376102536917]
[0.0, 0.8311795714497566, 0.16882042855024337]
[0.0, 0.740508864223957, 0.259491135776043]
[0.0, 0.6495671712979675, 0.3504328287020325]
[0.0, 0.8386052569746971, 0.16139474302530288]
[0.0, 0.8248297415673733, 0.17517025843262668]
[0.0, 0.8147235782817006, 0.1852764217182994]
[0.0, 0.901499266922474, 0.09850073307752605]
[0.0, 0.775613401979208, 0.22438659802079197]
[0.0, 0.7906941496580839, 0.20930585034191607]
[0.0, 0.737483486905694, 0.262516513094306]
[0.0, 0.7858072163164616, 0.21419278368353845]
[0.0, 0.8032700036466122, 0.19672999635338784]
[0.0, 0.8208681216835976, 0.17913187831640243]
[0.0, 0.7822439374029636, 0.2177560625970364]
[0.0, 0.700370981991291, 0.299629018008709]
[0.0, 0.8477778801321983, 0.15222211986780165]
[0.0, 0.7901242068409919, 0.20987579315900806]
[0.0, 0.8841620373725891, 0.11583796262741086]
[0.0, 0.8198317940533161, 0.18016820594668392]
[0.0, 0.7558767701685428, 0.24412322983145718]
[0.0, 0.848764496743679, 0.15123550325632096]
[0.0, 0.7947328671067954, 0.20526713289320464]
[0.0, 0.750056470502168, 0.24994352949783205]
[0.0, 0.8489417414367199, 0.15105825856328015]
[0.0, 0.8960837689042092, 0.10391623109579085]
[0.0, 0.8203400275111199, 0.1796599724888801]
[0.0, 0.839837734401226, 0.160162265598774]
[0.0, 0.7996937736868859, 0.20030622631311412]
[0.0, 0.9288802057504654, 0.07111979424953463]
[0.0, 0.8882632479071617, 0.11173675209283829]
[0.0, 0.9030038633942604, 0.09699613660573958]
[0.0, 0.8578910753130913, 0.14210892468690872]
[0.0, 0.7781932567805052, 0.22180674321949478]
[0.0, 0.8080050083994865, 0.19199499160051348]
[0.0, 0.7386917371302844, 0.26130826286971565]
[0.0, 0.698844052925706, 0.30115594707429405]
[0.0, 0.6694554110616445, 0.3305445889383555]
[0.0, 0.8044460020959378, 0.19555399790406225]
[0.0, 0.6337058103084564, 0.3662941896915436]
[0.0, 0.8812897351384162, 0.11871026486158376]
[0.0, 0.7764936479181052, 0.22350635208189484]
[0.0, 0.7183168203011155, 0.28168317969888446]
[0.0, 0.8281761287152767, 0.17182387128472332]
[0.0, 0.756602537035942, 0.24339746296405795]
[0.0, 0.865443077236414, 0.134556922763586]
[0.0, 0.8184506548941135, 0.1815493451058865]
[0.0, 0.8677013269066811, 0.13229867309331889]
[0.0, 0.9106524503231048, 0.08934754967689518]
[0.0, 0.9109233370423317, 0.08907666295766825]
[0.0, 0.9194374233484268, 0.08056257665157318]
[0.0, 0.8505086928606034, 0.14949130713939662]
[0.0, 0.8993102663755417, 0.10068973362445832]
[0.0, 0.9456599724292755, 0.054340027570724536]
[0.0, 0.9324098652601243, 0.06759013473987574]
[0.0, 0.9488062703609467, 0.05119372963905333]
[0.0, 0.9297809466719628, 0.07021905332803724]
[0.0, 0.9628753334283828, 0.03712466657161717]
[0.0, 0.8278277829289437, 0.17217221707105634]
[0.0, 0.9276534301042557, 0.07234656989574428]
[0.0, 0.9360273164510727, 0.06397268354892727]
[0.0, 0.9032960963249207, 0.0967039036750793]
[0.0, 0.8451421958208084, 0.1548578041791916]
[0.0, 0.9327470821142196, 0.06725291788578036]
[0.0, 0.92341159760952, 0.07658840239048004]
[0.0, 0.9625728315114975, 0.03742716848850247]
[0.0, 0.9624756520986557, 0.03752434790134429]
[0.0, 0.9633861196041107, 0.03661388039588931]
[0.0, 0.959289413690567, 0.04071058630943303]
[0.0, 0.8440713542699814, 0.15592864573001863]
[0.0, 0.9495071268081665, 0.05049287319183349]
[0.0, 0.9271923750638962, 0.07280762493610382]
[0.0, 0.9461822527647018, 0.0538177472352982]
[0.0, 0.9412760972976685, 0.05872390270233152]
[0.0, 0.9339629137516021, 0.06603708624839788]
[0.0, 0.9082777115702629, 0.09172228842973706]
[0.0, 0.8986865547299385, 0.10131344527006148]
[0.0, 0.942136244662106, 0.05786375533789401]
[0.0, 0.953603772521019, 0.04639622747898098]
[0.0, 0.956076352596283, 0.043923647403717014]
[0.0, 0.9270087224245072, 0.07299127757549284]
[0.0, 0.9145381790399552, 0.08546182096004484]
[0.0, 0.9515420347452164, 0.04845796525478363]
[0.0, 0.9557865631580352, 0.04421343684196477]
[0.0, 0.7662651927769184, 0.2337348072230816]
[0.0, 0.9311253565549851, 0.06887464344501493]
[0.0, 0.9577098879218101, 0.04229011207818989]
[0.0, 0.8668509760499, 0.13314902395009998]
[0.0, 0.9277587980031967, 0.07224120199680328]
[0.0, 0.9056780195236206, 0.09432198047637941]
[0.0, 0.9477439406514168, 0.05225605934858324]
[0.0, 0.9135112565755844, 0.08648874342441559]
[0.0, 0.9537608551979065, 0.04623914480209346]
[0.0, 0.9320323199033738, 0.06796768009662624]
[0.0, 0.8610221546888351, 0.13897784531116486]
[0.0, 0.9187893131375313, 0.08121068686246868]
[0.0, 0.7272633453086018, 0.2727366546913982]
[0.0, 0.9103875902295112, 0.08961240977048879]
[0.0, 0.899586897790432, 0.100413102209568]
[0.0, 0.882380335777998, 0.11761966422200199]
[0.0, 0.933535595536232, 0.066464404463768]
[0.0, 0.8845477646589279, 0.11545223534107207]
[0.0, 0.8926310378313065, 0.10736896216869352]
[0.0, 0.9118045714497566, 0.08819542855024343]
[0.0, 0.837716870084405, 0.16228312991559501]
[0.0, 0.8873340576887131, 0.1126659423112869]
[0.0, 0.964915469288826, 0.03508453071117401]
[0.0, 0.9572415095567703, 0.04275849044322966]
[0.0, 0.9015129092335701, 0.09848709076642992]
[0.0, 0.9046497291326523, 0.09535027086734771]
[0.0, 0.883692039847374, 0.11630796015262601]
[0.0, 0.851726910173893, 0.14827308982610699]
[0.0, 0.8059488734602929, 0.19405112653970713]
[0.0, 0.8854838712513446, 0.11451612874865535]
[0.0, 0.8543703845143318, 0.14562961548566822]
[0.0, 0.7991402587294578, 0.20085974127054218]
[1.0, 0.4512519123032689, 0.5487480876967311]
[1.0, 0.17368833228945732, 0.8263116677105427]
[1.0, 0.26314356371760367, 0.7368564362823964]
[1.0, 0.2137525687366724, 0.7862474312633276]
[1.0, 0.23133761167526246, 0.7686623883247375]
[1.0, 0.1364158695936203, 0.8635841304063797]
[1.0, 0.12036935806274414, 0.8796306419372558]
[1.0, 0.19712649583816527, 0.8028735041618347]
[1.0, 0.2629947406053543, 0.7370052593946457]
[1.0, 0.21889554850757123, 0.7811044514924288]
[0.0, 0.8501408389955759, 0.1498591610044241]
[0.0, 0.8835680416226387, 0.11643195837736131]
[0.0, 0.8102155005931855, 0.18978449940681452]
[0.0, 0.8721446277201176, 0.12785537227988242]
[0.0, 0.7983835528790951, 0.20161644712090487]
[0.0, 0.7275249191746116, 0.2724750808253884]
[0.0, 0.774572363384068, 0.22542763661593201]
[0.0, 0.7660221357643604, 0.2339778642356396]
[0.0, 0.7699516825377941, 0.2300483174622059]
[0.0, 0.8373606304824353, 0.16263936951756475]
[0.0, 0.7703018063306808, 0.2296981936693192]
[0.0, 0.7520754192769528, 0.24792458072304724]
[0.0, 0.8141715502738953, 0.18582844972610468]
[0.0, 0.8137215659022331, 0.1862784340977669]
[0.0, 0.8411305642127991, 0.15886943578720092]
[0.0, 0.8963269446790219, 0.10367305532097815]
[0.0, 0.8781525844335556, 0.1218474155664444]
[0.0, 0.8726362511515617, 0.12736374884843826]
[0.0, 0.804151761829853, 0.19584823817014696]
[0.0, 0.9116815218329429, 0.08831847816705707]
[0.0, 0.9334558370709419, 0.06654416292905807]
[0.0, 0.8731570848822594, 0.1268429151177406]
[0.0, 0.773274432271719, 0.226725567728281]
[0.0, 0.8936111876368522, 0.10638881236314779]
[0.0, 0.8080065107345581, 0.1919934892654419]
[0.0, 0.8026241053640842, 0.19737589463591576]
[0.0, 0.8848472493886947, 0.11515275061130525]
[0.0, 0.894151965379715, 0.10584803462028503]
[0.0, 0.916658795773983, 0.08334120422601698]
[0.0, 0.9427194565534591, 0.05728054344654088]
[0.0, 0.9249950957298279, 0.07500490427017215]
[0.0, 0.9179884642362595, 0.08201153576374054]
[0.0, 0.920362576842308, 0.07963742315769196]
[0.0, 0.9471550405025482, 0.05284495949745183]
[0.0, 0.9296298122406006, 0.0703701877593994]
[0.0, 0.9096196877956391, 0.09038031220436094]
[0.0, 0.9280187278985977, 0.07198127210140226]
[0.0, 0.9498611181974411, 0.05013888180255888]
[0.0, 0.9531151020526886, 0.04688489794731143]
[0.0, 0.9369113332033158, 0.06308866679668423]
[0.0, 0.9493618631362915, 0.05063813686370855]
[0.0, 0.9485548800230026, 0.05144511997699741]
[0.0, 0.9272393274307251, 0.07276067256927488]
[0.0, 0.940954463481903, 0.059045536518096964]
[0.0, 0.9276763725280762, 0.07232362747192378]
[0.0, 0.9205036836862565, 0.07949631631374354]
[0.0, 0.9382899177074432, 0.06171008229255681]
[0.0, 0.9333766257762909, 0.06662337422370912]
[0.0, 0.8919914153218269, 0.10800858467817309]
[0.0, 0.9125363487005234, 0.08746365129947664]
[0.0, 0.9477713197469712, 0.05222868025302885]
[0.0, 0.9496248656511307, 0.05037513434886931]
[0.0, 0.9550863540172577, 0.04491364598274228]
[0.0, 0.9308415120840072, 0.06915848791599277]
[0.0, 0.9161068267375231, 0.08389317326247692]
[0.0, 0.9524981224536896, 0.04750187754631041]
[0.0, 0.8682790833711624, 0.13172091662883756]
[0.0, 0.9334823182225227, 0.0665176817774773]
[0.0, 0.8949701955914497, 0.10502980440855025]
[0.0, 0.8927485941722989, 0.1072514058277011]
[0.0, 0.8998066628724337, 0.10019333712756628]
[0.0, 0.9279061734676362, 0.07209382653236385]
[0.0, 0.8834400254487992, 0.11655997455120082]
[0.0, 0.8766257804632187, 0.1233742195367813]
[0.0, 0.9367788082361221, 0.06322119176387786]
[0.0, 0.870612940788269, 0.129387059211731]
[0.0, 0.9078595119714737, 0.09214048802852626]
[0.0, 0.8802223592996598, 0.11977764070034025]
[0.0, 0.8303640995919704, 0.16963590040802956]
[0.0, 0.8901999911665917, 0.10980000883340835]
[0.0, 0.867403581738472, 0.13259641826152802]
[0.0, 0.8584221649169922, 0.1415778350830078]
[0.0, 0.8296548134088516, 0.1703451865911484]
[0.0, 0.7751252552866936, 0.22487474471330637]
[0.0, 0.7930281198769807, 0.20697188012301926]
[0.0, 0.7797588853538037, 0.22024111464619633]
[0.0, 0.8020769068598748, 0.19792309314012524]
[0.0, 0.889227756857872, 0.11077224314212797]
[0.0, 0.6608959452807903, 0.3391040547192097]
[0.0, 0.8144234424829483, 0.1855765575170517]
[0.0, 0.8257506373524666, 0.17424936264753343]
[0.0, 0.825653461664915, 0.17434653833508496]
[0.0, 0.9052483889460564, 0.09475161105394359]
[0.0, 0.8810156704485417, 0.11898432955145832]
[0.0, 0.8569439387321472, 0.14305606126785275]
[0.0, 0.8661127869784832, 0.13388721302151685]
[0.0, 0.7642442702502013, 0.23575572974979875]
[0.0, 0.7632120668143034, 0.23678793318569658]
[0.0, 0.8949257029592991, 0.10507429704070093]
[0.0, 0.8741810172796249, 0.12581898272037506]
[0.0, 0.9586461481451988, 0.04135385185480123]
[0.0, 0.9383435153961182, 0.061656484603881845]
[0.0, 0.9426637893915176, 0.057336210608482374]
[0.0, 0.924148463010788, 0.07585153698921199]
[0.0, 0.844169062525034, 0.155830937474966]
[0.0, 0.8216132950782776, 0.17838670492172237]
[1.0, 0.19876151509582995, 0.80123848490417]
[1.0, 0.22309203006327152, 0.7769079699367285]
[1.0, 0.24901482403278352, 0.7509851759672165]
