[103.6663589477539, 0.0]
[19.999662399291992, 0.0]
[-1.9276142120361328E-4, 0.0]
java.lang.ArrayIndexOutOfBoundsException
[19.999662399291992, 0.0]
[103.6663589477539, 0.0]
[103.6613998413086, 0.0]
[103.6613998413086, 0.0]
[103.6613998413086, 0.0]
[103.6613998413086, 0.0]
[103.6613998413086, 0.0]
[103.6613998413086, 0.0]
[103.6613998413086, 0.0]
[103.6613998413086, 0.0]
[103.6613998413086, 0.0]
[103.6613998413086, 0.0]
[103.6613998413086, 0.0]
[103.6613998413086, 0.0]
[103.6613998413086, 0.0]
[103.6613998413086, 0.0]
[103.6613998413086, 0.0]
[103.6613998413086, 0.0]
[103.6613998413086, 0.0]
[103.6613998413086, 0.0]
[103.6613998413086, 0.0]
[103.6613998413086, 0.0]
[19.999662399291992]
