[0.0, 0.8804466450959444, 0.11955335490405561]
[0.0, 0.8947595351934433, 0.10524046480655669]
[0.0, 0.9026118797063828, 0.09738812029361721]
[0.0, 0.8800027018785477, 0.11999729812145232]
[0.0, 0.8795894877612591, 0.12041051223874089]
[0.0, 0.883134376630187, 0.11686562336981299]
[0.0, 0.8372606695815921, 0.16273933041840793]
[0.0, 0.921856937110424, 0.07814306288957595]
[0.0, 0.6829973051697016, 0.3170026948302984]
[0.0, 0.720073942989111, 0.279926057010889]
[0.0, 0.7995002636313439, 0.20049973636865615]
[0.0, 0.6646494096517563, 0.33535059034824366]
[0.0, 0.8048676870949566, 0.1951323129050434]
[0.0, 0.7945910748839379, 0.20540892511606212]
[0.0, 0.773336938098073, 0.22666306190192698]
[0.0, 0.8262812241911888, 0.17371877580881123]
[0.0, 0.8212398485839367, 0.17876015141606327]
[0.0, 0.789361444786191, 0.21063855521380903]
[0.0, 0.8141342337429524, 0.18586576625704765]
[0.0, 0.7587030263245106, 0.2412969736754894]
[0.0, 0.7953790988773107, 0.20462090112268927]
[0.0, 0.950077802836895, 0.049922197163104975]
[0.0, 0.9780996841192245, 0.021900315880775456]
[0.0, 0.9607929241657257, 0.039207075834274296]
[0.0, 0.9737265974283218, 0.026273402571678206]
[0.0, 0.8936115793883801, 0.1063884206116199]
[1.0, 0.2911508920788765, 0.7088491079211234]
[1.0, 0.09784299617633224, 0.9021570038236677]
[1.0, 0.05163532188162208, 0.9483646781183779]
[1.0, 0.020180442836135626, 0.9798195571638644]
[1.0, 0.013756823800504208, 0.9862431761994958]
[1.0, 0.02201689701527357, 0.9779831029847265]
[1.0, 0.013756823800504208, 0.9862431761994958]
[1.0, 0.06439045947045088, 0.9356095405295491]
[1.0, 0.037001983039081095, 0.9629980169609189]
[1.0, 0.07298061612993478, 0.9270193838700652]
[1.0, 0.032015530690550804, 0.9679844693094491]
[1.0, 0.07786224458366632, 0.9221377554163337]
[1.0, 0.08048047333955764, 0.9195195266604423]
[1.0, 0.06148047335445881, 0.9385195266455412]
[1.0, 0.06352122016251087, 0.9364787798374892]
[1.0, 0.13708635376766323, 0.8629136462323368]
[1.0, 0.049963753763586284, 0.9500362462364137]
[1.0, 0.055255887173116205, 0.9447441128268838]
[1.0, 0.04819573769345879, 0.9518042623065412]
[1.0, 0.03912942284718156, 0.9608705771528184]
[1.0, 0.06315760755911469, 0.9368423924408853]
[1.0, 0.037900750432163476, 0.9620992495678365]
[1.0, 0.05466324970126152, 0.9453367502987384]
[1.0, 0.062057135552167894, 0.9379428644478321]
[1.0, 0.07291011387482285, 0.9270898861251772]
[1.0, 0.06146177440881729, 0.9385382255911827]
[1.0, 0.053570236042141915, 0.946429763957858]
[1.0, 0.08676627770066261, 0.9132337222993374]
[1.0, 0.057710409611463544, 0.9422895903885364]
[1.0, 0.06728519849479199, 0.932714801505208]
[1.0, 0.10658293763175607, 0.8934170623682439]
[1.0, 0.06811098165810109, 0.9318890183418989]
[1.0, 0.06970980629324913, 0.9302901937067509]
[1.0, 0.07398728005588055, 0.9260127199441195]
[1.0, 0.0819379011169076, 0.9180620988830924]
[1.0, 0.060205321460962295, 0.9397946785390378]
[1.0, 0.09026953242719174, 0.9097304675728083]
[1.0, 0.10293731801211833, 0.8970626819878816]
[1.0, 0.1018127778172493, 0.8981872221827507]
[1.0, 0.14772258713841438, 0.8522774128615856]
[1.0, 0.134902368709445, 0.865097631290555]
[1.0, 0.13849613010883333, 0.8615038698911667]
[1.0, 0.24501498121768236, 0.7549850187823176]
[1.0, 0.11345610946416855, 0.8865438905358315]
[1.0, 0.16474689792841674, 0.8352531020715832]
[1.0, 0.11930269435048103, 0.880697305649519]
[1.0, 0.09313192624598741, 0.9068680737540126]
[1.0, 0.08596482709050178, 0.9140351729094982]
[1.0, 0.11067065760493279, 0.8893293423950672]
[1.0, 0.08919681437313556, 0.9108031856268645]
[1.0, 0.09238365966826677, 0.9076163403317332]
[1.0, 0.14321928579360246, 0.8567807142063976]
[1.0, 0.16515757601708173, 0.8348424239829183]
[1.0, 0.13932572394609452, 0.8606742760539055]
[1.0, 0.08174695629626512, 0.9182530437037348]
[1.0, 0.11819487012922764, 0.8818051298707723]
[1.0, 0.07070578172802926, 0.9292942182719708]
[1.0, 0.23445720046758653, 0.7655427995324134]
[1.0, 0.250430728495121, 0.749569271504879]
[1.0, 0.07336418617516756, 0.9266358138248324]
[1.0, 0.05190103188157082, 0.9480989681184292]
[1.0, 0.06749798227101564, 0.9325020177289843]
[1.0, 0.061826346665620806, 0.9381736533343792]
[1.0, 0.1357543481141329, 0.8642456518858671]
[1.0, 0.060741738304495814, 0.9392582616955042]
[1.0, 0.04678599074482918, 0.9532140092551709]
[1.0, 0.07218954894691705, 0.9278104510530829]
[1.0, 0.07603231031447649, 0.9239676896855236]
[1.0, 0.08417956385761499, 0.915820436142385]
[1.0, 0.05973298344761133, 0.9402670165523886]
[1.0, 0.09462635539472103, 0.9053736446052789]
[1.0, 0.06739352364093065, 0.9326064763590693]
[1.0, 0.07991775274276733, 0.9200822472572326]
[1.0, 0.06410575225949287, 0.9358942477405071]
[1.0, 0.03589971110224724, 0.9641002888977528]
[1.0, 0.10454394049942493, 0.895456059500575]
[1.0, 0.06318526446819306, 0.9368147355318069]
[1.0, 0.07639543700963258, 0.9236045629903674]
[1.0, 0.05320047780871391, 0.946799522191286]
[1.0, 0.05117174208164215, 0.9488282579183579]
[1.0, 0.04032343406230211, 0.9596765659376979]
[1.0, 0.04736742790788412, 0.9526325720921158]
[1.0, 0.07772297941148282, 0.9222770205885171]
[1.0, 0.054544717371463776, 0.9454552826285362]
[1.0, 0.06553162567317486, 0.9344683743268252]
[1.0, 0.07095969155430794, 0.9290403084456921]
[1.0, 0.06715461254119873, 0.9328453874588013]
[1.0, 0.11637548372149467, 0.8836245162785054]
[1.0, 0.06357917673885823, 0.9364208232611417]
[1.0, 0.09591024719178677, 0.9040897528082132]
[1.0, 0.1374821923673153, 0.8625178076326847]
[1.0, 0.20747598573565484, 0.7925240142643452]
[1.0, 0.16536348149180413, 0.8346365185081959]
[1.0, 0.10948564782738686, 0.8905143521726131]
[1.0, 0.16061742320656777, 0.8393825767934322]
[1.0, 0.33021561726927756, 0.6697843827307224]
[1.0, 0.24450123868882656, 0.7554987613111734]
[1.0, 0.19352274224162103, 0.806477257758379]
[0.0, 0.8907462476193905, 0.10925375238060953]
[0.0, 0.9191792313754559, 0.08082076862454413]
[0.0, 0.8685347869247199, 0.13146521307528014]
[0.0, 0.8781384406983852, 0.1218615593016148]
[0.0, 0.9416264648735523, 0.05837353512644772]
[0.0, 0.8945215587317944, 0.1054784412682056]
[0.0, 0.8797776806354523, 0.12022231936454775]
[0.0, 0.9361670958995819, 0.06383290410041809]
[0.0, 0.9374901854991913, 0.06250981450080872]
[0.0, 0.9216958898305893, 0.07830411016941075]
[0.0, 0.9310921266674995, 0.06890787333250048]
[0.0, 0.9330523753166199, 0.06694762468338011]
[0.0, 0.9102410207688808, 0.0897589792311192]
[0.0, 0.9479729941487313, 0.05202700585126874]
[0.0, 0.9031258320808411, 0.09687416791915893]
[0.0, 0.9464425867795945, 0.053557413220405525]
[0.0, 0.9309045837819576, 0.06909541621804238]
[0.0, 0.9092925626039505, 0.09070743739604947]
[0.0, 0.9219811445474625, 0.0780188554525375]
[0.0, 0.93531141102314, 0.06468858897686003]
[0.0, 0.9065905341506004, 0.09340946584939958]
[0.0, 0.88688311368227, 0.11311688631772998]
[0.0, 0.9026676225662231, 0.09733237743377687]
[0.0, 0.9184963476657867, 0.0815036523342133]
[0.0, 0.8650587110221386, 0.1349412889778614]
[0.0, 0.796814601123333, 0.20318539887666698]
[0.0, 0.8904204649105668, 0.10957953508943319]
[0.0, 0.9064950594305992, 0.09350494056940084]
[0.0, 0.8643973121047019, 0.13560268789529806]
[0.0, 0.9053465319052338, 0.09465346809476616]
[0.0, 0.8582276716828346, 0.14177232831716535]
[0.0, 0.9338234055042267, 0.06617659449577329]
[0.0, 0.9266492044925689, 0.07335079550743107]
[0.0, 0.9289113795757293, 0.07108862042427067]
[0.0, 0.9307265140116214, 0.06927348598837857]
[0.0, 0.9077025678753853, 0.09229743212461472]
[0.0, 0.9251495072245598, 0.0748504927754402]
[0.0, 0.9081679236888885, 0.09183207631111145]
[0.0, 0.909846056997776, 0.09015394300222401]
[0.0, 0.9076686552166939, 0.09233134478330607]
[0.0, 0.8591793961077928, 0.14082060389220719]
[0.0, 0.8580560609698296, 0.14194393903017044]
[0.0, 0.9210002367198468, 0.07899976328015323]
[0.0, 0.9311074605584144, 0.06889253944158558]
[0.0, 0.9074061188101769, 0.09259388118982315]
[0.0, 0.9385709363222122, 0.061429063677787776]
[0.0, 0.8706207975745202, 0.12937920242547984]
[0.0, 0.9057068204879761, 0.09429317951202387]
[0.0, 0.9192370235919952, 0.08076297640800478]
[0.0, 0.9106633344292641, 0.08933666557073594]
[0.0, 0.9506984585523606, 0.04930154144763943]
[0.0, 0.9299441313743592, 0.07005586862564084]
[0.0, 0.9235829174518585, 0.0764170825481415]
[0.0, 0.931408962905407, 0.06859103709459302]
[0.0, 0.9260574153065682, 0.07394258469343185]
[0.0, 0.9146651883423328, 0.08533481165766721]
[0.0, 0.8415261942148209, 0.1584738057851791]
[0.0, 0.8598745985329151, 0.14012540146708485]
[0.0, 0.6918471781164408, 0.3081528218835592]
[0.0, 0.6231585778295994, 0.3768414221704006]
[0.0, 0.89624811694026, 0.10375188305974004]
[0.0, 0.9326144602894783, 0.06738553971052175]
[0.0, 0.9540818339586258, 0.04591816604137422]
[0.0, 0.9763641375303268, 0.023635862469673197]
[0.0, 0.9785224777460099, 0.021477522253990133]
[0.0, 0.9156808012723923, 0.08431919872760774]
[1.0, 0.09058195360004902, 0.9094180463999509]
[1.0, 0.0560329557210207, 0.9439670442789793]
[1.0, 0.032127239909023046, 0.967872760090977]
[1.0, 0.02400266518816352, 0.9759973348118365]
[1.0, 0.037709812149405476, 0.9622901878505945]
[1.0, 0.0841579557210207, 0.9158420442789793]
[1.0, 0.03407957851886749, 0.9659204214811326]
[1.0, 0.025060794427990914, 0.9749392055720091]
[1.0, 0.09648118618875742, 0.9035188138112425]
[1.0, 0.10679395709186792, 0.8932060429081321]
[1.0, 0.126382427662611, 0.873617572337389]
[1.0, 0.06498937968164682, 0.9350106203183531]
[1.0, 0.2147670306265354, 0.7852329693734645]
[1.0, 0.16381957575678827, 0.8361804242432117]
[1.0, 0.2047791787981987, 0.7952208212018013]
[1.0, 0.11119220729917288, 0.8888077927008271]
[1.0, 0.1912151126563549, 0.8087848873436451]
[1.0, 0.22316739175468683, 0.7768326082453132]
[1.0, 0.21600692674517633, 0.7839930732548237]
[1.0, 0.1860862783715129, 0.8139137216284871]
[1.0, 0.30720297995954754, 0.6927970200404525]
[1.0, 0.29463236168026924, 0.7053676383197307]
[1.0, 0.26060927981510756, 0.7393907201848924]
[1.0, 0.33506007634103296, 0.664939923658967]
[1.0, 0.3600791893899441, 0.6399208106100559]
[1.0, 0.25448221556842326, 0.7455177844315768]
[1.0, 0.28327975146472456, 0.7167202485352755]
[1.0, 0.37644517615437506, 0.623554823845625]
[1.0, 0.34414979718625544, 0.6558502028137445]
[1.0, 0.1968777762539685, 0.8031222237460315]
[1.0, 0.16139414682984352, 0.8386058531701565]
[1.0, 0.3147616809606552, 0.6852383190393447]
[1.0, 0.2847462591901422, 0.7152537408098578]
[1.0, 0.22452504374086857, 0.7754749562591314]
[1.0, 0.298773937523365, 0.701226062476635]
[1.0, 0.33752293065190314, 0.6624770693480968]
[1.0, 0.08816288329660893, 0.9118371167033911]
[1.0, 0.09934944100677967, 0.9006505589932203]
[1.0, 0.04742075107991695, 0.952579248920083]
[1.0, 0.1256898083537817, 0.8743101916462183]
[1.0, 0.18855804465711118, 0.8114419553428889]
[1.0, 0.2103383420407772, 0.7896616579592228]
[1.0, 0.1710607935488224, 0.8289392064511776]
[1.0, 0.4530824425816536, 0.5469175574183465]
[0.0, 0.9312446218729019, 0.06875537812709809]
[0.0, 0.8515756791830063, 0.14842432081699375]
[0.0, 0.8973408555984497, 0.10265914440155033]
[0.0, 0.887746547460556, 0.11225345253944397]
[0.0, 0.88127525806427, 0.11872474193573002]
[0.0, 0.8452535632252693, 0.15474643677473066]
[0.0, 0.8188162508606911, 0.1811837491393089]
[0.0, 0.9128680539131164, 0.08713194608688357]
[0.0, 0.8769654735922814, 0.12303452640771861]
[0.0, 0.8416030541062355, 0.15839694589376452]
[0.0, 0.8360184580087662, 0.16398154199123383]
[0.0, 0.7551673500984907, 0.24483264990150932]
[0.0, 0.813145345672965, 0.18685465432703496]
[0.0, 0.8217296686768532, 0.17827033132314685]
[0.0, 0.877551122456789, 0.12244887754321099]
[0.0, 0.8091214400529861, 0.19087855994701386]
[0.0, 0.8746918204426766, 0.12530817955732343]
[0.0, 0.8489102452993393, 0.15108975470066066]
[0.0, 0.7923148395493627, 0.20768516045063734]
[0.0, 0.9048542442917824, 0.0951457557082176]
[0.0, 0.8279976979270578, 0.1720023020729422]
[0.0, 0.8670706690847874, 0.13292933091521264]
[0.0, 0.8803594759106637, 0.11964052408933634]
[0.0, 0.8874878898262978, 0.11251211017370222]
[0.0, 0.9194142630696297, 0.0805857369303703]
[0.0, 0.9095648168027402, 0.09043518319725985]
[0.0, 0.8857926771044731, 0.11420732289552693]
[0.0, 0.7668335977196693, 0.2331664022803307]
[0.0, 0.8829170055687428, 0.11708299443125725]
[0.0, 0.9184363788366318, 0.08156362116336824]
[0.0, 0.9226377919316292, 0.0773622080683708]
[0.0, 0.7241227178275585, 0.27587728217244145]
[0.0, 0.7506180952489376, 0.24938190475106237]
[0.0, 0.8735482478141785, 0.1264517521858215]
[0.0, 0.728031018897891, 0.271968981102109]
[0.0, 0.8106652256846428, 0.18933477431535717]
[0.0, 0.691542988307774, 0.30845701169222595]
[0.0, 0.860404465869069, 0.13959553413093095]
[0.0, 0.7935098684951662, 0.20649013150483375]
[0.0, 0.7341579259932041, 0.26584207400679594]
[0.0, 0.7830585430562497, 0.21694145694375033]
[0.0, 0.8303114306926728, 0.16968856930732723]
[0.0, 0.8037460873275996, 0.19625391267240044]
[0.0, 0.8440935039520263, 0.15590649604797369]
[0.0, 0.8756947796046733, 0.12430522039532665]
[0.0, 0.8364144087582827, 0.16358559124171734]
[0.0, 0.7763517200946808, 0.2236482799053192]
[0.0, 0.8029106013476849, 0.19708939865231512]
[0.0, 0.7644120934605598, 0.23558790653944017]
[0.0, 0.8733915410935879, 0.12660845890641215]
[0.0, 0.8579679119586945, 0.14203208804130552]
[0.0, 0.9076635962724686, 0.09233640372753138]
[0.0, 0.8588220635056496, 0.1411779364943504]
[0.0, 0.7844831097126007, 0.2155168902873993]
[0.0, 0.7274511428922414, 0.27254885710775856]
[0.0, 0.766416740193963, 0.233583259806037]
[0.0, 0.7941601112484932, 0.20583988875150683]
[0.0, 0.6659903326630592, 0.3340096673369408]
[0.0, 0.8289599972963333, 0.1710400027036667]
[0.0, 0.7807838197052479, 0.2192161802947521]
[0.0, 0.7681358034349978, 0.23186419656500223]
[0.0, 0.8627311432361603, 0.1372688567638397]
[0.0, 0.817197192311287, 0.18280280768871304]
[0.0, 0.8531804665923118, 0.14681953340768816]
[0.0, 0.8875639283657074, 0.11243607163429259]
[0.0, 0.8427994582056999, 0.1572005417943001]
[0.0, 0.9178690360486508, 0.08213096395134922]
[0.0, 0.8924909991025924, 0.10750900089740756]
[0.0, 0.8404106186330318, 0.1595893813669682]
[0.0, 0.9309994965791702, 0.06900050342082975]
[0.0, 0.8823592571914196, 0.11764074280858039]
[0.0, 0.9246610803902149, 0.07533891960978512]
[0.0, 0.9488388583064079, 0.051161141693592094]
[0.0, 0.9198537173867226, 0.08014628261327739]
[0.0, 0.9537477540969849, 0.04625224590301513]
[0.0, 0.835041669011116, 0.16495833098888402]
[1.0, 0.29795224756002425, 0.7020477524399757]
[1.0, 0.04415554163977504, 0.9558444583602249]
[1.0, 0.047424338962882756, 0.9525756610371172]
[1.0, 0.08110560745000839, 0.9188943925499916]
[1.0, 0.08221671856939793, 0.9177832814306021]
[1.0, 0.08673136219382287, 0.9132686378061772]
[1.0, 0.10218079492449761, 0.8978192050755024]
[1.0, 0.054008256867527964, 0.945991743132472]
[1.0, 0.0608447802811861, 0.9391552197188139]
[1.0, 0.06975037917494774, 0.9302496208250522]
[1.0, 0.07353272557258606, 0.926467274427414]
[1.0, 0.09610428363084793, 0.9038957163691521]
[1.0, 0.06709434002637864, 0.9329056599736214]
[1.0, 0.06738010987639427, 0.9326198901236057]
[1.0, 0.0657239500619471, 0.9342760499380529]
[1.0, 0.09873277030885219, 0.9012672296911478]
[1.0, 0.09212828606367111, 0.9078717139363289]
[1.0, 0.14169978037476538, 0.8583002196252346]
[1.0, 0.08551513001322747, 0.9144848699867725]
[1.0, 0.1695430126786232, 0.8304569873213767]
[1.0, 0.1317520010471344, 0.8682479989528656]
[1.0, 0.12626893032342196, 0.8737310696765781]
[1.0, 0.11547502415254712, 0.8845249758474529]
[1.0, 0.14655196003615856, 0.8534480399638414]
[1.0, 0.21413373907096683, 0.7858662609290332]
[1.0, 0.14013302313163878, 0.8598669768683612]
[1.0, 0.1652456129156053, 0.8347543870843948]
[1.0, 0.27158537223935125, 0.7284146277606487]
[1.0, 0.20949527736753226, 0.7905047226324677]
[1.0, 0.2513064743950963, 0.7486935256049037]
[1.0, 0.15456121757626534, 0.8454387824237346]
[1.0, 0.10369171345606447, 0.8963082865439356]
[1.0, 0.14291013287380339, 0.8570898671261966]
[1.0, 0.07839147383347153, 0.9216085261665284]
[1.0, 0.09289385005831718, 0.9071061499416828]
[1.0, 0.1643421909213066, 0.8356578090786934]
[1.0, 0.11483639029785991, 0.88516360970214]
[1.0, 0.0862962825782597, 0.9137037174217403]
[1.0, 0.138653681576252, 0.861346318423748]
[1.0, 0.1587369203567505, 0.8412630796432495]
[1.0, 0.16379492349922656, 0.8362050765007735]
[1.0, 0.16268696369603275, 0.8373130363039673]
[1.0, 0.08390631513670087, 0.9160936848632991]
[1.0, 0.1034305889904499, 0.8965694110095501]
[1.0, 0.09385948272421957, 0.9061405172757804]
[1.0, 0.18983193159103393, 0.810168068408966]
[1.0, 0.23934725686907768, 0.7606527431309223]
[1.0, 0.13396452639251946, 0.8660354736074806]
[1.0, 0.1560400854051113, 0.8439599145948887]
[1.0, 0.1930553463846445, 0.8069446536153555]
[1.0, 0.192257738718763, 0.807742261281237]
[1.0, 0.1336003191769123, 0.8663996808230877]
[1.0, 0.10346858469769359, 0.8965314153023064]
[1.0, 0.19227964095771313, 0.8077203590422869]
[1.0, 0.17797187335789202, 0.822028126642108]
[1.0, 0.25077966595068574, 0.7492203340493142]
[1.0, 0.11629488084465266, 0.8837051191553473]
[1.0, 0.10371046230196952, 0.8962895376980304]
[1.0, 0.12673433542251586, 0.8732656645774841]
[1.0, 0.40520129531621935, 0.5947987046837806]
[1.0, 0.238552805185318, 0.761447194814682]
[1.0, 0.1872118031978607, 0.8127881968021393]
[1.0, 0.2630060978978872, 0.7369939021021128]
[1.0, 0.1360563273727894, 0.8639436726272106]
[1.0, 0.2692443898320198, 0.7307556101679802]
[1.0, 0.19923711005598307, 0.8007628899440169]
[0.0, 0.8584432950615883, 0.14155670493841166]
[0.0, 0.8906086331605911, 0.10939136683940887]
[0.0, 0.855739313364029, 0.14426068663597102]
[0.0, 0.8916068245470524, 0.10839317545294758]
[0.0, 0.8250368952751159, 0.17496310472488408]
[0.0, 0.9382470637559891, 0.0617529362440109]
[0.0, 0.9198164382576942, 0.08018356174230579]
[0.0, 0.9196602529287339, 0.08033974707126612]
[0.0, 0.9162206822633743, 0.08377931773662572]
[0.0, 0.9226049128174781, 0.07739508718252186]
[0.0, 0.9233024957776069, 0.07669750422239308]
[0.0, 0.9305781227350235, 0.0694218772649765]
[0.0, 0.8975563010573387, 0.10244369894266125]
[0.0, 0.920944310426712, 0.07905568957328801]
[0.0, 0.8623866185545921, 0.1376133814454079]
[0.0, 0.9091171047091484, 0.09088289529085158]
[0.0, 0.8114204435050487, 0.18857955649495128]
[0.0, 0.8666533160209656, 0.13334668397903437]
[0.0, 0.8820050799846649, 0.11799492001533507]
[0.0, 0.8796757730841637, 0.12032422691583633]
[0.0, 0.8860562294721603, 0.11394377052783966]
[0.0, 0.876277260184288, 0.12372273981571202]
[0.0, 0.8803941148519516, 0.11960588514804837]
[0.0, 0.889767929315567, 0.11023207068443297]
[0.0, 0.7095165792107582, 0.29048342078924183]
[0.0, 0.8552007278800011, 0.14479927211999888]
[0.0, 0.7006285654008388, 0.29937143459916116]
[0.0, 0.7453260577470064, 0.25467394225299356]
[0.0, 0.8107273498177529, 0.18927265018224715]
[0.0, 0.843809069916606, 0.15619093008339402]
[0.0, 0.8587855353951455, 0.14121446460485454]
[0.0, 0.7068042166531086, 0.29319578334689145]
[0.0, 0.8939203849434852, 0.10607961505651475]
[0.0, 0.9288457310199738, 0.07115426898002619]
[0.0, 0.9141801252961159, 0.08581987470388408]
[0.0, 0.8950470036268234, 0.10495299637317657]
[0.0, 0.7279043979942799, 0.27209560200572014]
[0.0, 0.8153046399354935, 0.1846953600645065]
[1.0, 0.3047804413735867, 0.6952195586264134]
[1.0, 0.3102556654065847, 0.6897443345934153]
[1.0, 0.3572128761187196, 0.6427871238812803]
[1.0, 0.4889572588354349, 0.511042741164565]
[0.0, 0.7866033872961998, 0.21339661270380017]
[0.0, 0.7742953857779503, 0.22570461422204968]
[0.0, 0.8794915547966957, 0.12050844520330428]
[0.0, 0.8986466401815414, 0.10135335981845861]
[0.0, 0.8341369351744652, 0.1658630648255348]
[0.0, 0.8212264409661293, 0.1787735590338707]
[0.0, 0.8658537021279336, 0.13414629787206644]
[0.0, 0.8085946635715664, 0.1914053364284336]
[0.0, 0.9071972739696502, 0.09280272603034978]
[0.0, 0.9154352135211229, 0.08456478647887711]
[0.0, 0.8610427583754062, 0.13895724162459377]
[0.0, 0.9068339765071869, 0.09316602349281311]
[0.0, 0.8515999758243561, 0.1484000241756439]
[0.0, 0.9219336476922035, 0.07806635230779646]
[0.0, 0.8686426243185997, 0.13135737568140027]
[0.0, 0.9107554213702679, 0.08924457862973212]
[0.0, 0.8798296892642975, 0.1201703107357025]
[0.0, 0.8639634683728218, 0.13603653162717821]
[0.0, 0.8662814727425575, 0.1337185272574425]
[0.0, 0.8031140100955964, 0.19688598990440365]
[0.0, 0.7417561542242765, 0.25824384577572346]
[0.0, 0.8298408348858356, 0.1701591651141644]
[0.0, 0.8868975508213043, 0.11310244917869572]
[0.0, 0.8407690793275833, 0.15923092067241673]
[0.0, 0.8067447908595204, 0.19325520914047956]
[0.0, 0.908682144805789, 0.09131785519421098]
[0.0, 0.8999381744861603, 0.10006182551383969]
[0.0, 0.7988157217204571, 0.20118427827954288]
[0.0, 0.9234266111254692, 0.0765733888745308]
[0.0, 0.9306003066897393, 0.06939969331026075]
[0.0, 0.8961799713969231, 0.10382002860307693]
[0.0, 0.8718990010023117, 0.12810099899768834]
[0.0, 0.93897012591362, 0.061029874086380054]
[0.0, 0.8423959890007973, 0.15760401099920274]
[0.0, 0.9389918690919876, 0.06100813090801238]
[0.0, 0.8854290235042572, 0.11457097649574277]
[0.0, 0.9226797419786453, 0.07732025802135467]
[0.0, 0.9469690528512001, 0.053030947148799856]
[0.0, 0.9583086311817169, 0.04169136881828306]
[0.0, 0.7993982899934053, 0.20060171000659466]
[0.0, 0.8340687640756369, 0.1659312359243631]
[0.0, 0.9321092599630356, 0.06789074003696438]
[0.0, 0.8870692431926728, 0.11293075680732723]
[0.0, 0.9342149224877357, 0.06578507751226426]
[0.0, 0.9431470513343811, 0.05685294866561885]
[0.0, 0.9165453949570656, 0.08345460504293445]
[0.0, 0.8860494288802147, 0.11395057111978535]
[0.0, 0.9289422005414962, 0.07105779945850377]
[0.0, 0.9341982215642929, 0.06580177843570711]
[0.0, 0.9582909494638443, 0.0417090505361557]
[0.0, 0.893883318901062, 0.10611668109893801]
[0.0, 0.9386693558096886, 0.06133064419031142]
[0.0, 0.8942259034514427, 0.1057740965485573]
[0.0, 0.7859913773834706, 0.21400862261652942]
[0.0, 0.9575223940610885, 0.04247760593891148]
[0.0, 0.956936101615429, 0.04306389838457103]
[0.0, 0.9648373049497604, 0.03516269505023961]
[0.0, 0.9376517063379288, 0.062348293662071175]
[0.0, 0.9085784858465195, 0.09142151415348054]
[1.0, 0.24545350581407546, 0.7545464941859246]
[1.0, 0.12020482435822487, 0.8797951756417751]
[1.0, 0.10515952557325363, 0.8948404744267464]
[1.0, 0.10434685610234737, 0.8956531438976526]
[1.0, 0.05059180611744523, 0.9494081938825548]
[1.0, 0.052553482595831154, 0.9474465174041689]
[1.0, 0.07452686831355095, 0.9254731316864491]
[1.0, 0.13120141543447972, 0.8687985845655203]
[1.0, 0.13098135486245155, 0.8690186451375485]
[1.0, 0.07259085800498724, 0.9274091419950128]
[1.0, 0.0882246471196413, 0.9117753528803587]
[1.0, 0.10386413387954235, 0.8961358661204577]
[1.0, 0.08297009840607643, 0.9170299015939236]
[1.0, 0.08245638035237789, 0.9175436196476221]
[1.0, 0.09462844043970108, 0.9053715595602989]
[1.0, 0.08805473664775491, 0.9119452633522451]
[1.0, 0.10156395683065057, 0.8984360431693494]
[1.0, 0.0833193021453917, 0.9166806978546083]
[1.0, 0.09551573449745775, 0.9044842655025422]
[1.0, 0.2479512844979763, 0.7520487155020237]
[1.0, 0.11273979391902685, 0.8872602060809731]
[1.0, 0.10803239000961185, 0.8919676099903882]
[1.0, 0.17050005830824375, 0.8294999416917562]
[1.0, 0.16266647972166537, 0.8373335202783346]
[1.0, 0.22545600488781928, 0.7745439951121807]
[1.0, 0.18701689802110194, 0.812983101978898]
[1.0, 0.1452071278076619, 0.8547928721923381]
[1.0, 0.18547823645174502, 0.814521763548255]
[1.0, 0.1351477557606995, 0.8648522442393005]
[1.0, 0.16587542582303286, 0.8341245741769672]
[1.0, 0.3932677902281284, 0.6067322097718716]
[1.0, 0.16520486632362008, 0.8347951336763799]
[1.0, 0.3765516363829374, 0.6234483636170626]
[1.0, 0.35186218306422234, 0.6481378169357777]
[1.0, 0.20079626485705376, 0.7992037351429462]
[1.0, 0.14059759877622127, 0.8594024012237788]
[1.0, 0.33256648734211924, 0.6674335126578808]
[1.0, 0.23703918253071607, 0.7629608174692839]
[1.0, 0.23834625024348496, 0.761653749756515]
[1.0, 0.20102811247110366, 0.7989718875288964]
[1.0, 0.1548509606998414, 0.8451490393001586]
[0.0, 0.5911252585053444, 0.40887474149465564]
[1.0, 0.19071314828470348, 0.8092868517152965]
[1.0, 0.23017016172409058, 0.7698298382759095]
[1.0, 0.31899035852402446, 0.6810096414759755]
[1.0, 0.22654440149664878, 0.7734555985033512]
[1.0, 0.24129704579710962, 0.7587029542028904]
[1.0, 0.09159574024379254, 0.9084042597562074]
[1.0, 0.2571547557413578, 0.7428452442586422]
[1.0, 0.1710672003775835, 0.8289327996224165]
[1.0, 0.24650167807936668, 0.7534983219206333]
[1.0, 0.20267439041286706, 0.7973256095871329]
[1.0, 0.20214109800755978, 0.7978589019924403]
[1.0, 0.17765509486198425, 0.8223449051380157]
[1.0, 0.12315809771418572, 0.8768419022858143]
[1.0, 0.07617547769099474, 0.9238245223090052]
[1.0, 0.11937766380608082, 0.8806223361939192]
[1.0, 0.07837393045425416, 0.9216260695457459]
[1.0, 0.0824383133649826, 0.9175616866350174]
[1.0, 0.12431537482887506, 0.875684625171125]
[1.0, 0.20605307549238205, 0.793946924507618]
[1.0, 0.11443971864879131, 0.8855602813512087]
[1.0, 0.1330338202789426, 0.8669661797210574]
[1.0, 0.14410444028675556, 0.8558955597132445]
[1.0, 0.0743033965677023, 0.9256966034322978]
[1.0, 0.10399619460105897, 0.896003805398941]
[1.0, 0.0818794866092503, 0.9181205133907497]
[1.0, 0.0830023218691349, 0.9169976781308651]
[1.0, 0.14072875222191214, 0.8592712477780878]
[1.0, 0.1872116604819894, 0.8127883395180107]
[1.0, 0.1357618822529912, 0.8642381177470088]
[1.0, 0.17503597736358642, 0.8249640226364136]
[1.0, 0.25722850412130355, 0.7427714958786964]
[1.0, 0.23035650180652736, 0.7696434981934727]
[1.0, 0.13339454693719743, 0.8666054530628026]
[1.0, 0.11799816520884633, 0.8820018347911537]
[1.0, 0.054277516715228555, 0.9457224832847715]
[1.0, 0.22390214117243887, 0.7760978588275611]
[1.0, 0.08536933958530427, 0.9146306604146958]
[1.0, 0.13907770648598672, 0.8609222935140133]
[1.0, 0.118888826854527, 0.881111173145473]
[1.0, 0.13391077846288682, 0.8660892215371132]
[1.0, 0.0807658925279975, 0.9192341074720025]
[1.0, 0.16049726605415343, 0.8395027339458465]
[1.0, 0.16310527063906194, 0.8368947293609381]
[1.0, 0.08519436378031969, 0.9148056362196804]
[1.0, 0.20876045795157552, 0.7912395420484245]
[1.0, 0.32521512150764464, 0.6747848784923554]
[1.0, 0.09832875847816468, 0.9016712415218353]
[1.0, 0.2195385155081749, 0.7804614844918251]
[1.0, 0.21926737941801547, 0.7807326205819846]
[1.0, 0.21701991878449917, 0.7829800812155008]
[1.0, 0.10841008501127362, 0.8915899149887264]
[1.0, 0.10346679361537099, 0.896533206384629]
[1.0, 0.16616820283234118, 0.8338317971676588]
[1.0, 0.15498232439160348, 0.8450176756083965]
[1.0, 0.17117148460820317, 0.8288285153917968]
[1.0, 0.1472556875832379, 0.8527443124167621]
[1.0, 0.14918895930051804, 0.850811040699482]
[1.0, 0.22570890188217163, 0.7742910981178284]
[1.0, 0.0944036003947258, 0.9055963996052742]
[1.0, 0.1485506021976471, 0.851449397802353]
[1.0, 0.08908737320452928, 0.9109126267954707]
[1.0, 0.09125952010974288, 0.9087404798902571]
[1.0, 0.14295365514233707, 0.857046344857663]
[1.0, 0.09873055415228009, 0.90126944584772]
[1.0, 0.23528347151353957, 0.7647165284864604]
[1.0, 0.14562574416399002, 0.85437425583601]
[1.0, 0.23818818882107734, 0.7618118111789227]
[1.0, 0.22355869948863982, 0.7764413005113602]
[1.0, 0.1138638742826879, 0.8861361257173122]
[1.0, 0.10932550571858883, 0.8906744942814112]
[1.0, 0.2404390260577202, 0.7595609739422798]
[1.0, 0.15889328002929687, 0.8411067199707032]
[1.0, 0.16405505254864694, 0.8359449474513531]
[1.0, 0.30285845771431924, 0.6971415422856808]
[1.0, 0.47474445700645446, 0.5252555429935455]
[1.0, 0.16689115568995475, 0.8331088443100453]
[1.0, 0.10238142334856093, 0.8976185766514391]
[1.0, 0.06753887181170284, 0.9324611281882972]
[1.0, 0.14062767416238786, 0.8593723258376121]
[1.0, 0.19218991621397435, 0.8078100837860256]
[1.0, 0.21418016119860112, 0.7858198388013988]
[1.0, 0.23423266746103763, 0.7657673325389623]
[1.0, 0.11494839489459992, 0.8850516051054]
[1.0, 0.14333160273730755, 0.8566683972626925]
[1.0, 0.3885146490484476, 0.6114853509515523]
[1.0, 0.1820387288928032, 0.8179612711071969]
[1.0, 0.20957989798858762, 0.7904201020114123]
[1.0, 0.09579870671033859, 0.9042012932896614]
[1.0, 0.17249905191361903, 0.827500948086381]
[1.0, 0.22886250272393227, 0.7711374972760677]
[1.0, 0.13974140127189458, 0.8602585987281054]
[1.0, 0.3328257669880986, 0.6671742330119014]
[1.0, 0.1656443414185196, 0.8343556585814804]
[1.0, 0.18736502232030033, 0.8126349776796997]
[1.0, 0.1193058206140995, 0.8806941793859004]
[1.0, 0.06646016396582127, 0.9335398360341787]
[1.0, 0.07197803266346454, 0.9280219673365354]
[1.0, 0.06946995593607426, 0.9305300440639257]
[1.0, 0.07121594466269016, 0.9287840553373099]
[1.0, 0.1595153813995421, 0.8404846186004579]
[1.0, 0.18126950949430465, 0.8187304905056954]
[1.0, 0.25067118868231775, 0.7493288113176823]
[0.0, 0.7464631198346615, 0.2535368801653385]
[0.0, 0.9730108720064163, 0.02698912799358366]
[0.0, 0.9624053013324737, 0.037594698667526294]
[0.0, 0.9040410226583481, 0.09595897734165193]
[0.0, 0.9636341387033462, 0.036365861296653756]
[0.0, 0.9646110767126084, 0.03538892328739163]
[0.0, 0.9607940483093261, 0.03920595169067387]
[0.0, 0.9217551976442337, 0.07824480235576625]
[0.0, 0.9266259932518005, 0.0733740067481995]
[0.0, 0.9268500038981438, 0.07314999610185624]
[0.0, 0.8327892904728651, 0.1672107095271349]
[0.0, 0.8863313183188438, 0.11366868168115618]
[0.0, 0.9057084065675736, 0.09429159343242643]
[0.0, 0.9448415821790696, 0.05515841782093045]
[0.0, 0.917187646329403, 0.08281235367059703]
[0.0, 0.8979845467209816, 0.1020154532790184]
[0.0, 0.9214659982919693, 0.07853400170803071]
[0.0, 0.9252772003412246, 0.07472279965877537]
[0.0, 0.9029231755435467, 0.09707682445645327]
[0.0, 0.8696837955713272, 0.13031620442867276]
[0.0, 0.9104967886209487, 0.08950321137905126]
[0.0, 0.9206590959429741, 0.07934090405702587]
[0.0, 0.8951870600879193, 0.10481293991208074]
[0.0, 0.78324886277318, 0.21675113722682005]
[0.0, 0.8719560709595681, 0.12804392904043194]
[0.0, 0.6758659065514803, 0.32413409344851973]
[0.0, 0.9008475917577744, 0.0991524082422256]
[0.0, 0.8176910729706287, 0.1823089270293713]
[0.0, 0.8745265579223633, 0.12547344207763667]
[0.0, 0.898442659676075, 0.10155734032392505]
[0.0, 0.9081001424789429, 0.09189985752105712]
[0.0, 0.8958707737922669, 0.10412922620773313]
[0.0, 0.824581342190504, 0.17541865780949595]
[0.0, 0.8686208647489547, 0.13137913525104528]
[0.0, 0.7982269138097763, 0.20177308619022372]
[0.0, 0.8085862506926059, 0.19141374930739408]
[0.0, 0.7681726411730051, 0.2318273588269949]
[0.0, 0.7641976778954267, 0.2358023221045733]
[0.0, 0.8643113496899605, 0.13568865031003952]
[0.0, 0.7637121249735356, 0.23628787502646442]
[0.0, 0.8456127336621284, 0.1543872663378716]
[0.0, 0.7397594562917947, 0.26024054370820526]
[0.0, 0.7185024324059487, 0.2814975675940513]
[0.0, 0.7884952881932259, 0.2115047118067741]
[0.0, 0.8540911702811718, 0.14590882971882824]
[0.0, 0.7452463355660438, 0.2547536644339562]
[0.0, 0.7714798367023468, 0.22852016329765323]
[0.0, 0.7600359158962965, 0.2399640841037035]
[0.0, 0.8462239541113377, 0.15377604588866234]
[0.0, 0.8351579569280148, 0.16484204307198524]
[0.0, 0.814166820794344, 0.185833179205656]
[0.0, 0.8063558904826641, 0.1936441095173359]
[0.0, 0.7391830345988274, 0.2608169654011726]
[0.0, 0.7492607846111059, 0.2507392153888941]
[0.0, 0.6895331892371178, 0.3104668107628822]
[0.0, 0.8404108552634716, 0.1595891447365284]
[0.0, 0.8405945743620395, 0.15940542563796045]
[0.0, 0.8620434318482876, 0.13795656815171242]
[0.0, 0.8435203509032726, 0.1564796490967274]
[0.0, 0.893891707956791, 0.10610829204320904]
[0.0, 0.8434167061746121, 0.15658329382538794]
[0.0, 0.8838662472367287, 0.11613375276327131]
[0.0, 0.8202388441935181, 0.1797611558064819]
[0.0, 0.8430793172121048, 0.15692068278789517]
[0.0, 0.8267059773206711, 0.17329402267932892]
[0.0, 0.8420931355655193, 0.15790686443448065]
[0.0, 0.8234336723387241, 0.1765663276612759]
[0.0, 0.831068509221077, 0.168931490778923]
[0.0, 0.7724011778831482, 0.22759882211685178]
[0.0, 0.7210147188603878, 0.2789852811396122]
[0.0, 0.8757503549754619, 0.12424964502453806]
[0.0, 0.8565087893605232, 0.14349121063947679]
[0.0, 0.7845799535512924, 0.2154200464487076]
[0.0, 0.7597876693680883, 0.24021233063191172]
[0.0, 0.8322236240655184, 0.16777637593448158]
[0.0, 0.7950061744451523, 0.2049938255548477]
[0.0, 0.7864952933043241, 0.2135047066956759]
[0.0, 0.8903647565841675, 0.10963524341583253]
[0.0, 0.7620043353736401, 0.2379956646263599]
[0.0, 0.8462230909615756, 0.15377690903842445]
[0.0, 0.86575907766819, 0.13424092233180995]
[0.0, 0.9023554736375808, 0.09764452636241916]
[0.0, 0.8323442381620407, 0.16765576183795927]
[0.0, 0.7673336448520423, 0.23266635514795775]
[0.0, 0.8143229655921459, 0.1856770344078541]
[0.0, 0.6309759028255939, 0.3690240971744061]
[0.0, 0.8559125390648842, 0.14408746093511582]
[0.0, 0.8895467233657837, 0.11045327663421634]
[0.0, 0.8352973294258118, 0.1647026705741882]
[0.0, 0.9277315831184387, 0.07226841688156127]
[0.0, 0.7813853401690721, 0.21861465983092787]
[0.0, 0.7801711454242468, 0.21982885457575319]
[0.0, 0.8960216903686523, 0.10397830963134769]
[0.0, 0.888327544927597, 0.11167245507240298]
[0.0, 0.8000825268775225, 0.19991747312247754]
[0.0, 0.7274061549268663, 0.27259384507313367]
[0.0, 0.8093572707474231, 0.19064272925257686]
[0.0, 0.872591615319252, 0.127408384680748]
[0.0, 0.9075427269935608, 0.09245727300643924]
[0.0, 0.8565039789676666, 0.1434960210323334]
[0.0, 0.8686504387855529, 0.13134956121444707]
[0.0, 0.872375662960112, 0.12762433703988796]
[0.0, 0.8224229986965657, 0.17757700130343435]
[0.0, 0.8915186494588851, 0.10848135054111485]
[0.0, 0.9114001408219338, 0.08859985917806623]
[0.0, 0.8172363034635782, 0.18276369653642177]
[0.0, 0.8689184394478798, 0.13108156055212017]
[0.0, 0.8098714223504067, 0.19012857764959334]
[0.0, 0.8067209696769715, 0.1932790303230285]
[0.0, 0.8550539195537568, 0.14494608044624324]
[0.0, 0.8729816690087319, 0.12701833099126814]
[0.0, 0.9319393175840378, 0.06806068241596219]
[0.0, 0.9259603959321976, 0.07403960406780241]
[0.0, 0.9028533855080605, 0.09714661449193951]
[0.0, 0.724782739058137, 0.27521726094186305]
[0.0, 0.8095167250931263, 0.19048327490687367]
[0.0, 0.898643278889358, 0.10135672111064198]
[0.0, 0.8769183760881424, 0.12308162391185762]
[0.0, 0.9056912210583686, 0.09430877894163137]
[0.0, 0.8539666333794593, 0.14603336662054067]
[0.0, 0.9222362789511681, 0.07776372104883189]
[0.0, 0.8999636045098305, 0.10003639549016952]
[0.0, 0.9390667754411698, 0.06093322455883021]
[0.0, 0.9620375439524651, 0.0379624560475349]
[0.0, 0.9612288445234298, 0.038771155476570174]
[0.0, 0.8680556216835975, 0.1319443783164025]
[0.0, 0.9080711361765862, 0.09192886382341381]
[0.0, 0.8827193808555603, 0.11728061914443966]
[1.0, 0.22050536736845971, 0.7794946326315403]
[1.0, 0.06271988302469253, 0.9372801169753074]
[1.0, 0.07360307002440095, 0.9263969299755991]
[1.0, 0.06380892366170883, 0.9361910763382911]
[1.0, 0.05629465643316507, 0.9437053435668349]
[1.0, 0.02562579935416579, 0.9743742006458342]
[1.0, 0.04403214873746038, 0.9559678512625396]
[1.0, 0.03566261399537325, 0.9643373860046267]
[1.0, 0.0646722207032144, 0.9353277792967856]
[1.0, 0.16293464602902533, 0.8370653539709747]
[1.0, 0.06672801217064261, 0.9332719878293574]
[1.0, 0.06902119986712933, 0.9309788001328707]
[1.0, 0.06752163153141737, 0.9324783684685827]
[1.0, 0.053459492679685354, 0.9465405073203147]
[1.0, 0.0742530925013125, 0.9257469074986875]
[1.0, 0.13083340227603912, 0.8691665977239609]
[1.0, 0.03950959661975503, 0.9604904033802449]
[1.0, 0.0474052252061665, 0.9525947747938335]
[1.0, 0.031290825176984075, 0.9687091748230159]
[1.0, 0.13725332092493772, 0.8627466790750623]
[1.0, 0.06901843160390854, 0.9309815683960915]
[1.0, 0.17400719489902258, 0.8259928051009774]
[1.0, 0.13233756236732006, 0.8676624376326799]
[1.0, 0.19158994272351265, 0.8084100572764874]
[1.0, 0.1796425034850836, 0.8203574965149164]
[1.0, 0.1903742255270481, 0.8096257744729519]
[1.0, 0.20213135682046413, 0.7978686431795359]
[1.0, 0.10467208161950112, 0.8953279183804989]
[1.0, 0.14971551731228827, 0.8502844826877117]
[1.0, 0.13481036033481358, 0.8651896396651864]
[1.0, 0.12729331076145173, 0.8727066892385482]
[1.0, 0.07437508057802916, 0.9256249194219708]
[1.0, 0.21639036305248738, 0.7836096369475126]
[1.0, 0.39378164056688547, 0.6062183594331145]
[1.0, 0.15481216080486773, 0.8451878391951323]
[1.0, 0.1508822502940893, 0.8491177497059107]
[1.0, 0.16232610441744327, 0.8376738955825567]
[1.0, 0.13412539027631282, 0.8658746097236871]
[1.0, 0.25602165166288615, 0.7439783483371138]
[1.0, 0.23339947547763587, 0.7666005245223642]
[1.0, 0.16412183888256549, 0.8358781611174345]
[1.0, 0.38562361359596253, 0.6143763864040375]
[1.0, 0.37921071380376814, 0.6207892861962319]
[1.0, 0.20125835977494716, 0.7987416402250529]
[1.0, 0.18206940680742265, 0.8179305931925773]
[1.0, 0.27180916488170626, 0.7281908351182937]
[1.0, 0.27888230606913567, 0.7211176939308643]
[1.0, 0.15895117282867433, 0.8410488271713257]
[1.0, 0.3790148432925344, 0.6209851567074656]
[1.0, 0.3202942540869117, 0.6797057459130883]
[1.0, 0.3577664004266262, 0.6422335995733738]
[1.0, 0.2139491220936179, 0.7860508779063821]
[1.0, 0.2144146202132106, 0.7855853797867894]
[1.0, 0.3619693087786436, 0.6380306912213565]
[1.0, 0.32872758962213994, 0.67127241037786]
[1.0, 0.2922181777656078, 0.7077818222343921]
[1.0, 0.15300786662846805, 0.846992133371532]
[1.0, 0.08865668550133705, 0.9113433144986629]
[1.0, 0.10805051013827324, 0.8919494898617267]
[1.0, 0.1634610486216843, 0.8365389513783157]
[1.0, 0.09463123543187976, 0.9053687645681202]
[1.0, 0.1224016316793859, 0.8775983683206141]
[1.0, 0.3235345424711704, 0.6764654575288296]
[1.0, 0.2796408573165536, 0.7203591426834464]
[1.0, 0.34313480138778685, 0.6568651986122132]
[1.0, 0.25212376162409783, 0.7478762383759021]
[1.0, 0.21027010234072804, 0.7897298976592719]
[1.0, 0.2752144181728363, 0.7247855818271637]
[1.0, 0.24659663716331123, 0.7534033628366887]
[1.0, 0.08868860557675362, 0.9113113944232464]
[1.0, 0.14070070300251244, 0.8592992969974875]
[1.0, 0.2844252789765596, 0.7155747210234404]
[1.0, 0.19844260700047017, 0.8015573929995299]
[1.0, 0.23316115222871303, 0.766838847771287]
[1.0, 0.14077016608789564, 0.8592298339121044]
[1.0, 0.2526969002187252, 0.7473030997812748]
[1.0, 0.3601156398653984, 0.6398843601346016]
[1.0, 0.2975576213374734, 0.7024423786625267]
[1.0, 0.23881730739027263, 0.7611826926097274]
[1.0, 0.2293803289718926, 0.7706196710281075]
[1.0, 0.25208952106535437, 0.7479104789346456]
[1.0, 0.19092877388000487, 0.8090712261199952]
[1.0, 0.17070264101028443, 0.8292973589897156]
[1.0, 0.10178644612431526, 0.8982135538756848]
[1.0, 0.11374188024550676, 0.8862581197544932]
[1.0, 0.09516934301704168, 0.9048306569829583]
[1.0, 0.18522846341133117, 0.8147715365886689]
[1.0, 0.14627131327986717, 0.8537286867201328]
[1.0, 0.10993925869464874, 0.8900607413053513]
[1.0, 0.10071905106306075, 0.8992809489369392]
[1.0, 0.3799154809117317, 0.6200845190882682]
[1.0, 0.08829825289547444, 0.9117017471045256]
[1.0, 0.22383557636290788, 0.7761644236370921]
[1.0, 0.24049170851707458, 0.7595082914829254]
[1.0, 0.15023034512996675, 0.8497696548700333]
[1.0, 0.19515815652906895, 0.804841843470931]
[1.0, 0.17079956639558078, 0.8292004336044192]
[0.0, 0.9468111631274223, 0.053188836872577694]
[0.0, 0.9847839522361755, 0.015216047763824458]
[0.0, 0.9847839522361755, 0.015216047763824458]
[0.0, 0.9709641349315643, 0.029035865068435696]
[0.0, 0.9745641720294952, 0.02543582797050481]
[0.0, 0.9701261901855469, 0.02987380981445309]
[0.0, 0.9664349335432053, 0.03356506645679469]
[0.0, 0.9859927433729172, 0.014007256627082798]
[0.0, 0.9790171456336975, 0.02098285436630254]
[0.0, 0.9842397344112396, 0.015760265588760425]
[0.0, 0.9842397344112396, 0.015760265588760425]
[0.0, 0.94719651684165, 0.05280348315835004]
[0.0, 0.9326235124468804, 0.06737648755311965]
[0.0, 0.8562788003683091, 0.14372119963169094]
[0.0, 0.7366280245780945, 0.2633719754219055]
[0.0, 0.857111097574234, 0.14288890242576602]
[0.0, 0.8734680077433586, 0.12653199225664136]
[0.0, 0.8722125840187073, 0.12778741598129273]
[0.0, 0.9140247184038163, 0.08597528159618373]
[0.0, 0.8909742227196693, 0.1090257772803307]
[0.0, 0.8163109984993935, 0.18368900150060652]
[0.0, 0.9257523947954178, 0.07424760520458218]
[0.0, 0.8376262992620468, 0.1623737007379532]
[0.0, 0.8337166905403137, 0.16628330945968628]
[0.0, 0.8644428569078445, 0.1355571430921555]
[0.0, 0.842573062479496, 0.15742693752050396]
[0.0, 0.785111412703991, 0.21488858729600901]
[0.0, 0.8523732651770115, 0.1476267348229885]
[0.0, 0.91863818526268, 0.08136181473731996]
[0.0, 0.9209557712078095, 0.07904422879219053]
[0.0, 0.9227447873353958, 0.07725521266460422]
[0.0, 0.9314113450050354, 0.06858865499496458]
[0.0, 0.9155824598670006, 0.0844175401329994]
[0.0, 0.8794391456246377, 0.12056085437536235]
[0.0, 0.785643495619297, 0.21435650438070297]
[0.0, 0.9274909403920174, 0.0725090596079826]
[0.0, 0.8639863957464695, 0.13601360425353048]
[0.0, 0.9062151965498925, 0.09378480345010753]
[0.0, 0.8743844994902611, 0.1256155005097389]
[0.0, 0.7559797838330269, 0.24402021616697311]
[0.0, 0.8171516653895378, 0.18284833461046224]
[0.0, 0.7992691838741303, 0.20073081612586974]
[0.0, 0.7186363546550274, 0.2813636453449726]
[0.0, 0.8241719557344913, 0.1758280442655087]
[0.0, 0.8377459469437599, 0.16225405305624008]
[0.0, 0.9055225704610348, 0.09447742953896521]
[0.0, 0.8672370186448097, 0.13276298135519027]
[0.0, 0.9186999452114105, 0.08130005478858948]
[0.0, 0.8736924467980862, 0.12630755320191378]
[0.0, 0.9067922486364841, 0.09320775136351589]
[0.0, 0.8316223682463169, 0.16837763175368314]
[0.0, 0.838083217293024, 0.16191678270697596]
[0.0, 0.8738210135698319, 0.12617898643016812]
[0.0, 0.8287731973826885, 0.1712268026173115]
[0.0, 0.7714656165242195, 0.22853438347578048]
[0.0, 0.8650827545672655, 0.13491724543273453]
[0.0, 0.7675046223402023, 0.23249537765979766]
[0.0, 0.8957440102100372, 0.10425598978996276]
[0.0, 0.8629256904125213, 0.13707430958747868]
[0.0, 0.8847350066900254, 0.11526499330997464]
[0.0, 0.8983712741732597, 0.10162872582674032]
[0.0, 0.8131184095144272, 0.18688159048557285]
[0.0, 0.9554190656542778, 0.04458093434572219]
[0.0, 0.9030598689801991, 0.09694013101980092]
[0.0, 0.7500953351333738, 0.2499046648666262]
[0.0, 0.6649237594380975, 0.33507624056190255]
[0.0, 0.7205075815320015, 0.27949241846799855]
[0.0, 0.8007167747616768, 0.1992832252383232]
[0.0, 0.7961300875246525, 0.20386991247534747]
[0.0, 0.8272402480244636, 0.1727597519755364]
[0.0, 0.8692443007230759, 0.1307556992769241]
[0.0, 0.898379064798355, 0.10162093520164495]
[0.0, 0.8828410559892654, 0.11715894401073457]
[0.0, 0.7195182190090418, 0.2804817809909582]
[0.0, 0.6501669136155397, 0.3498330863844603]
[0.0, 0.8524011362344026, 0.1475988637655974]
[0.0, 0.8571106016635894, 0.14288939833641057]
[0.0, 0.8810456573963166, 0.11895434260368343]
[0.0, 0.8241239647567272, 0.17587603524327278]
[0.0, 0.7917900089919567, 0.20820999100804327]
[0.0, 0.8413266181945801, 0.1586733818054199]
[0.0, 0.8093147850036622, 0.19068521499633784]
[0.0, 0.7797716262936593, 0.22022837370634074]
[0.0, 0.8809124490618706, 0.1190875509381294]
[0.0, 0.9129832789301873, 0.08701672106981273]
[0.0, 0.8606550768017769, 0.13934492319822311]
[0.0, 0.7567973629385233, 0.2432026370614767]
[0.0, 0.8211405783891678, 0.17885942161083224]
[0.0, 0.785005661547184, 0.21499433845281601]
[0.0, 0.7060636518895627, 0.29393634811043734]
[0.0, 0.574633262231946, 0.425366737768054]
[0.0, 0.6112953775376081, 0.3887046224623919]
[0.0, 0.6427876536920667, 0.3572123463079333]
[0.0, 0.7275769707560539, 0.2724230292439461]
[0.0, 0.7635499107837677, 0.23645008921623234]
[0.0, 0.7983431517332792, 0.2016568482667208]
[0.0, 0.8167346368730068, 0.18326536312699315]
[0.0, 0.5867443352937698, 0.4132556647062302]
[0.0, 0.6300149683468044, 0.36998503165319563]
[0.0, 0.8825628335773945, 0.11743716642260549]
[0.0, 0.9496060901880264, 0.05039390981197356]
[0.0, 0.9365251737833024, 0.06347482621669764]
[0.0, 0.9665251737833023, 0.03347482621669773]
[0.0, 0.7034501251578331, 0.2965498748421669]
[1.0, 0.15703994587063788, 0.8429600541293621]
[1.0, 0.1359410361945629, 0.8640589638054371]
[1.0, 0.11453151404857635, 0.8854684859514237]
[1.0, 0.09762778371572495, 0.9023722162842751]
[1.0, 0.09465698815882206, 0.9053430118411779]
[1.0, 0.09413227684795857, 0.9058677231520414]
[1.0, 0.05687295913696289, 0.9431270408630371]
[1.0, 0.19508097128942609, 0.8049190287105739]
[1.0, 0.10890489615499974, 0.8910951038450002]
[1.0, 0.16006594426929951, 0.8399340557307005]
[1.0, 0.0983413490653038, 0.9016586509346962]
[1.0, 0.1405126779526472, 0.8594873220473528]
[1.0, 0.14776068343780935, 0.8522393165621907]
[1.0, 0.15106793973594904, 0.848932060264051]
[1.0, 0.13747225055471063, 0.8625277494452894]
[1.0, 0.07980123130604624, 0.9201987686939538]
[1.0, 0.13714386977255344, 0.8628561302274466]
[1.0, 0.13021375715732575, 0.8697862428426743]
[1.0, 0.15926422653719782, 0.8407357734628021]
[1.0, 0.06594377823174, 0.93405622176826]
[1.0, 0.13175033831968905, 0.8682496616803109]
[1.0, 0.18803588919341563, 0.8119641108065844]
[1.0, 0.314111917540431, 0.685888082459569]
[1.0, 0.19093743490055204, 0.809062565099448]
[1.0, 0.24031354196369648, 0.7596864580363035]
[1.0, 0.26569108705967664, 0.7343089129403233]
[1.0, 0.16253055490553378, 0.8374694450944662]
[1.0, 0.22852975368499756, 0.7714702463150025]
[1.0, 0.1494757935218513, 0.8505242064781486]
[1.0, 0.28331034176051617, 0.7166896582394838]
[1.0, 0.2006001651659608, 0.7993998348340392]
[1.0, 0.15757690746337175, 0.8424230925366283]
[1.0, 0.17466841895133256, 0.8253315810486674]
[1.0, 0.19520298175513745, 0.8047970182448625]
[1.0, 0.243951379917562, 0.756048620082438]
[1.0, 0.19048597678542137, 0.8095140232145787]
[1.0, 0.1233714652620256, 0.8766285347379744]
[1.0, 0.20410588882863523, 0.7958941111713648]
[1.0, 0.15197009779512882, 0.8480299022048712]
[1.0, 0.24192309349775315, 0.7580769065022468]
[1.0, 0.16287325330078603, 0.8371267466992139]
[1.0, 0.16154845686629415, 0.8384515431337058]
[1.0, 0.3001358496770263, 0.6998641503229737]
[1.0, 0.22144222139380873, 0.7785577786061912]
[1.0, 0.11805212493985891, 0.881947875060141]
[1.0, 0.16316547577269375, 0.8368345242273063]
[1.0, 0.1230720681603998, 0.8769279318396002]
[1.0, 0.07223960771225393, 0.9277603922877461]
[1.0, 0.25611945897340777, 0.7438805410265923]
[1.0, 0.16018051309511067, 0.8398194869048894]
[1.0, 0.1018826792575419, 0.8981173207424581]
[1.0, 0.12813635404221713, 0.8718636459577829]
[1.0, 0.14172636792063714, 0.8582736320793629]
[1.0, 0.09930463191121816, 0.9006953680887818]
[1.0, 0.20338347353041172, 0.7966165264695882]
[1.0, 0.12300327457487584, 0.8769967254251242]
[1.0, 0.12844807513058185, 0.8715519248694181]
[1.0, 0.14377483896911145, 0.8562251610308885]
[1.0, 0.19009780223481357, 0.8099021977651865]
[1.0, 0.11445121955126523, 0.8855487804487348]
[1.0, 0.16230985251255334, 0.8376901474874466]
[1.0, 0.1876707748323679, 0.8123292251676321]
[1.0, 0.18741940774023533, 0.8125805922597646]
[1.0, 0.2137214243132621, 0.7862785756867379]
[1.0, 0.2218305976688862, 0.7781694023311139]
[1.0, 0.12694395028054714, 0.8730560497194528]
[1.0, 0.08904873140156269, 0.9109512685984373]
[1.0, 0.14047657737508415, 0.8595234226249159]
[1.0, 0.13752358908765017, 0.8624764109123498]
[1.0, 0.3541620083898306, 0.6458379916101694]
[1.0, 0.12061352651566266, 0.8793864734843373]
[1.0, 0.1872509872633964, 0.8127490127366036]
[1.0, 0.11199184917844832, 0.8880081508215517]
[1.0, 0.19069609734229742, 0.8093039026577026]
[1.0, 0.11716091823764145, 0.8828390817623586]
[1.0, 0.0892128381691873, 0.9107871618308127]
[1.0, 0.19682866083458067, 0.8031713391654194]
[1.0, 0.09230761931277812, 0.9076923806872219]
[1.0, 0.12691467079333962, 0.8730853292066604]
[1.0, 0.09706014664843679, 0.9029398533515632]
[1.0, 0.08375284016132355, 0.9162471598386764]
[1.0, 0.10692449692636728, 0.8930755030736327]
[1.0, 0.09793448321521282, 0.9020655167847872]
[1.0, 0.11964202594943345, 0.8803579740505666]
[1.0, 0.3190553173422813, 0.6809446826577187]
[1.0, 0.19070162754505873, 0.8092983724549413]
[1.0, 0.2182319382019341, 0.7817680617980659]
[1.0, 0.455147777274251, 0.5448522227257491]
[1.0, 0.3678079253435135, 0.6321920746564865]
[1.0, 0.16190333859063685, 0.8380966614093631]
[1.0, 0.2509082014858723, 0.7490917985141277]
[1.0, 0.2321492581628263, 0.7678507418371737]
[1.0, 0.4447074357792735, 0.5552925642207265]
[1.0, 0.3750885645672679, 0.6249114354327321]
[1.0, 0.17832345724105836, 0.8216765427589416]
[1.0, 0.4237942934408784, 0.5762057065591216]
[1.0, 0.4024036221206188, 0.5975963778793811]
[1.0, 0.3411106676235795, 0.6588893323764204]
[1.0, 0.2772270571067929, 0.722772942893207]
[1.0, 0.44586567625403406, 0.5541343237459659]
[1.0, 0.33358578640967607, 0.6664142135903239]
[1.0, 0.2245793816074729, 0.7754206183925271]
[1.0, 0.3033541566133499, 0.69664584338665]
[1.0, 0.11409103384241462, 0.8859089661575854]
[1.0, 0.17489853469654917, 0.8251014653034509]
[1.0, 0.3137708521261811, 0.686229147873819]
[1.0, 0.21150002758949996, 0.7884999724105001]
[1.0, 0.36533894449472426, 0.6346610555052757]
[1.0, 0.3417192232608795, 0.6582807767391206]
[1.0, 0.2930880011804402, 0.7069119988195598]
[1.0, 0.18699899550527335, 0.8130010044947267]
[1.0, 0.12897199613042176, 0.8710280038695782]
[1.0, 0.13827554820105434, 0.8617244517989456]
[1.0, 0.17361941784620286, 0.8263805821537972]
[1.0, 0.17341613255441188, 0.8265838674455881]
[1.0, 0.14791502574458718, 0.8520849742554129]
[1.0, 0.1763069649040699, 0.8236930350959301]
[1.0, 0.17718157716095448, 0.8228184228390455]
[1.0, 0.19143844302743673, 0.8085615569725633]
[1.0, 0.3204797548055649, 0.6795202451944351]
[1.0, 0.3685440900549293, 0.6314559099450707]
[1.0, 0.1789740803092718, 0.8210259196907281]
[1.0, 0.20844893051311375, 0.7915510694868862]
[1.0, 0.24422459721565246, 0.7557754027843475]
[1.0, 0.13386002015322446, 0.8661399798467755]
[1.0, 0.1305182944610715, 0.8694817055389286]
[1.0, 0.2341845650970936, 0.7658154349029064]
[1.0, 0.11195219989866018, 0.8880478001013399]
[1.0, 0.45103644378483293, 0.5489635562151671]
[1.0, 0.16302187621593475, 0.8369781237840652]
[1.0, 0.09273595284670591, 0.9072640471532941]
[1.0, 0.32419784657657147, 0.6758021534234285]
[1.0, 0.08929242057725788, 0.9107075794227422]
[1.0, 0.13668473090976477, 0.8633152690902353]
[1.0, 0.19976355399936438, 0.8002364460006356]
[1.0, 0.15562864664942025, 0.8443713533505798]
[1.0, 0.11130506562069059, 0.8886949343793094]
[1.0, 0.1391797549650073, 0.8608202450349927]
[1.0, 0.14052196264266967, 0.8594780373573303]
[1.0, 0.1027236638404429, 0.897276336159557]
[1.0, 0.1411672218516469, 0.8588327781483531]
[1.0, 0.1428248295839876, 0.8571751704160124]
[1.0, 0.1757587654143572, 0.8242412345856428]
[1.0, 0.09677769883535803, 0.903222301164642]
[1.0, 0.09002803578041493, 0.909971964219585]
[1.0, 0.11575443038716912, 0.8842455696128309]
[1.0, 0.1335549665801227, 0.8664450334198773]
[1.0, 0.1256932315416634, 0.8743067684583365]
[1.0, 0.32794005136936905, 0.6720599486306309]
[1.0, 0.1707612781971693, 0.8292387218028308]
[1.0, 0.1285202694311738, 0.8714797305688262]
[1.0, 0.13307476033456622, 0.8669252396654338]
[1.0, 0.16346159933134913, 0.8365384006686509]
[1.0, 0.18786708991974593, 0.8121329100802541]
[1.0, 0.12486277371644974, 0.8751372262835503]
[1.0, 0.2836021891236305, 0.7163978108763696]
[1.0, 0.11177045948803425, 0.8882295405119658]
[1.0, 0.24653219770640133, 0.7534678022935987]
[1.0, 0.13293445717543365, 0.8670655428245664]
[1.0, 0.07761217305436731, 0.9223878269456327]
[1.0, 0.19834641844034195, 0.801653581559658]
[1.0, 0.17002557564526796, 0.829974424354732]
[1.0, 0.07804122967645526, 0.9219587703235448]
[1.0, 0.07630532003939151, 0.9236946799606085]
[1.0, 0.10944466151297093, 0.8905553384870291]
[1.0, 0.11260880545713008, 0.88739119454287]
[1.0, 0.3631095807254314, 0.6368904192745686]
[1.0, 0.22226850740611553, 0.7777314925938845]
[1.0, 0.20993652038276195, 0.7900634796172381]
[1.0, 0.10590493448078632, 0.8940950655192137]
[1.0, 0.0675260519143194, 0.9324739480856806]
[1.0, 0.19742134548723697, 0.802578654512763]
[1.0, 0.0695211080275476, 0.9304788919724524]
[1.0, 0.1435102314502001, 0.8564897685497999]
[1.0, 0.20166046515107156, 0.7983395348489284]
[1.0, 0.3235833242163062, 0.6764166757836938]
[1.0, 0.16939367262646557, 0.8306063273735345]
[1.0, 0.26360945953056214, 0.7363905404694379]
[1.0, 0.2265560225956142, 0.7734439774043858]
[1.0, 0.2760897804796696, 0.7239102195203304]
[1.0, 0.14979490004479884, 0.8502050999552011]
[1.0, 0.4135408546030521, 0.5864591453969479]
[1.0, 0.1499280988704413, 0.8500719011295587]
[1.0, 0.2242974111996591, 0.7757025888003409]
[1.0, 0.1890884082019329, 0.8109115917980672]
[1.0, 0.30074208056554197, 0.699257919434458]
[1.0, 0.15906134439632297, 0.8409386556036771]
[1.0, 0.13713302773423494, 0.862866972265765]
[1.0, 0.30995293777436017, 0.6900470622256398]
[1.0, 0.3546355403959751, 0.6453644596040249]
[1.0, 0.3494750996120274, 0.6505249003879726]
[1.0, 0.20436639657244085, 0.7956336034275592]
[1.0, 0.38171514140442014, 0.6182848585955798]
[1.0, 0.28020354330539704, 0.7197964566946029]
[1.0, 0.2263621876947582, 0.7736378123052419]
[1.0, 0.3057355801947415, 0.6942644198052585]
[1.0, 0.24428016090765595, 0.7557198390923441]
[1.0, 0.34100343983620407, 0.6589965601637959]
[1.0, 0.1916132328659296, 0.8083867671340704]
[1.0, 0.15340772032737732, 0.8465922796726226]
[1.0, 0.2985119573958218, 0.7014880426041782]
[1.0, 0.19136203618720174, 0.8086379638127983]
[1.0, 0.25560453176498416, 0.7443954682350158]
[1.0, 0.15938362138345838, 0.8406163786165416]
[1.0, 0.36464803215116265, 0.6353519678488373]
[1.0, 0.11568124602548778, 0.8843187539745122]
[1.0, 0.23076547514647244, 0.7692345248535275]
[1.0, 0.30881463529542086, 0.6911853647045791]
[1.0, 0.19835967699065804, 0.801640323009342]
[1.0, 0.25273346500471233, 0.7472665349952876]
[1.0, 0.13404589289799332, 0.8659541071020067]
[1.0, 0.11391425210982561, 0.8860857478901744]
[1.0, 0.12596378101035952, 0.8740362189896405]
[1.0, 0.1327985344827175, 0.8672014655172825]
[1.0, 0.30345183834433553, 0.6965481616556645]
[1.0, 0.20848004577681423, 0.7915199542231858]
[1.0, 0.23398664347827436, 0.7660133565217256]
[1.0, 0.18413511164486407, 0.8158648883551359]
[1.0, 0.1465398790128529, 0.8534601209871471]
[1.0, 0.11599703661166132, 0.8840029633883387]
[1.0, 0.17666528422385455, 0.8233347157761455]
[1.0, 0.12310366975143552, 0.8768963302485645]
[1.0, 0.14226192448288202, 0.857738075517118]
[1.0, 0.09945700621232391, 0.9005429937876761]
[1.0, 0.24800028629601, 0.75199971370399]
[1.0, 0.12002117758616805, 0.879978822413832]
[1.0, 0.14088271386921405, 0.859117286130786]
[1.0, 0.12795927034690976, 0.8720407296530902]
[1.0, 0.287492104023695, 0.7125078959763049]
[1.0, 0.15717678503133356, 0.8428232149686664]
[1.0, 0.18322901532053948, 0.8167709846794605]
[1.0, 0.16600266352295875, 0.8339973364770412]
[1.0, 0.15254990527406334, 0.8474500947259367]
[1.0, 0.28566622763872146, 0.7143337723612786]
[1.0, 0.15053004071116446, 0.8494699592888355]
[1.0, 0.4082912731170654, 0.5917087268829346]
[1.0, 0.25588469425216315, 0.7441153057478369]
[1.0, 0.1784099706541747, 0.8215900293458254]
[1.0, 0.24148260682821274, 0.7585173931717872]
[1.0, 0.24345306642353534, 0.7565469335764646]
[1.0, 0.18207156242802738, 0.8179284375719726]
[1.0, 0.12964318079873918, 0.8703568192012608]
[1.0, 0.22409979082643985, 0.7759002091735602]
[1.0, 0.15496413853019475, 0.8450358614698052]
[1.0, 0.339379870519042, 0.6606201294809579]
[1.0, 0.4317917730286717, 0.5682082269713282]
[1.0, 0.14186384240165353, 0.8581361575983465]
[1.0, 0.546797052398324, 0.453202947601676]
[1.0, 0.20559168808162212, 0.7944083119183779]
[0.0, 0.5680742940306663, 0.43192570596933366]
[1.0, 0.24006222719326614, 0.7599377728067338]
[1.0, 0.25913109950721264, 0.7408689004927873]
[1.0, 0.24022670745849609, 0.7597732925415039]
[1.0, 0.3022215069830418, 0.6977784930169582]
[1.0, 0.13345299128443003, 0.86654700871557]
[1.0, 0.1639557407796383, 0.8360442592203617]
[1.0, 0.32231594108045103, 0.677684058919549]
[1.0, 0.1860594718903303, 0.8139405281096697]
[1.0, 0.12776453611440958, 0.8722354638855905]
[1.0, 0.2198867648653686, 0.7801132351346314]
[1.0, 0.1825693143159151, 0.817430685684085]
[1.0, 0.33647764056921003, 0.66352235943079]
[1.0, 0.20456726115196944, 0.7954327388480306]
[1.0, 0.33533463705331085, 0.6646653629466892]
[1.0, 0.1610511574149132, 0.8389488425850868]
[1.0, 0.23369952112436296, 0.766300478875637]
[1.0, 0.23776557098142803, 0.762234429018572]
[1.0, 0.10357688449323177, 0.8964231155067682]
[1.0, 0.09296424850821496, 0.9070357514917851]
[1.0, 0.19044989750720562, 0.8095501024927944]
[1.0, 0.12212080968543887, 0.8778791903145611]
[1.0, 0.13168210318312049, 0.8683178968168795]
[1.0, 0.12834981228224934, 0.8716501877177507]
[1.0, 0.1422684519737959, 0.8577315480262041]
[1.0, 0.0657485131919384, 0.9342514868080616]
[1.0, 0.16701675651594997, 0.8329832434840501]
[1.0, 0.07199007643386722, 0.9280099235661328]
[1.0, 0.15749085744842886, 0.8425091425515712]
[1.0, 0.14592535484582186, 0.8540746451541781]
[1.0, 0.1405102713033557, 0.8594897286966443]
[1.0, 0.14006775926798581, 0.8599322407320142]
[1.0, 0.20526855889707804, 0.7947314411029219]
[1.0, 0.1415836101770401, 0.8584163898229599]
[1.0, 0.25114529494196175, 0.7488547050580383]
[1.0, 0.25426064126193526, 0.7457393587380647]
[1.0, 0.14657364755868912, 0.8534263524413108]
[1.0, 0.34436019126325845, 0.6556398087367415]
[1.0, 0.33360561817884443, 0.6663943818211555]
[1.0, 0.39038822397589684, 0.6096117760241031]
[1.0, 0.439909842684865, 0.560090157315135]
[1.0, 0.26030147513374685, 0.7396985248662531]
[1.0, 0.23806030793115496, 0.761939692068845]
[1.0, 0.32468549996614454, 0.6753145000338554]
[1.0, 0.4505499182268977, 0.5494500817731023]
[1.0, 0.16111336868256332, 0.8388866313174367]
[1.0, 0.11001135131344199, 0.889988648686558]
[1.0, 0.2538143078237772, 0.7461856921762229]
[1.0, 0.21958371426910162, 0.7804162857308984]
[1.0, 0.26940969910472634, 0.7305903008952737]
[1.0, 0.27223134599626064, 0.7277686540037394]
[1.0, 0.1335064264573157, 0.8664935735426843]
[1.0, 0.19134717158973216, 0.8086528284102679]
[1.0, 0.2600081116706133, 0.7399918883293868]
[1.0, 0.21970176863484084, 0.7802982313651592]
[1.0, 0.43257896780967714, 0.5674210321903228]
[1.0, 0.35139691453427074, 0.6486030854657292]
[1.0, 0.22445279028266668, 0.7755472097173333]
[1.0, 0.4299362550675869, 0.5700637449324131]
[1.0, 0.10487375132739545, 0.8951262486726046]
[1.0, 0.39711270611733196, 0.602887293882668]
[1.0, 0.20901833539828657, 0.7909816646017134]
[1.0, 0.18943249851465224, 0.8105675014853477]
[1.0, 0.19752305440604687, 0.8024769455939531]
[1.0, 0.19203911017626524, 0.8079608898237347]
[1.0, 0.2025023254752159, 0.7974976745247842]
[1.0, 0.14387592565268278, 0.8561240743473172]
[1.0, 0.3152429370582104, 0.6847570629417896]
[1.0, 0.2336848671734333, 0.7663151328265667]
[1.0, 0.1709397602453828, 0.8290602397546172]
[1.0, 0.2946121320314705, 0.7053878679685295]
[1.0, 0.1463210916146636, 0.8536789083853364]
[1.0, 0.14302997978404164, 0.8569700202159584]
[1.0, 0.12249254886060953, 0.8775074511393904]
[1.0, 0.09409944793209434, 0.9059005520679057]
[1.0, 0.17247384313493966, 0.8275261568650604]
[1.0, 0.3181958615034819, 0.6818041384965181]
[1.0, 0.3008909499645233, 0.6991090500354766]
[1.0, 0.47988021951168774, 0.5201197804883122]
[1.0, 0.11349477456882597, 0.886505225431174]
[1.0, 0.16699635960161685, 0.8330036403983831]
[1.0, 0.16409943928942083, 0.8359005607105792]
[1.0, 0.22832849029451607, 0.7716715097054839]
[1.0, 0.13604537645354867, 0.8639546235464514]
[1.0, 0.2767919191904366, 0.7232080808095633]
[1.0, 0.3626210730522871, 0.6373789269477129]
[1.0, 0.20700080756098033, 0.7929991924390196]
[1.0, 0.10676071606576443, 0.8932392839342356]
[1.0, 0.16646725200116635, 0.8335327479988337]
[1.0, 0.24976710882037878, 0.7502328911796212]
[1.0, 0.20554629031568766, 0.7944537096843123]
[1.0, 0.17242124799638986, 0.8275787520036102]
[1.0, 0.21652862571179868, 0.7834713742882013]
[1.0, 0.2414303217828274, 0.7585696782171726]
[0.0, 0.8515707477927208, 0.1484292522072792]
[0.0, 0.8905925270915032, 0.10940747290849684]
[0.0, 0.9068113261461258, 0.0931886738538742]
[0.0, 0.9294274127483368, 0.07057258725166315]
[0.0, 0.9167933969199658, 0.08320660308003425]
[0.0, 0.8825086925923824, 0.1174913074076176]
[0.0, 0.849196519702673, 0.15080348029732704]
[0.0, 0.8902557328343391, 0.10974426716566088]
[0.0, 0.9259337395429611, 0.0740662604570389]
[0.0, 0.9162733298540116, 0.08372667014598845]
[0.0, 0.9277707147598266, 0.07222928524017336]
[0.0, 0.8914648367464543, 0.10853516325354573]
[0.0, 0.9353452235460281, 0.06465477645397188]
[0.0, 0.8972753250598907, 0.10272467494010928]
[0.0, 0.8680658718943596, 0.13193412810564042]
[0.0, 0.9030708962678909, 0.09692910373210906]
[0.0, 0.8835971926525236, 0.11640280734747643]
[0.0, 0.8627009431272745, 0.13729905687272548]
[0.0, 0.8150328671932221, 0.1849671328067779]
[0.0, 0.7998761922121048, 0.20012380778789518]
[0.0, 0.8010809534508735, 0.1989190465491265]
[0.0, 0.8749311257898807, 0.12506887421011925]
[0.0, 0.8593014741130173, 0.14069852588698273]
[0.0, 0.9368057256937027, 0.06319427430629732]
[0.0, 0.9392995846271515, 0.06070041537284854]
[0.0, 0.9220753628015518, 0.07792463719844822]
[0.0, 0.8937135756015777, 0.10628642439842229]
[0.0, 0.87402960896492, 0.12597039103508]
[0.0, 0.8471439610421657, 0.15285603895783428]
[0.0, 0.7947378240525722, 0.2052621759474278]
[0.0, 0.7530448400974273, 0.24695515990257266]
[0.0, 0.8635229912400245, 0.13647700875997548]
[0.0, 0.8684134978055954, 0.1315865021944046]
[0.0, 0.8759208223223687, 0.12407917767763132]
[0.0, 0.7110330756753683, 0.28896692432463167]
[0.0, 0.7529073590785265, 0.24709264092147354]
[0.0, 0.8107377701252699, 0.18926222987473007]
[0.0, 0.842360539585352, 0.15763946041464805]
[0.0, 0.8392004403471947, 0.16079955965280535]
[0.0, 0.8013709084689618, 0.19862909153103825]
[0.0, 0.8604154384881258, 0.13958456151187415]
[0.0, 0.8888162708282471, 0.1111837291717529]
[0.0, 0.7678175184130669, 0.2321824815869331]
[0.0, 0.8571267336606979, 0.14287326633930209]
[0.0, 0.8342042534053326, 0.16579574659466745]
[0.0, 0.6749168924242258, 0.3250831075757742]
[0.0, 0.8262844169139862, 0.17371558308601376]
[0.0, 0.7381063035130501, 0.26189369648694993]
[0.0, 0.6233199957292527, 0.3766800042707473]
[0.0, 0.7594193625450134, 0.2405806374549866]
[0.0, 0.7872451858595013, 0.21275481414049868]
[0.0, 0.7862865564972162, 0.21371344350278376]
[0.0, 0.8526646406948566, 0.1473353593051434]
[0.0, 0.6947776219248771, 0.30522237807512287]
[0.0, 0.861583125591278, 0.13841687440872197]
[0.0, 0.8787724107503891, 0.12122758924961086]
[0.0, 0.8457504469156265, 0.1542495530843735]
[0.0, 0.7989779371023178, 0.2010220628976822]
[0.0, 0.8171001452207566, 0.18289985477924342]
[0.0, 0.7968515384197236, 0.20314846158027644]
[0.0, 0.795909593552351, 0.20409040644764898]
[0.0, 0.9278688254952431, 0.07213117450475692]
[0.0, 0.8370175376534462, 0.16298246234655378]
[0.0, 0.7435034875571728, 0.25649651244282723]
[0.0, 0.8619778123497963, 0.1380221876502037]
[0.0, 0.8169855917990207, 0.18301440820097925]
[0.0, 0.7301249575987458, 0.26987504240125415]
[0.0, 0.8739712932705879, 0.12602870672941213]
[0.0, 0.8614847448468208, 0.1385152551531792]
[0.0, 0.8224613589048385, 0.1775386410951615]
[0.0, 0.845487336218357, 0.15451266378164297]
[0.0, 0.7973002517223358, 0.20269974827766424]
[0.0, 0.7419674023240804, 0.2580325976759196]
[0.0, 0.8959815126657485, 0.10401848733425145]
[0.0, 0.87420633867383, 0.12579366132616998]
[0.0, 0.8602073341608047, 0.13979266583919525]
[0.0, 0.8401379165053368, 0.15986208349466324]
[0.0, 0.8445031076669693, 0.15549689233303066]
[0.0, 0.7705766835436225, 0.22942331645637748]
[0.0, 0.8784042808413506, 0.12159571915864942]
[0.0, 0.791636670306325, 0.208363329693675]
[0.0, 0.8445559243112802, 0.15544407568871976]
[0.0, 0.8623106297850609, 0.1376893702149391]
[0.0, 0.8201184895634651, 0.17988151043653489]
[0.0, 0.7037331754714251, 0.2962668245285749]
[0.0, 0.797353933006525, 0.20264606699347498]
[0.0, 0.6468453765287996, 0.3531546234712004]
[0.0, 0.8242629688978195, 0.17573703110218053]
[0.0, 0.7897520507872104, 0.21024794921278955]
[0.0, 0.8778084546327591, 0.12219154536724086]
[0.0, 0.8040932212769986, 0.19590677872300144]
[0.0, 0.8689707618951797, 0.13102923810482026]
[0.0, 0.8595658567547798, 0.1404341432452202]
[0.0, 0.8150105148553848, 0.18498948514461522]
[0.0, 0.8431030398607254, 0.15689696013927457]
[0.0, 0.8763270622491837, 0.12367293775081634]
[0.0, 0.9050655740499497, 0.0949344259500503]
[0.0, 0.892189564704895, 0.10781043529510503]
[0.0, 0.8058812291175127, 0.1941187708824873]
[0.0, 0.8818056601285934, 0.1181943398714066]
[0.0, 0.6310002924967557, 0.3689997075032443]
[0.0, 0.7856180384755135, 0.21438196152448652]
[0.0, 0.6976454403810203, 0.3023545596189797]
[0.0, 0.782965576350689, 0.21703442364931103]
[0.0, 0.8030822489596904, 0.19691775104030962]
[0.0, 0.9088034528493881, 0.09119654715061187]
[0.0, 0.8150461097061634, 0.18495389029383658]
[0.0, 0.9050628998875618, 0.09493710011243817]
[0.0, 0.8635300642251968, 0.13646993577480315]
[0.0, 0.8573032003641129, 0.1426967996358871]
[0.0, 0.7862961653620004, 0.21370383463799958]
[0.0, 0.8744176119565964, 0.1255823880434036]
[0.0, 0.8020029236376286, 0.1979970763623714]
[0.0, 0.8776211823523045, 0.12237881764769554]
[0.0, 0.8895167338848115, 0.11048326611518855]
[0.0, 0.7837239120900631, 0.2162760879099369]
[0.0, 0.7468226893991232, 0.2531773106008768]
[0.0, 0.7404234687425196, 0.25957653125748037]
[0.0, 0.8496667642891407, 0.15033323571085933]
[0.0, 0.8012478011846542, 0.19875219881534578]
[0.0, 0.8024333855509758, 0.19756661444902424]
[0.0, 0.8479044127464295, 0.15209558725357053]
[0.0, 0.8865412294864654, 0.11345877051353459]
[0.0, 0.9437713581323623, 0.05622864186763765]
[0.0, 0.8993908986449242, 0.10060910135507584]
[0.0, 0.8885325467586518, 0.11146745324134821]
[0.0, 0.8444462990760804, 0.15555370092391962]
[0.0, 0.8444361618161201, 0.15556383818387987]
[0.0, 0.8926780492067337, 0.10732195079326634]
[0.0, 0.8747167548537255, 0.12528324514627454]
[0.0, 0.9231152568757534, 0.07688474312424665]
[0.0, 0.8327697306871414, 0.16723026931285856]
[0.0, 0.7777131840772927, 0.22228681592270727]
[0.0, 0.802129874639213, 0.19787012536078696]
[0.0, 0.7958844116702676, 0.20411558832973242]
[0.0, 0.7864515277743339, 0.21354847222566609]
[0.0, 0.7030953758396208, 0.2969046241603792]
[0.0, 0.7503980856016278, 0.2496019143983722]
[0.0, 0.8491793486475945, 0.15082065135240552]
[0.0, 0.784017126634717, 0.215982873365283]
[0.0, 0.8888152943924069, 0.11118470560759308]
[0.0, 0.815065303221345, 0.18493469677865504]
[0.0, 0.7752900782227516, 0.22470992177724836]
[0.0, 0.7978317874670029, 0.2021682125329971]
[0.0, 0.8280909042060375, 0.17190909579396252]
[0.0, 0.6489135962165892, 0.3510864037834108]
[0.0, 0.7199400545656681, 0.2800599454343319]
[0.0, 0.8066323605179787, 0.1933676394820213]
[0.0, 0.8176190499216318, 0.1823809500783682]
[0.0, 0.8106505382061004, 0.18934946179389955]
[0.0, 0.7281718577444554, 0.27182814225554464]
[0.0, 0.789469007924199, 0.21053099207580095]
[0.0, 0.708677109181881, 0.291322890818119]
[0.0, 0.7155360524356366, 0.28446394756436344]
[0.0, 0.8743335190415382, 0.12566648095846178]
[0.0, 0.6935405910015107, 0.30645940899848934]
[0.0, 0.7738698780536651, 0.22613012194633486]
[0.0, 0.7985135051608085, 0.20148649483919145]
[0.0, 0.7611056890338659, 0.23889431096613412]
[0.0, 0.7872208906710148, 0.21277910932898525]
[0.0, 0.7667208217084408, 0.2332791782915592]
[0.0, 0.8135127007961274, 0.18648729920387264]
[0.0, 0.6766782382875681, 0.3233217617124319]
[0.0, 0.7590623741596937, 0.2409376258403063]
[0.0, 0.7457732579112053, 0.2542267420887947]
[0.0, 0.7209089960157872, 0.2790910039842128]
[0.0, 0.6932598260045052, 0.3067401739954948]
[0.0, 0.6445875267777592, 0.3554124732222408]
[0.0, 0.8434289337694645, 0.15657106623053552]
[0.0, 0.6785834038257599, 0.3214165961742401]
[0.0, 0.7816661120951176, 0.2183338879048824]
[0.0, 0.8744841938838362, 0.12551580611616375]
[0.0, 0.8565510904788971, 0.1434489095211029]
[0.0, 0.9111862933635712, 0.08881370663642885]
[0.0, 0.8245838057249785, 0.17541619427502153]
[0.0, 0.8852726344764232, 0.11472736552357676]
[0.0, 0.8813835401833058, 0.11861645981669422]
[0.0, 0.8984540161490441, 0.10154598385095592]
[0.0, 0.9236356794834137, 0.07636432051658626]
[0.0, 0.799746822565794, 0.200253177434206]
[0.0, 0.8855656941235065, 0.1144343058764935]
[0.0, 0.8191798394918441, 0.18082016050815586]
[0.0, 0.8833142918348312, 0.11668570816516877]
[0.0, 0.9053706072270871, 0.09462939277291293]
[0.0, 0.9222926905751229, 0.07770730942487714]
[0.0, 0.9244736206531524, 0.07552637934684758]
[0.0, 0.9242825311422348, 0.0757174688577652]
[0.0, 0.9172227045893669, 0.08277729541063306]
[0.0, 0.8724683847278356, 0.1275316152721644]
[0.0, 0.8555810335278511, 0.1444189664721489]
[0.0, 0.9184269428253173, 0.08157305717468266]
[0.0, 0.8866489380598068, 0.11335106194019318]
[0.0, 0.8817636406421662, 0.11823635935783383]
[0.0, 0.8995107710361481, 0.10048922896385193]
[0.0, 0.8762031996995211, 0.1237968003004789]
[0.0, 0.873096734136343, 0.12690326586365697]
[0.0, 0.8573524990677833, 0.14264750093221668]
[0.0, 0.8128118054568767, 0.1871881945431233]
[0.0, 0.8538146591186524, 0.1461853408813476]
[0.0, 0.8531753006577492, 0.14682469934225084]
[0.0, 0.7560868245363236, 0.2439131754636764]
[0.0, 0.9110927259922028, 0.08890727400779719]
[0.0, 0.8986622288823127, 0.10133777111768727]
[0.0, 0.8525504402816295, 0.14744955971837048]
[0.0, 0.7349786102771759, 0.2650213897228241]
[0.0, 0.830196486711502, 0.16980351328849796]
[0.0, 0.7974325996637345, 0.20256740033626552]
[0.0, 0.8813400876522064, 0.1186599123477936]
[0.0, 0.8120259200781583, 0.18797407992184167]
[0.0, 0.8348167020082474, 0.16518329799175258]
[0.0, 0.8825806826353073, 0.11741931736469269]
[0.0, 0.8581319698691368, 0.14186803013086324]
[0.0, 0.8476933473348618, 0.1523066526651382]
[0.0, 0.9052224415540695, 0.0947775584459305]
[0.0, 0.8943497832119465, 0.10565021678805353]
[0.0, 0.896159193366766, 0.10384080663323403]
[0.0, 0.9312130792438984, 0.0687869207561016]
[0.0, 0.8945039513707161, 0.10549604862928386]
[0.0, 0.8847437137365342, 0.11525628626346585]
[0.0, 0.8125696010887623, 0.1874303989112377]
[0.0, 0.8583310726284981, 0.14166892737150194]
[0.0, 0.8324540063738823, 0.16754599362611766]
[0.0, 0.8359284797310829, 0.16407152026891714]
[0.0, 0.86548948854208, 0.13451051145792003]
[0.0, 0.8935835444927216, 0.1064164555072784]
[0.0, 0.8776100300252437, 0.12238996997475626]
[0.0, 0.8729600343108177, 0.1270399656891823]
[0.0, 0.9030409960448742, 0.0969590039551258]
[0.0, 0.8843963074684144, 0.11560369253158564]
[0.0, 0.8823364286124706, 0.11766357138752936]
[0.0, 0.9964448982477188, 0.0035551017522812423]
[0.0, 0.9972448980808258, 0.0027551019191741632]
[0.0, 0.9972448980808258, 0.0027551019191741632]
[0.0, 0.9972448980808258, 0.0027551019191741632]
[0.0, 0.9972448980808258, 0.0027551019191741632]
[0.0, 0.9972448980808258, 0.0027551019191741632]
[0.0, 0.9884213686734438, 0.011578631326556232]
[0.0, 0.9972448980808258, 0.0027551019191741632]
[0.0, 0.995333787202835, 0.004666212797164948]
[0.0, 0.995333787202835, 0.004666212797164948]
[0.0, 0.8054056680202484, 0.19459433197975162]
[0.0, 0.9234005661308765, 0.07659943386912349]
[0.0, 0.9296907398849725, 0.07030926011502747]
[0.0, 0.8449596807733178, 0.15504031922668216]
[0.0, 0.8870357471704483, 0.11296425282955169]
[0.0, 0.7858789429441094, 0.21412105705589057]
[0.0, 0.9115266931056977, 0.08847330689430233]
[0.0, 0.9022822557389736, 0.09771774426102642]
[0.0, 0.8862282672524452, 0.11377173274755481]
[0.0, 0.8921007107198239, 0.10789928928017611]
[0.0, 0.9307208320498467, 0.06927916795015332]
[0.0, 0.929960182607174, 0.07003981739282605]
[0.0, 0.9119934359192848, 0.08800656408071517]
[0.0, 0.9200319847464562, 0.0799680152535438]
[0.0, 0.9224869868159294, 0.07751301318407056]
[0.0, 0.939960182607174, 0.060039817392826045]
[0.0, 0.8938185448572039, 0.10618145514279609]
[0.0, 0.9427152845263481, 0.05728471547365188]
[0.0, 0.9189949229359626, 0.08100507706403737]
[0.0, 0.8330127216875554, 0.16698727831244464]
[0.0, 0.924748537838459, 0.075251462161541]
[0.0, 0.9234407994151116, 0.07655920058488841]
[0.0, 0.8688760349154472, 0.13112396508455282]
[0.0, 0.8178016123175621, 0.1821983876824379]
[0.0, 0.8868086636066437, 0.11319133639335632]
[0.0, 0.8926024496555328, 0.10739755034446719]
[0.0, 0.892419247329235, 0.10758075267076495]
[0.0, 0.8659133507311344, 0.1340866492688656]
[0.0, 0.9261842397600413, 0.07381576023995873]
[0.0, 0.8668463653326035, 0.1331536346673965]
[0.0, 0.8556745612621307, 0.1443254387378693]
[0.0, 0.8985937257111073, 0.1014062742888927]
[0.0, 0.904043260216713, 0.095956739783287]
[0.0, 0.9137835739552975, 0.08621642604470248]
[0.0, 0.889024778008461, 0.11097522199153897]
[0.0, 0.8233867064118385, 0.17661329358816147]
[0.0, 0.8633825115114451, 0.13661748848855493]
[0.0, 0.9188878086209297, 0.08111219137907033]
[0.0, 0.8151903352141381, 0.18480966478586192]
[0.0, 0.8141908401250839, 0.18580915987491609]
[0.0, 0.8228061843663454, 0.17719381563365455]
[0.0, 0.8620160070061683, 0.13798399299383168]
[0.0, 0.8625790840387344, 0.1374209159612656]
[0.0, 0.8563486632704734, 0.14365133672952657]
[0.0, 0.7935573058947921, 0.20644269410520788]
[0.0, 0.8690242454409599, 0.1309757545590401]
[0.0, 0.7988833355903625, 0.2011166644096375]
[0.0, 0.9535960730910301, 0.046403926908969884]
[0.0, 0.9484570443630218, 0.051542955636978194]
[0.0, 0.9303560051321983, 0.0696439948678017]
[0.0, 0.9253281432390214, 0.07467185676097865]
[0.0, 0.8839715608954429, 0.11602843910455707]
[0.0, 0.7549042053520679, 0.24509579464793207]
[1.0, 0.1268231251835823, 0.8731768748164177]
[1.0, 0.09778080508112907, 0.9022191949188709]
[1.0, 0.03652462631464005, 0.96347537368536]
[1.0, 0.07699693888425826, 0.9230030611157417]
[1.0, 0.07278053537011146, 0.9272194646298886]
[1.0, 0.07768238954246044, 0.9223176104575396]
[1.0, 0.04395100869238377, 0.9560489913076162]
[1.0, 0.049962346255779264, 0.9500376537442208]
[1.0, 0.08396782353520393, 0.9160321764647961]
[1.0, 0.10920958083122968, 0.8907904191687703]
[1.0, 0.08462258111685514, 0.9153774188831448]
[1.0, 0.10712472230195999, 0.89287527769804]
[1.0, 0.07724690824747085, 0.9227530917525292]
[1.0, 0.15149702917784452, 0.8485029708221554]
[1.0, 0.14655299313366413, 0.8534470068663359]
[1.0, 0.2901560437679291, 0.7098439562320709]
[1.0, 0.12085185475647449, 0.8791481452435255]
[1.0, 0.1264934314414859, 0.8735065685585142]
[1.0, 0.08465775087475777, 0.9153422491252422]
[1.0, 0.12333241824060678, 0.8766675817593932]
[1.0, 0.1060587266087532, 0.8939412733912468]
[1.0, 0.07995389256626367, 0.9200461074337363]
[1.0, 0.06617877244949341, 0.9338212275505066]
[1.0, 0.08073596134781838, 0.9192640386521816]
[1.0, 0.1618749550357461, 0.8381250449642539]
[1.0, 0.09597859218716621, 0.9040214078128338]
[1.0, 0.07788096573203802, 0.9221190342679619]
[1.0, 0.055448291152715684, 0.9445517088472843]
[1.0, 0.09720265440642833, 0.9027973455935716]
[1.0, 0.1329199068620801, 0.8670800931379199]
[1.0, 0.11615703009068966, 0.8838429699093103]
[1.0, 0.04258069604635239, 0.9574193039536476]
[1.0, 0.07312253147363662, 0.9268774685263634]
[1.0, 0.07172024205327034, 0.9282797579467297]
[1.0, 0.06994946137070655, 0.9300505386292934]
[1.0, 0.043192272633314134, 0.9568077273666858]
[1.0, 0.09290644541382789, 0.9070935545861721]
[1.0, 0.05581126304343343, 0.9441887369565666]
[1.0, 0.05555485278367996, 0.94444514721632]
[1.0, 0.14002739503979683, 0.8599726049602032]
[1.0, 0.12502737279981374, 0.8749726272001863]
[1.0, 0.11540846519172192, 0.8845915348082781]
[1.0, 0.15449978340417148, 0.8455002165958285]
[1.0, 0.11656466081738472, 0.8834353391826153]
[1.0, 0.19079100854694844, 0.8092089914530516]
[1.0, 0.17727026529610157, 0.8227297347038984]
[1.0, 0.1280785808339715, 0.8719214191660285]
[1.0, 0.19361577153205872, 0.8063842284679412]
[1.0, 0.22032789815217257, 0.7796721018478274]
[1.0, 0.3018250449374318, 0.6981749550625682]
[1.0, 0.1791753552109003, 0.8208246447890997]
[1.0, 0.1835115847364068, 0.8164884152635932]
[1.0, 0.12732623860239983, 0.8726737613976001]
[1.0, 0.1635122350975871, 0.836487764902413]
[1.0, 0.3183315161243081, 0.6816684838756919]
[1.0, 0.3329643113911152, 0.6670356886088848]
[1.0, 0.5046244635432958, 0.4953755364567042]
[1.0, 0.31909439362585545, 0.6809056063741445]
[1.0, 0.2699781134352088, 0.7300218865647912]
[1.0, 0.17927119463682176, 0.8207288053631783]
[1.0, 0.15201890919357539, 0.8479810908064246]
[1.0, 0.1662915735691786, 0.8337084264308214]
[1.0, 0.2200784543529153, 0.7799215456470847]
[1.0, 0.11534435346722603, 0.884655646532774]
[1.0, 0.2763166383653879, 0.7236833616346121]
[1.0, 0.14470231890678406, 0.8552976810932159]
[1.0, 0.27795848187059163, 0.7220415181294084]
[1.0, 0.1325001347437501, 0.8674998652562499]
[1.0, 0.25365508448332547, 0.7463449155166746]
[1.0, 0.19017998427152633, 0.8098200157284736]
[1.0, 0.17507805556058884, 0.8249219444394111]
[1.0, 0.3653852650895715, 0.6346147349104285]
[1.0, 0.25596962351351976, 0.7440303764864802]
[1.0, 0.1652522200345993, 0.8347477799654007]
[1.0, 0.24242119044065474, 0.7575788095593452]
[1.0, 0.2142660454288125, 0.7857339545711874]
[1.0, 0.2929979344457388, 0.7070020655542613]
[1.0, 0.26689146101474764, 0.7331085389852523]
[1.0, 0.22901519890874625, 0.7709848010912538]
[1.0, 0.17053388331085442, 0.8294661166891456]
[1.0, 0.19093487948179244, 0.8090651205182076]
[1.0, 0.09426491275429726, 0.9057350872457027]
[1.0, 0.21646956890821456, 0.7835304310917854]
[1.0, 0.17088994711637498, 0.829110052883625]
[1.0, 0.08713450510054827, 0.9128654948994517]
[1.0, 0.08970901686698199, 0.910290983133018]
[1.0, 0.061051433989778164, 0.9389485660102218]
[1.0, 0.09313207917846739, 0.9068679208215327]
[1.0, 0.056438188916072246, 0.9435618110839278]
[1.0, 0.07175128427334129, 0.9282487157266587]
[1.0, 0.04030098873190582, 0.9596990112680942]
[1.0, 0.03812267118133605, 0.961877328818664]
[1.0, 0.0426433169003576, 0.9573566830996424]
[1.0, 0.02731616917066276, 0.9726838308293373]
[1.0, 0.04876252713613212, 0.9512374728638678]
[1.0, 0.20011489482596517, 0.7998851051740348]
[1.0, 0.06261049988679587, 0.9373895001132041]
[1.0, 0.07503342141397297, 0.924966578586027]
[1.0, 0.05921600975096226, 0.9407839902490377]
[1.0, 0.05523119017481804, 0.944768809825182]
[1.0, 0.04202655080705881, 0.9579734491929411]
[1.0, 0.0416817232221365, 0.9583182767778635]
[1.0, 0.07243929900228978, 0.9275607009977103]
[1.0, 0.04119511683471501, 0.958804883165285]
[1.0, 0.05748564001172781, 0.9425143599882722]
[1.0, 0.12747874554246663, 0.8725212544575334]
[1.0, 0.07445163704454899, 0.9255483629554511]
[1.0, 0.06308369878679514, 0.9369163012132049]
[1.0, 0.06492277909070253, 0.9350772209092975]
[1.0, 0.0387491500005126, 0.9612508499994874]
[1.0, 0.0517929906770587, 0.9482070093229413]
[1.0, 0.039305987842381, 0.960694012157619]
[1.0, 0.05546606745570898, 0.944533932544291]
[1.0, 0.07457421779632568, 0.9254257822036743]
[1.0, 0.026379373334348203, 0.9736206266656517]
[1.0, 0.1178995980322361, 0.8821004019677638]
[1.0, 0.021913561187684536, 0.9780864388123155]
[1.0, 0.02940715115517378, 0.9705928488448262]
[1.0, 0.0550921418517828, 0.9449078581482172]
[1.0, 0.1383010310307145, 0.8616989689692856]
[1.0, 0.10735522110015154, 0.8926447788998485]
[1.0, 0.03684294197708368, 0.9631570580229163]
[1.0, 0.02307532586157322, 0.9769246741384268]
[1.0, 0.02922410760074854, 0.9707758923992514]
[1.0, 0.053016885668039325, 0.9469831143319607]
[1.0, 0.15537172555923462, 0.8446282744407654]
[1.0, 0.10671039462089539, 0.8932896053791046]
[1.0, 0.16980204582214356, 0.8301979541778565]
[1.0, 0.10246963769197465, 0.8975303623080253]
[1.0, 0.1056423094496131, 0.8943576905503869]
[1.0, 0.06596808537840843, 0.9340319146215916]
[1.0, 0.11295799385756254, 0.8870420061424374]
[1.0, 0.053426056168973446, 0.9465739438310266]
[1.0, 0.14818021714687346, 0.8518197828531265]
[1.0, 0.13146895799785852, 0.8685310420021415]
[1.0, 0.03644257705658674, 0.9635574229434133]
[1.0, 0.16614025339484215, 0.8338597466051578]
[1.0, 0.16044293247163297, 0.839557067528367]
[1.0, 0.17146191708743572, 0.8285380829125643]
[0.0, 0.8315119133889675, 0.16848808661103254]
[0.0, 0.9267761275172234, 0.07322387248277662]
[0.0, 0.9559337744116783, 0.04406622558832174]
[0.0, 0.9582051334530115, 0.041794866546988496]
[0.0, 0.8779422488808631, 0.12205775111913686]
[0.0, 0.9136409714818001, 0.08635902851819988]
[0.0, 0.89533222168684, 0.10466777831315999]
[0.0, 0.9060761770606041, 0.09392382293939594]
[0.0, 0.9207087081670761, 0.07929129183292394]
[0.0, 0.7447145774960517, 0.25528542250394826]
[0.0, 0.8353057077527046, 0.16469429224729537]
[0.0, 0.8811262584105134, 0.1188737415894866]
[0.0, 0.9415984961390496, 0.05840150386095044]
[0.0, 0.9325322887301445, 0.06746771126985551]
[0.0, 0.9263606917858124, 0.07363930821418763]
[0.0, 0.925584203004837, 0.07441579699516299]
[0.0, 0.9404496449232101, 0.05955035507678985]
[0.0, 0.9157889676094055, 0.08421103239059446]
[0.0, 0.8758673314750195, 0.1241326685249805]
[0.0, 0.9000090765953064, 0.09999092340469362]
[0.0, 0.9262691622972489, 0.07373083770275113]
[0.0, 0.8943320366740227, 0.10566796332597728]
[0.0, 0.9519911725074053, 0.04800882749259472]
[0.0, 0.8967377096414566, 0.1032622903585434]
[0.0, 0.9468742719292641, 0.0531257280707359]
[0.0, 0.9463338592648506, 0.053666140735149415]
[0.0, 0.9596734169125557, 0.0403265830874443]
[0.0, 0.8996570190787315, 0.10034298092126848]
[0.0, 0.9254100668430328, 0.07458993315696716]
[0.0, 0.8953366991877556, 0.1046633008122444]
[0.0, 0.8495331099629402, 0.15046689003705982]
[0.0, 0.8918861190974713, 0.10811388090252871]
[0.0, 0.9099203598499298, 0.0900796401500702]
[0.0, 0.7964507088065147, 0.2035492911934853]
[0.0, 0.8623515146970749, 0.13764848530292506]
[0.0, 0.8548507401347161, 0.14514925986528393]
[0.0, 0.8329327774047851, 0.1670672225952149]
[0.0, 0.849172407835722, 0.150827592164278]
[0.0, 0.8376582925021648, 0.16234170749783516]
[0.0, 0.8771431803703308, 0.12285681962966921]
[0.0, 0.8314413574337959, 0.16855864256620412]
[0.0, 0.8787001210451126, 0.12129987895488736]
[0.0, 0.7896233873069286, 0.2103766126930714]
[0.0, 0.8520680175721645, 0.14793198242783545]
[0.0, 0.8544211864471436, 0.1455788135528564]
[0.0, 0.8958773803710938, 0.10412261962890623]
[0.0, 0.8637542898952961, 0.13624571010470388]
[0.0, 0.8462369689345359, 0.15376303106546407]
[0.0, 0.8897130829095841, 0.11028691709041594]
[0.0, 0.8383028826117516, 0.16169711738824843]
[0.0, 0.8307452385127544, 0.1692547614872456]
[0.0, 0.7712315647304058, 0.22876843526959423]
[0.0, 0.8927019317448139, 0.10729806825518606]
[0.0, 0.7184487560391426, 0.2815512439608574]
[0.0, 0.8358530183136463, 0.16414698168635367]
[0.0, 0.8037902225553989, 0.1962097774446011]
[0.0, 0.8476740595698357, 0.15232594043016434]
[0.0, 0.8066462570428848, 0.19335374295711516]
[0.0, 0.743374944627285, 0.25662505537271496]
[0.0, 0.7440683314204216, 0.2559316685795784]
[0.0, 0.7856052021682263, 0.21439479783177373]
[0.0, 0.838113349378109, 0.161886650621891]
[0.0, 0.8487430268526077, 0.15125697314739228]
[0.0, 0.8533553448319435, 0.14664465516805647]
[0.0, 0.8370337796211242, 0.16296622037887576]
[0.0, 0.8304197645187378, 0.16958023548126222]
[0.0, 0.8579911029338837, 0.1420088970661163]
[0.0, 0.8995962184667587, 0.10040378153324125]
[0.0, 0.8605094161629677, 0.13949058383703228]
[0.0, 0.8544967386126519, 0.14550326138734815]
[0.0, 0.8744981223344803, 0.12550187766551968]
[0.0, 0.9257323160767555, 0.07426768392324445]
[0.0, 0.9367461735010147, 0.06325382649898526]
[0.0, 0.9116025811433792, 0.08839741885662078]
[0.0, 0.8766751262545586, 0.12332487374544143]
[0.0, 0.9020731925964356, 0.09792680740356441]
[0.0, 0.9171978938579559, 0.08280210614204409]
[0.0, 0.8858088779449463, 0.11419112205505366]
[0.0, 0.8592704801261425, 0.1407295198738575]
[0.0, 0.916561926305294, 0.08343807369470602]
[0.0, 0.8622464209794998, 0.13775357902050023]
[0.0, 0.8427173274755478, 0.15728267252445216]
[0.0, 0.9108242058753967, 0.0891757941246033]
[0.0, 0.8881541907787323, 0.11184580922126774]
[0.0, 0.9191220754384994, 0.08087792456150056]
[0.0, 0.851823166012764, 0.14817683398723602]
[0.0, 0.8544112074375153, 0.1455887925624847]
[0.0, 0.8438166666030884, 0.1561833333969116]
[0.0, 0.8651407533884048, 0.1348592466115952]
[0.0, 0.9593631717562675, 0.04063682824373249]
[0.0, 0.9801705074310303, 0.01982949256896971]
[0.0, 0.9801705074310303, 0.01982949256896971]
[0.0, 0.9094253805279732, 0.09057461947202683]
[1.0, 0.21269868135452272, 0.7873013186454773]
[1.0, 0.13323488365858793, 0.8667651163414121]
[1.0, 0.2567345293238759, 0.7432654706761241]
[1.0, 0.30856031537055967, 0.6914396846294404]
[1.0, 0.3237557515501976, 0.6762442484498024]
[1.0, 0.2501568578928709, 0.7498431421071291]
[0.0, 0.7929939968883991, 0.2070060031116009]
[0.0, 0.9091038656234741, 0.09089613437652588]
[0.0, 0.8546946579217911, 0.1453053420782089]
[0.0, 0.8962529456615448, 0.10374705433845521]
[0.0, 0.9021970853209496, 0.09780291467905045]
[0.0, 0.8951571431756019, 0.10484285682439809]
[0.0, 0.8744158408045769, 0.1255841591954231]
[0.0, 0.8105315399169922, 0.18946846008300777]
[0.0, 0.9225277838110924, 0.07747221618890765]
[0.0, 0.9025927692651748, 0.09740723073482516]
[0.0, 0.9039442378282547, 0.09605576217174527]
[0.0, 0.9144919097423554, 0.08550809025764461]
[0.0, 0.8721005800366401, 0.12789941996335985]
[0.0, 0.8225599962472916, 0.1774400037527084]
[0.0, 0.8434339557588101, 0.15656604424118992]
[0.0, 0.8916344887018204, 0.10836551129817962]
[0.0, 0.7681184649653733, 0.23188153503462672]
[0.0, 0.8394656021893024, 0.16053439781069756]
[0.0, 0.76890391305089, 0.23109608694911]
[0.0, 0.8200549186766147, 0.17994508132338527]
[0.0, 0.8338442412018776, 0.1661557587981224]
[0.0, 0.8385279957950115, 0.16147200420498853]
[0.0, 0.8719423839449882, 0.12805761605501176]
[0.0, 0.7566427327692509, 0.24335726723074913]
[0.0, 0.9494833272695541, 0.05051667273044591]
[0.0, 0.8875739407539368, 0.11242605924606319]
[0.0, 0.9505324307084083, 0.049467569291591684]
[0.0, 0.9279978960752487, 0.07200210392475126]
[0.0, 0.9452154970169068, 0.05478450298309323]
[1.0, 0.282615300193429, 0.7173846998065709]
[1.0, 0.2075470642745495, 0.7924529357254505]
[1.0, 0.453225585334003, 0.546774414665997]
[1.0, 0.33873352847993377, 0.6612664715200662]
[1.0, 0.36650020904839037, 0.6334997909516096]
[1.0, 0.3597082647681236, 0.6402917352318764]
[1.0, 0.33600363560020924, 0.6639963643997908]
[1.0, 0.2909583312273025, 0.7090416687726975]
[0.0, 0.8666184675693512, 0.13338153243064876]
[0.0, 0.877395847439766, 0.12260415256023405]
[0.0, 0.9061869004368782, 0.09381309956312178]
[0.0, 0.7952191767096519, 0.20478082329034808]
[0.0, 0.9003665298223495, 0.09963347017765045]
[0.0, 0.8475367552042008, 0.1524632447957992]
[0.0, 0.7912247866392136, 0.20877521336078642]
[0.0, 0.8659299230575561, 0.13407007694244388]
[0.0, 0.7873538701981306, 0.21264612980186937]
[0.0, 0.8674615013599396, 0.1325384986400604]
[0.0, 0.827676454782486, 0.17232354521751403]
[0.0, 0.855354637503624, 0.14464536249637605]
[0.0, 0.7795473475754261, 0.2204526524245739]
[0.0, 0.861648921072483, 0.13835107892751697]
[0.0, 0.837415167093277, 0.162584832906723]
[0.0, 0.90006282299757, 0.09993717700242999]
[0.0, 0.8669937598705292, 0.13300624012947082]
[0.0, 0.8812571051716804, 0.11874289482831957]
[0.0, 0.8921622562408448, 0.10783774375915522]
[0.0, 0.8375710844993591, 0.16242891550064087]
[0.0, 0.8540844586491585, 0.1459155413508415]
[0.0, 0.8020040153339505, 0.1979959846660495]
[0.0, 0.8664466932415962, 0.13355330675840382]
[0.0, 0.8866927713900804, 0.1133072286099196]
[0.0, 0.8525521290302277, 0.1474478709697723]
[0.0, 0.9154570776224137, 0.08454292237758632]
[0.0, 0.7785307946056128, 0.2214692053943872]
[0.0, 0.8809027373790741, 0.1190972626209259]
[0.0, 0.864089026749134, 0.13591097325086599]
[0.0, 0.8393761914968491, 0.16062380850315094]
[0.0, 0.660362277328968, 0.339637722671032]
[0.0, 0.725865438990295, 0.274134561009705]
[0.0, 0.8911604157090187, 0.10883958429098128]
[0.0, 0.7084465312212705, 0.29155346877872945]
[0.0, 0.880141838490963, 0.11985816150903705]
[0.0, 0.6877177875488997, 0.3122822124511003]
[0.0, 0.8852282938361168, 0.11477170616388321]
[0.0, 0.8275160379242152, 0.17248396207578476]
[0.0, 0.884423917233944, 0.11557608276605602]
[0.0, 0.9023907697200775, 0.09760923027992252]
[0.0, 0.7562320619821549, 0.24376793801784513]
[0.0, 0.8648464220762253, 0.1351535779237747]
[0.0, 0.9113387605547905, 0.08866123944520954]
[0.0, 0.7512081132084131, 0.24879188679158692]
[0.0, 0.697227823138237, 0.30277217686176305]
[0.0, 0.8677415245771408, 0.13225847542285918]
[0.0, 0.7467573182284832, 0.25324268177151676]
[0.0, 0.7767368403077125, 0.2232631596922875]
[0.0, 0.854458342641592, 0.14554165735840796]
[0.0, 0.8300002378225326, 0.16999976217746737]
[0.0, 0.7796162649989128, 0.2203837350010872]
[0.0, 0.8783305126428604, 0.12166948735713956]
[0.0, 0.8246788224577903, 0.17532117754220966]
[0.0, 0.734444309361279, 0.265555690638721]
[0.0, 0.7526976485550404, 0.2473023514449596]
[0.0, 0.8208675780892372, 0.17913242191076284]
[0.0, 0.7822711069136858, 0.21772889308631416]
[0.0, 0.6379949108883739, 0.3620050891116261]
[0.0, 0.8643005093932152, 0.13569949060678477]
[0.0, 0.9000270511768759, 0.09997294882312413]
[0.0, 0.8603327921032906, 0.1396672078967094]
[0.0, 0.8922515341639519, 0.10774846583604814]
[0.0, 0.7960770712047816, 0.20392292879521845]
[0.0, 0.7871490320563317, 0.2128509679436683]
[0.0, 0.8111762624979019, 0.18882373750209813]
[0.0, 0.7475300686433911, 0.2524699313566089]
[0.0, 0.8204198042303323, 0.17958019576966766]
[0.0, 0.8393287096917629, 0.16067129030823712]
[0.0, 0.7592804381996393, 0.2407195618003607]
[0.0, 0.7640090559795499, 0.23599094402045007]
[0.0, 0.8511302134394646, 0.1488697865605354]
[0.0, 0.7577848644554614, 0.24221513554453855]
[0.0, 0.8433971884846687, 0.15660281151533129]
[0.0, 0.8718355309963226, 0.1281644690036774]
[0.0, 0.7876134574413299, 0.21238654255867007]
[0.0, 0.8474052232503891, 0.15259477674961086]
[0.0, 0.8294022463262081, 0.17059775367379193]
[0.0, 0.7746612000465393, 0.22533879995346073]
[0.0, 0.8591565772891044, 0.14084342271089556]
[0.0, 0.8987239921092987, 0.10127600789070135]
[0.0, 0.8416165432333946, 0.15838345676660537]
[0.0, 0.859955638051033, 0.14004436194896697]
[0.0, 0.8376313346624374, 0.16236866533756256]
[0.0, 0.9285643884539604, 0.07143561154603961]
[0.0, 0.9055518382787704, 0.0944481617212296]
[0.0, 0.9030553805828094, 0.09694461941719057]
[0.0, 0.8571203930675984, 0.14287960693240165]
[0.0, 0.7377665862441063, 0.2622334137558937]
[0.0, 0.7648527529370039, 0.23514724706299606]
[0.0, 0.7641689419001341, 0.23583105809986593]
[0.0, 0.7439671330153942, 0.2560328669846058]
[0.0, 0.7070319565013051, 0.2929680434986949]
[0.0, 0.8685520723462105, 0.13144792765378954]
[0.0, 0.735123673453927, 0.26487632654607296]
[0.0, 0.8777661506831645, 0.12223384931683545]
[0.0, 0.7979247665405274, 0.20207523345947265]
[0.0, 0.7211372830346227, 0.27886271696537734]
[0.0, 0.8774678082764149, 0.1225321917235851]
[0.0, 0.812304120361805, 0.187695879638195]
[0.0, 0.8466018684208393, 0.1533981315791607]
[0.0, 0.7946607519686222, 0.20533924803137782]
[0.0, 0.9407203358411789, 0.05927966415882113]
[0.0, 0.9529071083664894, 0.0470928916335106]
[0.0, 0.944078117609024, 0.05592188239097595]
[0.0, 0.8910873210430146, 0.10891267895698542]
[0.0, 0.9190107023715973, 0.08098929762840268]
[0.0, 0.9633944773674011, 0.036605522632598864]
[0.0, 0.9587441825866699, 0.041255817413330065]
[0.0, 0.9678972190618516, 0.032102780938148445]
[0.0, 0.9496822640299797, 0.050317735970020316]
[0.0, 0.952571587562561, 0.047428412437439005]
[0.0, 0.9800851523876191, 0.019914847612380937]
[0.0, 0.7859610974788666, 0.21403890252113345]
[0.0, 0.9659409576654434, 0.03405904233455659]
[0.0, 0.9550310677289963, 0.044968932271003736]
[0.0, 0.9399167209863662, 0.06008327901363375]
[0.0, 0.9241317011415958, 0.07586829885840418]
[0.0, 0.9740989083051681, 0.0259010916948319]
[0.0, 0.9176165628433227, 0.08238343715667729]
[0.0, 0.9790924090147018, 0.020907590985298152]
[0.0, 0.9792662489414216, 0.020733751058578442]
[0.0, 0.9753495365381241, 0.024650463461875938]
[0.0, 0.9606313979625702, 0.039368602037429756]
[0.0, 0.9271842217445374, 0.0728157782554626]
[0.0, 0.98017005443573, 0.01982994556426998]
[0.0, 0.9571326318383216, 0.042867368161678354]
[0.0, 0.932548753619194, 0.06745124638080602]
[0.0, 0.9427556595206261, 0.05724434047937388]
[0.0, 0.9402634751796722, 0.05973652482032776]
[0.0, 0.9162700472772122, 0.08372995272278783]
[0.0, 0.9641419678926468, 0.035858032107353166]
[0.0, 0.9519816562533379, 0.04801834374666214]
[0.0, 0.9345201057195663, 0.06547989428043366]
[0.0, 0.966656215786934, 0.03334378421306605]
[0.0, 0.9493114691972733, 0.05068853080272673]
[0.0, 0.922845179438591, 0.07715482056140899]
[0.0, 0.9652647876739502, 0.034735212326049814]
[0.0, 0.9649532702565193, 0.035046729743480665]
[0.0, 0.7952995162084698, 0.20470048379153016]
[0.0, 0.9439644038677215, 0.05603559613227849]
[0.0, 0.9764278513193131, 0.02357214868068691]
[0.0, 0.9281439700722695, 0.07185602992773055]
[0.0, 0.9616447031497956, 0.038355296850204446]
[0.0, 0.9054952359944582, 0.09450476400554175]
[0.0, 0.9651222407817841, 0.0348777592182159]
[0.0, 0.9152755388617515, 0.0847244611382485]
[0.0, 0.9113044682145118, 0.08869553178548817]
[0.0, 0.9676573085784912, 0.03234269142150881]
[0.0, 0.8786159157752991, 0.12138408422470093]
[0.0, 0.9460875329747797, 0.053912467025220345]
[0.0, 0.8233846299350261, 0.17661537006497385]
[0.0, 0.9175070852041245, 0.0824929147958755]
[0.0, 0.9179004991054535, 0.08209950089454654]
[0.0, 0.7798713362962008, 0.22012866370379924]
[0.0, 0.9016640731692314, 0.09833592683076864]
[0.0, 0.8920890155434609, 0.10791098445653913]
[0.0, 0.9092347548902034, 0.09076524510979656]
[0.0, 0.932301199734211, 0.067698800265789]
[0.0, 0.8910751028358936, 0.10892489716410636]
[0.0, 0.9156641095876694, 0.08433589041233058]
[0.0, 0.970954607129097, 0.02904539287090302]
[0.0, 0.9744458347558975, 0.025554165244102478]
[0.0, 0.9716993391513824, 0.028300660848617598]
[0.0, 0.9082005202770234, 0.09179947972297664]
[0.0, 0.9011223623156548, 0.09887763768434521]
[0.0, 0.869478776305914, 0.13052122369408603]
[0.0, 0.8699344511702657, 0.1300655488297343]
[0.0, 0.803031714707613, 0.19696828529238697]
[0.0, 0.89595084130764, 0.10404915869235998]
[0.0, 0.7679102123528719, 0.23208978764712807]
[1.0, 0.3527751651406288, 0.6472248348593712]
[1.0, 0.1486529639735818, 0.8513470360264181]
[1.0, 0.16671321965754032, 0.8332867803424597]
[1.0, 0.2029582017660141, 0.7970417982339859]
[1.0, 0.20195277988910676, 0.7980472201108932]
[1.0, 0.10445010483264923, 0.8955498951673507]
[1.0, 0.14587867617607117, 0.8541213238239288]
[1.0, 0.13957941710948943, 0.8604205828905106]
[1.0, 0.16687752306461334, 0.8331224769353867]
[1.0, 0.34044861018657685, 0.6595513898134231]
[0.0, 0.8910256433486938, 0.10897435665130617]
[0.0, 0.8055405785143376, 0.19445942148566242]
[0.0, 0.8618639442324638, 0.13813605576753618]
[0.0, 0.9222049552202225, 0.0777950447797775]
[0.0, 0.7932322549819947, 0.20676774501800532]
[0.0, 0.7980101410113275, 0.2019898589886725]
[0.0, 0.8749335556477308, 0.1250664443522692]
[0.0, 0.8145515112951398, 0.1854484887048602]
[0.0, 0.8501072119548917, 0.1498927880451083]
[0.0, 0.819430360198021, 0.18056963980197904]
[0.0, 0.8351769588887692, 0.1648230411112308]
[0.0, 0.7882332414388656, 0.21176675856113436]
[0.0, 0.8196363788843155, 0.1803636211156845]
[0.0, 0.8564332208037376, 0.14356677919626237]
[0.0, 0.8472326889634132, 0.1527673110365868]
[0.0, 0.886975377202034, 0.11302462279796599]
[0.0, 0.8223467598855495, 0.1776532401144505]
[0.0, 0.8897979941964149, 0.11020200580358508]
[0.0, 0.7807673329859972, 0.2192326670140028]
[0.0, 0.9028275692462921, 0.09717243075370785]
[0.0, 0.9071189284324646, 0.09288107156753544]
[0.0, 0.8541309890151024, 0.14586901098489757]
[0.0, 0.7168302714079618, 0.28316972859203815]
[0.0, 0.8136818671226501, 0.18631813287734988]
[0.0, 0.8375851979851723, 0.16241480201482772]
[0.0, 0.7089573533833027, 0.2910426466166973]
[0.0, 0.9040226686000824, 0.0959773313999176]
[0.0, 0.901628105044365, 0.09837189495563503]
[0.0, 0.8900521412491799, 0.10994785875082014]
[0.0, 0.9473283970355988, 0.05267160296440121]
[0.0, 0.9169430440664291, 0.08305695593357088]
[0.0, 0.8678699347376824, 0.13213006526231763]
[0.0, 0.9216238820552826, 0.07837611794471744]
[0.0, 0.9474399131536484, 0.052560086846351606]
[0.0, 0.9220356395840645, 0.07796436041593546]
[0.0, 0.9060579860210418, 0.09394201397895818]
[0.0, 0.9516200447082519, 0.0483799552917481]
[0.0, 0.951568820476532, 0.04843117952346798]
[0.0, 0.960660257935524, 0.03933974206447599]
[0.0, 0.9515734881162643, 0.0484265118837357]
[0.0, 0.958301556110382, 0.041698443889617964]
[0.0, 0.9522587651014328, 0.047741234898567186]
[0.0, 0.9321736520528794, 0.06782634794712061]
[0.0, 0.9555716526508331, 0.0444283473491669]
[0.0, 0.9404513615369797, 0.059548638463020276]
[0.0, 0.9295469188690185, 0.07045308113098148]
[0.0, 0.927045509815216, 0.07295449018478395]
[0.0, 0.908837553858757, 0.09116244614124303]
[0.0, 0.900255459845066, 0.09974454015493395]
[0.0, 0.9245914220809937, 0.07540857791900635]
[0.0, 0.9253817671537399, 0.07461823284626012]
[0.0, 0.9337258133292198, 0.06627418667078022]
[0.0, 0.9281879469752312, 0.07181205302476878]
[0.0, 0.9339129057526588, 0.06608709424734116]
[0.0, 0.8800256627798081, 0.1199743372201919]
[0.0, 0.9317116928100586, 0.06828830718994139]
[0.0, 0.9161734294891357, 0.08382657051086428]
[0.0, 0.9130136448144913, 0.08698635518550868]
[0.0, 0.8533277428150177, 0.14667225718498234]
[0.0, 0.8870122900605202, 0.11298770993947982]
[0.0, 0.8537927473336459, 0.14620725266635415]
[0.0, 0.9016743279993534, 0.09832567200064657]
[0.0, 0.8687428801134228, 0.13125711988657718]
[0.0, 0.8298067431151867, 0.17019325688481335]
[0.0, 0.8827149513363838, 0.11728504866361622]
[0.0, 0.8899673375487328, 0.1100326624512672]
[0.0, 0.8857838167250156, 0.1142161832749844]
[0.0, 0.916334216594696, 0.08366578340530395]
[0.0, 0.8546642760932446, 0.14533572390675542]
[0.0, 0.9059953066706657, 0.09400469332933425]
[0.0, 0.9072245511412621, 0.0927754488587379]
[0.0, 0.9082146318629384, 0.09178536813706162]
[0.0, 0.8703874158486724, 0.1296125841513276]
[0.0, 0.7877117604017257, 0.21228823959827425]
[0.0, 0.7962793304026127, 0.20372066959738733]
[0.0, 0.8603199276328087, 0.13968007236719127]
[0.0, 0.8540787556767464, 0.1459212443232536]
[0.0, 0.8933202674984932, 0.10667973250150675]
[0.0, 0.7109926339611411, 0.2890073660388589]
[0.0, 0.9020152720808983, 0.09798472791910173]
[0.0, 0.8372678843140602, 0.16273211568593982]
[0.0, 0.8386766512691974, 0.16132334873080256]
[0.0, 0.8844117918610572, 0.11558820813894277]
[0.0, 0.8778202803432942, 0.12217971965670582]
[0.0, 0.8714222985506058, 0.12857770144939418]
[0.0, 0.8374791108071804, 0.1625208891928196]
[0.0, 0.7920933555066586, 0.2079066444933414]
[0.0, 0.6832413043081761, 0.3167586956918239]
[0.0, 0.8540443643927574, 0.14595563560724256]
[0.0, 0.8455133316107094, 0.1544866683892906]
[0.0, 0.9358622872829437, 0.06413771271705626]
[0.0, 0.9567221289873123, 0.04327787101268765]
[0.0, 0.9434756490588189, 0.056524350941181134]
[0.0, 0.8683400030620396, 0.13165999693796038]
[0.0, 0.8156375489383936, 0.18436245106160642]
[0.0, 0.733960772510618, 0.266039227489382]
[1.0, 0.1899300728365779, 0.8100699271634221]
[1.0, 0.2745936224795878, 0.7254063775204123]
[1.0, 0.25777451174333693, 0.742225488256663]
