[0.0, 0.6641600836347789, 0.33583991636522115]
[0.0, 0.5834149107336998, 0.4165850892663002]
[0.0, 0.5834149107336998, 0.4165850892663002]
[0.0, 0.5834149107336998, 0.4165850892663002]
java.lang.ArrayIndexOutOfBoundsException
java.lang.ArrayIndexOutOfBoundsException
java.lang.ArrayIndexOutOfBoundsException
java.lang.ArrayIndexOutOfBoundsException
java.lang.ArrayIndexOutOfBoundsException
java.lang.ArrayIndexOutOfBoundsException
java.lang.ArrayIndexOutOfBoundsException
java.lang.ArrayIndexOutOfBoundsException
java.lang.ArrayIndexOutOfBoundsException
java.lang.ArrayIndexOutOfBoundsException
java.lang.ArrayIndexOutOfBoundsException
java.lang.ArrayIndexOutOfBoundsException
java.lang.ArrayIndexOutOfBoundsException
java.lang.ArrayIndexOutOfBoundsException
[0.0, 0.8372448980808258, 0.1627551019191742]
[0.0, 0.8372448980808258, 0.1627551019191742]
[0.0, 0.8372448980808258, 0.1627551019191742]
[0.0, 0.8372448980808258, 0.1627551019191742]
[0.0, 0.8372448980808258, 0.1627551019191742]
[0.0, 0.8372448980808258, 0.1627551019191742]
[0.0, 0.8372448980808258, 0.1627551019191742]
[0.0, 0.8372448980808258, 0.1627551019191742]
[0.0, 0.8372448980808258, 0.1627551019191742]
[0.0, 0.8372448980808258, 0.1627551019191742]
[0.0, 0.8372448980808258, 0.1627551019191742]
[0.0, 0.8372448980808258, 0.1627551019191742]
[0.0, 0.8372448980808258, 0.1627551019191742]
[0.0, 0.8372448980808258, 0.1627551019191742]
[0.0, 0.8372448980808258, 0.1627551019191742]
[0.0, 0.8372448980808258, 0.1627551019191742]
[0.0, 0.8372448980808258, 0.1627551019191742]
[0.0, 0.8372448980808258, 0.1627551019191742]
[0.0, 0.8372448980808258, 0.1627551019191742]
[0.0, 0.8372448980808258, 0.1627551019191742]
java.lang.ArrayIndexOutOfBoundsException
