[23.297752380371094, 0.0]
[20.89242172241211, 0.0]
[20.89242172241211, 0.0]
[20.89242172241211, 0.0]
java.lang.ArrayIndexOutOfBoundsException
java.lang.ArrayIndexOutOfBoundsException
java.lang.ArrayIndexOutOfBoundsException
java.lang.ArrayIndexOutOfBoundsException
java.lang.ArrayIndexOutOfBoundsException
java.lang.ArrayIndexOutOfBoundsException
[21.53779411315918, 0.0]
[21.53779411315918, 0.0]
[21.53779411315918, 0.0]
[21.53779411315918, 0.0]
[21.53779411315918, 0.0]
[21.53779411315918, 0.0]
[21.53779411315918, 0.0]
[21.53779411315918, 0.0]
[21.53779411315918, 0.0]
[21.53779411315918, 0.0]
[21.53779411315918, 0.0]
[21.53779411315918, 0.0]
[21.53779411315918, 0.0]
[21.53779411315918, 0.0]
[21.53779411315918, 0.0]
[21.53779411315918, 0.0]
[21.53779411315918, 0.0]
[21.53779411315918, 0.0]
[21.53779411315918, 0.0]
[21.53779411315918, 0.0]
[20.89242172241211]
