[1.0, 0.18895129191638382, 0.6844124825970279, 0.1266362254865883]
[0.0, 0.8061702658720468, 0.19346182342082435, 3.6791070712875225E-4]
[0.0, 0.9687529897444818, 0.031247009316170155, 9.39347994501464E-10]
[2.0, 0.0045960677344385106, 0.008205934027070486, 0.987197998238491]
java.lang.ArrayIndexOutOfBoundsException
java.lang.ArrayIndexOutOfBoundsException
java.lang.ArrayIndexOutOfBoundsException
java.lang.ArrayIndexOutOfBoundsException
[2.0, 0.0, 0.0, 1.0]
[2.0, 0.0, 0.0, 1.0]
[2.0, 0.0, 0.0, 1.0]
[2.0, 0.0, 0.0, 1.0]
[2.0, 0.0, 0.0, 1.0]
[2.0, 0.0, 0.0, 1.0]
[2.0, 0.0, 0.0, 1.0]
[2.0, 0.0, 0.0, 1.0]
[2.0, 0.0, 0.0, 1.0]
[2.0, 0.0, 0.0, 1.0]
[2.0, 0.0, 0.0, 1.0]
[2.0, 0.0, 0.0, 1.0]
[2.0, 0.0, 0.0, 1.0]
[2.0, 0.0, 0.0, 1.0]
[2.0, 0.0, 0.0, 1.0]
[2.0, 0.0, 0.0, 1.0]
[2.0, 0.0, 0.0, 1.0]
[2.0, 0.0, 0.0, 1.0]
[2.0, 0.0, 0.0, 1.0]
[2.0, 0.0, 0.0, 1.0]
java.lang.ArrayIndexOutOfBoundsException
