[24.364666843414305, 0.0]
[29.56599998474121, 0.0]
[29.56599998474121, 0.0]
[29.56599998474121, 0.0]
java.lang.ArrayIndexOutOfBoundsException
java.lang.ArrayIndexOutOfBoundsException
java.lang.ArrayIndexOutOfBoundsException
java.lang.ArrayIndexOutOfBoundsException
java.lang.ArrayIndexOutOfBoundsException
java.lang.ArrayIndexOutOfBoundsException
[17.248000068664552, 0.0]
[17.248000068664552, 0.0]
[17.248000068664552, 0.0]
[17.248000068664552, 0.0]
[17.248000068664552, 0.0]
[17.248000068664552, 0.0]
[17.248000068664552, 0.0]
[17.248000068664552, 0.0]
[17.248000068664552, 0.0]
[17.248000068664552, 0.0]
[17.248000068664552, 0.0]
[17.248000068664552, 0.0]
[17.248000068664552, 0.0]
[17.248000068664552, 0.0]
[17.248000068664552, 0.0]
[17.248000068664552, 0.0]
[17.248000068664552, 0.0]
[17.248000068664552, 0.0]
[17.248000068664552, 0.0]
[17.248000068664552, 0.0]
[29.56599998474121]
