[0.0, 0.6186936384287878, 0.3813063615712122]
[1.0, 0.4366968537011173, 0.5633031462988827]
[1.0, 0.4366968537011173, 0.5633031462988827]
[1.0, 0.4366968537011173, 0.5633031462988827]
java.lang.ArrayIndexOutOfBoundsException
java.lang.ArrayIndexOutOfBoundsException
java.lang.ArrayIndexOutOfBoundsException
java.lang.ArrayIndexOutOfBoundsException
java.lang.ArrayIndexOutOfBoundsException
java.lang.ArrayIndexOutOfBoundsException
java.lang.ArrayIndexOutOfBoundsException
java.lang.ArrayIndexOutOfBoundsException
java.lang.ArrayIndexOutOfBoundsException
java.lang.ArrayIndexOutOfBoundsException
java.lang.ArrayIndexOutOfBoundsException
java.lang.ArrayIndexOutOfBoundsException
java.lang.ArrayIndexOutOfBoundsException
java.lang.ArrayIndexOutOfBoundsException
[0.0, 0.9882937818267598, 0.011706218173240225]
[0.0, 0.9882937818267598, 0.011706218173240225]
[0.0, 0.9882937818267598, 0.011706218173240225]
[0.0, 0.9882937818267598, 0.011706218173240225]
[0.0, 0.9882937818267598, 0.011706218173240225]
[0.0, 0.9882937818267598, 0.011706218173240225]
[0.0, 0.9882937818267598, 0.011706218173240225]
[0.0, 0.9882937818267598, 0.011706218173240225]
[0.0, 0.9882937818267598, 0.011706218173240225]
[0.0, 0.9882937818267598, 0.011706218173240225]
[0.0, 0.9882937818267598, 0.011706218173240225]
[0.0, 0.9882937818267598, 0.011706218173240225]
[0.0, 0.9882937818267598, 0.011706218173240225]
[0.0, 0.9882937818267598, 0.011706218173240225]
[0.0, 0.9882937818267598, 0.011706218173240225]
[0.0, 0.9882937818267598, 0.011706218173240225]
[0.0, 0.9882937818267598, 0.011706218173240225]
[0.0, 0.9882937818267598, 0.011706218173240225]
[0.0, 0.9882937818267598, 0.011706218173240225]
[0.0, 0.9882937818267598, 0.011706218173240225]
java.lang.ArrayIndexOutOfBoundsException
