[0.0, 0.9720546242597945, 0.027945375740205475]
[1.0, 0.0, 1.0]
[1.0, 0.0, 1.0]
java.lang.ArrayIndexOutOfBoundsException
[1.0, 0.0, 1.0]
[1.0, 0.0, 1.0]
[1.0, 0.0, 1.0]
[0.0, 1.0, 0.0]
[1.0, 2.405200681465476E-7, 0.9999997594799318]
[0.0, 1.0, 0.0]
[0.0, 1.0, 0.0]
[0.0, 1.0, 0.0]
[0.0, 1.0, 0.0]
[0.0, 1.0, 0.0]
[0.0, 1.0, 1.8536583335166364E-199]
[0.0, 1.0, 0.0]
[1.0, 2.341130866278695E-46, 1.0]
[0.0, 1.0, 0.0]
[0.0, 1.0, 0.0]
[0.0, 1.0, 0.0]
[0.0, 1.0, 0.0]
[0.0, 1.0, 0.0]
[0.0, 1.0, 0.0]
[0.0, 1.0, 0.0]
[0.0, 1.0, 0.0]
[0.0, 1.0, 0.0]
[0.0, 1.0, 0.0]
[0.0, 1.0, 0.0]
[0.0, 1.0, 0.0]
[0.0, 1.0, 0.0]
[0.0, 1.0, 0.0]
[0.0, 1.0, 0.0]
[0.0, 1.0, 0.0]
[0.0, 1.0, 0.0]
[0.0, 1.0, 0.0]
[0.0, 1.0, 0.0]
[0.0, 1.0, 0.0]
[0.0, 1.0, 0.0]
java.lang.AssertionError
