[0.0, 0.8606254614985243, 0.13937453850147574]
[0.0, 0.9999986360455541, 1.363954445861443E-6]
[0.0, 0.9999986438972839, 1.3561027161526679E-6]
java.lang.ArrayIndexOutOfBoundsException
[0.0, 0.9999971755327104, 2.8244672895142634E-6]
[0.0, 0.9999802162805103, 1.9783719489812902E-5]
[0.0, 0.9999770787929794, 2.2921207020652445E-5]
[1.0, 0.0, 1.0]
[1.0, 0.0, 1.0]
[1.0, 0.0, 1.0]
[1.0, 0.0, 1.0]
[1.0, 0.0, 1.0]
[1.0, 0.0, 1.0]
[1.0, 0.0, 1.0]
[1.0, 0.0, 1.0]
[1.0, 0.0, 1.0]
[1.0, 0.0, 1.0]
[1.0, 0.0, 1.0]
[1.0, 0.0, 1.0]
[1.0, 0.0, 1.0]
[1.0, 0.0, 1.0]
[1.0, 0.0, 1.0]
[1.0, 0.0, 1.0]
[1.0, 0.0, 1.0]
[1.0, 0.0, 1.0]
[1.0, 0.0, 1.0]
[1.0, 0.0, 1.0]
java.lang.AssertionError
