[13.809560383146163, 0.0]
[15.45141342439456, 0.0]
[17.023455373942852, 0.0]
[23.219974614556122, 0.0]
[22.290969664674776, 0.0]
[29.369092085507873, 0.0]
[26.597342782646592, 0.0]
[31.91979259368236, 0.0]
[26.414148462965386, 0.0]
[27.98284162141499, 0.0]
[29.98873625849228, 0.0]
[31.992407567362534, 0.0]
[30.192404657427687, 0.0]
[33.36945591264521, 0.0]
[32.205330737750046, 0.0]
[34.008215970032325, 0.0]
[36.7286955167001, 0.0]
[31.568471854297968, 0.0]
[32.79975160397589, 0.0]
[33.8018459752202, 0.0]
[36.13446798738005, 0.0]
[36.37088633147505, 0.0]
[37.98116637752537, 0.0]
[40.883523623168, 0.0]
[43.63718707438238, 0.0]
[43.90135852246749, 0.0]
[40.43739320564782, 0.0]
[43.18248039437458, 0.0]
[57.42049723552191, 0.0]
[52.27883270275197, 0.0]
[53.96067043332732, 0.0]
[55.29268100860645, 0.0]
[66.38243801947101, 0.0]
[53.94406499808974, 0.0]
[62.973558200581465, 0.0]
[61.91632044085418, 0.0]
[59.161355774776894, 0.0]
[60.03016088534787, 0.0]
[51.648538066481706, 0.0]
[64.02118317182612, 0.0]
[52.97848979300761, 0.0]
[60.86821695527033, 0.0]
[58.959060354907706, 0.0]
[64.86879994055926, 0.0]
[56.411309549352154, 0.0]
[60.81562703632517, 0.0]
[63.014139945895295, 0.0]
[59.938627832976636, 0.0]
[78.0035793541756, 0.0]
[66.97329892904236, 0.0]
[69.56216301069799, 0.0]
[65.81278057326563, 0.0]
[79.71086449882569, 0.0]
[73.30359138367203, 0.0]
[82.24120414235949, 0.0]
[74.79330164640123, 0.0]
[71.41018834768329, 0.0]
[73.14969135358842, 0.0]
[73.01284109304834, 0.0]
[84.86378192772827, 0.0]
[73.5527770765475, 0.0]
[78.95326294474216, 0.0]
[79.08051965134655, 0.0]
[95.28605111964862, 0.0]
[92.16824527128483, 0.0]
[93.62373375703464, 0.0]
[80.40508649445837, 0.0]
[80.9692245158949, 0.0]
[84.00647904407379, 0.0]
[85.58132981653762, 0.0]
[87.883523623168, 0.0]
[87.86850303719984, 0.0]
[102.53399367071688, 0.0]
[103.6117469445162, 0.0]
[104.59037554039969, 0.0]
[109.55536070442759, 0.0]
[101.57717500693252, 0.0]
[104.69190660057211, 0.0]
[104.74812909252796, 0.0]
[97.19708390112646, 0.0]
[92.40633572591469, 0.0]
[94.7251918236143, 0.0]
[95.85505819268292, 0.0]
[96.83328559825895, 0.0]
[102.9999828249347, 0.0]
[98.99734963983065, 0.0]
[106.4712006642294, 0.0]
[102.3603659528817, 0.0]
[107.11761974373803, 0.0]
[103.27154846611666, 0.0]
[105.72292482637567, 0.0]
[110.09069427247596, 0.0]
[109.2517586866743, 0.0]
[111.03731366209831, 0.0]
[111.4401114717839, 0.0]
[115.86956220863067, 0.0]
[117.82919498507727, 0.0]
[120.50161786939134, 0.0]
[118.85422219299107, 0.0]
[119.80085836104445, 0.0]
[125.25869955396229, 0.0]
[127.51578049836098, 0.0]
[117.3987013199876, 0.0]
[114.8935537437792, 0.0]
[132.86451314765145, 0.0]
[120.59501813077804, 0.0]
[133.22577792489756, 0.0]
[127.56948231637216, 0.0]
[125.77362289517623, 0.0]
[121.41130954935215, 0.0]
[123.20473791932454, 0.0]
[131.00680416071555, 0.0]
[144.12882866186555, 0.0]
[137.9619316170283, 0.0]
[141.31411971579655, 0.0]
[150.86870787339285, 0.0]
[152.95094076311216, 0.0]
[155.02656806027517, 0.0]
[142.86368272933032, 0.0]
[155.17240504699294, 0.0]
[157.10884851031005, 0.0]
[145.0879714359471, 0.0]
[151.6963270053675, 0.0]
[148.27803236231557, 0.0]
[147.43497077407665, 0.0]
[149.0035311654501, 0.0]
[157.51220306323376, 0.0]
[151.20608357025048, 0.0]
[149.64692716349236, 0.0]
[160.85487681053928, 0.0]
[164.79405387293082, 0.0]
[161.97174463130068, 0.0]
[165.54680939376703, 0.0]
[160.11076072405558, 0.0]
[161.11076072405558, 0.0]
[164.04583482714224, 0.0]
[162.84811050586723, 0.0]
[158.31422046908847, 0.0]
[157.3165523988937, 0.0]
[157.66346069203428, 0.0]
[160.91412065235636, 0.0]
[156.1121717027272, 0.0]
[173.84741095072968, 0.0]
[168.4186804141791, 0.0]
[169.87256644348963, 0.0]
[179.09110212756786, 0.0]
[177.04710552666802, 0.0]
[172.8942885969591, 0.0]
[173.02702851671347, 0.0]
[176.61803144705482, 0.0]
[166.06540968844638, 0.0]
[164.86172366631217, 0.0]
[166.34482477721758, 0.0]
[168.56386934701732, 0.0]
[166.03040842380142, 0.0]
[170.24995813396527, 0.0]
[174.05843097279285, 0.0]
[173.9256320173663, 0.0]
[170.15340683679096, 0.0]
[174.5606489122656, 0.0]
[189.54486696849926, 0.0]
[193.08128992931597, 0.0]
[179.90595057517203, 0.0]
[186.9702131052909, 0.0]
[190.29897759956657, 0.0]
[193.33785822999198, 0.0]
[192.85490634548478, 0.0]
[196.18862218037248, 0.0]
[194.08977112037246, 0.0]
[204.11887965805363, 0.0]
[199.81746646470856, 0.0]
[195.22529983726417, 0.0]
[184.83972326572984, 0.0]
[190.29946303295583, 0.0]
[186.48897453420796, 0.0]
[206.98591608167044, 0.0]
[210.460930654197, 0.0]
[192.7008836426321, 0.0]
[189.69386915367795, 0.0]
[199.82296159199177, 0.0]
[205.10289973209, 0.0]
[205.96833934480856, 0.0]
[207.4074718807551, 0.0]
[209.4268742358272, 0.0]
[217.25473959150258, 0.0]
[204.77589097822056, 0.0]
[199.97858148015803, 0.0]
[200.9629630932468, 0.0]
[202.43219260702608, 0.0]
[202.84727232489968, 0.0]
[203.7326715846284, 0.0]
[205.16285872849403, 0.0]
[207.73424315830198, 0.0]
[207.7623155369438, 0.0]
[212.086612655934, 0.0]
[216.51494472746708, 0.0]
[218.13732728684408, 0.0]
[214.85767507382116, 0.0]
[216.77107110840006, 0.0]
[211.89865167619428, 0.0]
[215.0560277311597, 0.0]
[218.9672760662288, 0.0]
[220.0056882541976, 0.0]
[223.80070492231607, 0.0]
[225.01922369844397, 0.0]
[226.88266017691785, 0.0]
[223.8882858348079, 0.0]
[231.58726186918648, 0.0]
[235.11335502677684, 0.0]
[233.52955711728282, 0.0]
[227.16319714416022, 0.0]
[228.73689191270387, 0.0]
[234.1987898045045, 0.0]
[235.2822102792852, 0.0]
[234.64501380488946, 0.0]
[235.59354170013103, 0.0]
[240.23444632295468, 0.0]
[241.8709207706852, 0.0]
[243.60303380762343, 0.0]
[244.90435476785206, 0.0]
[248.09305158510688, 0.0]
[236.4609117673681, 0.0]
[236.9487645571935, 0.0]
[241.04445582878543, 0.0]
[240.88587645767257, 0.0]
[236.60577628621832, 0.0]
[256.34167889750097, 0.0]
[257.6117469445162, 0.0]
[260.7086608338577, 0.0]
[264.73194030256127, 0.0]
[265.06605671870057, 0.0]
[267.1898178374395, 0.0]
[266.41702458122745, 0.0]
[265.8716393633222, 0.0]
[268.57078889524564, 0.0]
[259.2852636031166, 0.0]
[268.8716393633222, 0.0]
[271.9485304193804, 0.0]
[272.1363395740336, 0.0]
[273.1641126135364, 0.0]
[266.1419773482485, 0.0]
[272.0362464681675, 0.0]
[272.2725801773777, 0.0]
[277.4388186223805, 0.0]
[280.73127051396295, 0.0]
[281.4329654998146, 0.0]
[279.12736397748813, 0.0]
[285.33397826738656, 0.0]
[270.40849898042507, 0.0]
[270.6950143651047, 0.0]
[277.54356362097315, 0.0]
[278.9398793083401, 0.0]
[270.82803454301757, 0.0]
[278.41915129229164, 0.0]
[277.2264348580793, 0.0]
[276.3500168940809, 0.0]
[271.0661778199501, 0.0]
[274.3305878812025, 0.0]
[293.56513934687246, 0.0]
[271.28820549766533, 0.0]
[273.1926202615141, 0.0]
[279.67458221053676, 0.0]
[279.0657721265816, 0.0]
[283.35134633693815, 0.0]
[284.7038898384999, 0.0]
[299.8026915010705, 0.0]
[287.3845589235789, 0.0]
[288.2440926470226, 0.0]
[288.24857647854515, 0.0]
[289.8585745246746, 0.0]
[286.9633920022534, 0.0]
[283.91785418376094, 0.0]
[298.8485024540787, 0.0]
[286.64204753696686, 0.0]
[298.42215127869713, 0.0]
[287.63981659937417, 0.0]
[301.45408324943855, 0.0]
[303.33975751919206, 0.0]
[302.4113796521269, 0.0]
[305.2239286553522, 0.0]
[309.73619032115676, 0.0]
[301.61117601254955, 0.0]
[303.6616931343451, 0.0]
[305.90837473166175, 0.0]
[308.5001770207018, 0.0]
[312.1713162045944, 0.0]
[312.28122073272425, 0.0]
[306.18194423923705, 0.0]
[313.7035430120595, 0.0]
[304.18872927938355, 0.0]
[326.92416654899716, 0.0]
[318.07042996562086, 0.0]
[304.9149034781731, 0.0]
[313.21026195561717, 0.0]
[315.7457369128533, 0.0]
[316.3824089616828, 0.0]
[309.7498403607751, 0.0]
[311.2382920344244, 0.0]
[312.3402284567128, 0.0]
[313.27868684142595, 0.0]
[317.12657109612337, 0.0]
[316.2865516971069, 0.0]
[337.1917270949052, 0.0]
[340.5278454894433, 0.0]
[338.1212988086918, 0.0]
[339.2403548470902, 0.0]
[335.8371546149938, 0.0]
[337.29713666512544, 0.0]
[331.20727860394254, 0.0]
[323.82499250298133, 0.0]
[323.9336084985989, 0.0]
[328.49170136771863, 0.0]
[329.39243372511555, 0.0]
[329.05059658241225, 0.0]
[333.10231565700815, 0.0]
[333.57497844449244, 0.0]
[337.0219465799091, 0.0]
[336.1678292184879, 0.0]
[333.3576376910132, 0.0]
[339.06865831935283, 0.0]
[342.9965021234548, 0.0]
[334.953038776468, 0.0]
[335.78351753012976, 0.0]
[336.83328559825895, 0.0]
[339.4646587340394, 0.0]
[342.9741671203519, 0.0]
[341.8477745438504, 0.0]
[341.68182520376286, 0.0]
[358.35252634758945, 0.0]
[350.24246323090483, 0.0]
[349.0354821884466, 0.0]
[357.7148990973001, 0.0]
[360.25537438099127, 0.0]
[345.7337083062157, 0.0]
[358.555580888431, 0.0]
[353.241265857454, 0.0]
[362.0440525099111, 0.0]
[364.1724707491521, 0.0]
[369.3671032365819, 0.0]
[374.18887244851794, 0.0]
[374.97629602625966, 0.0]
[366.1230005872494, 0.0]
[366.48377256657113, 0.0]
[364.60506302220165, 0.0]
[366.2745149242983, 0.0]
[368.1984619231516, 0.0]
[376.6535172567237, 0.0]
[381.6989878412278, 0.0]
[373.29092611701344, 0.0]
[383.59141556941904, 0.0]
[372.2060945260164, 0.0]
[375.5369556513251, 0.0]
[380.2699061747044, 0.0]
[384.3721741641639, 0.0]
[385.68326643574983, 0.0]
[382.0166547304252, 0.0]
[382.497431508702, 0.0]
[394.78583910211455, 0.0]
[385.6999035582703, 0.0]
[386.6999035582703, 0.0]
[392.6407360933663, 0.0]
[393.3875676042808, 0.0]
[395.56105485299486, 0.0]
[387.059969631111, 0.0]
[392.10815961550543, 0.0]
[389.20926447052625, 0.0]
[390.01333047662774, 0.0]
[391.83066775350017, 0.0]
[392.6418863825602, 0.0]
[401.0977287249407, 0.0]
[394.7689984570825, 0.0]
[391.51788094231597, 0.0]
[391.8218399605539, 0.0]
[410.66856114473194, 0.0]
[411.98498006432783, 0.0]
[398.01933000891586, 0.0]
[406.39032503109775, 0.0]
[412.28406021080445, 0.0]
[405.5007453665603, 0.0]
[401.01435890843277, 0.0]
[414.6902965504851, 0.0]
[406.7046981702151, 0.0]
[410.5568003280787, 0.0]
[413.2734935512708, 0.0]
[418.60228209980414, 0.0]
[412.98609396920074, 0.0]
[423.2634232301498, 0.0]
[425.08109751099255, 0.0]
[420.57341719965916, 0.0]
[419.56088731531054, 0.0]
[423.14557535748463, 0.0]
[426.13896727305837, 0.0]
[420.9398729837267, 0.0]
[421.9398729837267, 0.0]
[424.3498165971978, 0.0]
[429.77322041321895, 0.0]
[427.19547795155086, 0.0]
[423.0844125675503, 0.0]
[423.76111042825505, 0.0]
[421.84641150120297, 0.0]
[419.8425548002415, 0.0]
[421.0932938991464, 0.0]
[423.35243345121853, 0.0]
[423.29282954328664, 0.0]
[423.6314212935904, 0.0]
[432.9409821298923, 0.0]
