[0.0, 0.9970639892173573, 0.0, 0.0011082302721356376, 2.471549315971693E-4, 5.537518570160403E-5, 0.0, 8.817894116331027E-5, 0.0014370714520450193]
[0.0, 0.8585296980199435, 0.08645688411091898, 0.05501341786913745, 0.0, 0.0, 0.0, 0.0, 0.0]
[0.0, 0.7899170412216114, 0.12167465098645189, 0.08840830779193667, 0.0, 0.0, 0.0, 0.0, 0.0]
[0.0, 0.8502216839611866, 0.1082446434124375, 0.041533672626375986, 0.0, 0.0, 0.0, 0.0, 0.0]
java.lang.ArrayIndexOutOfBoundsException
java.lang.ArrayIndexOutOfBoundsException
java.lang.ArrayIndexOutOfBoundsException
java.lang.ArrayIndexOutOfBoundsException
java.lang.ArrayIndexOutOfBoundsException
java.lang.ArrayIndexOutOfBoundsException
java.lang.ArrayIndexOutOfBoundsException
java.lang.ArrayIndexOutOfBoundsException
java.lang.ArrayIndexOutOfBoundsException
[0.0, 0.7453058713288723, 0.05959666359609545, 0.18865565037193904, 0.0010311596825611864, 0.0028391557396680095, 0.0020617090487473127, 4.296498677338276E-4, 8.014036438289753E-5]
[0.0, 0.7453058713288723, 0.05959666359609545, 0.18865565037193904, 0.0010311596825611864, 0.0028391557396680095, 0.0020617090487473127, 4.296498677338276E-4, 8.014036438289753E-5]
[0.0, 0.7453058713288723, 0.05959666359609545, 0.18865565037193904, 0.0010311596825611864, 0.0028391557396680095, 0.0020617090487473127, 4.296498677338276E-4, 8.014036438289753E-5]
[0.0, 0.7453058713288723, 0.05959666359609545, 0.18865565037193904, 0.0010311596825611864, 0.0028391557396680095, 0.0020617090487473127, 4.296498677338276E-4, 8.014036438289753E-5]
[0.0, 0.7453058713288723, 0.05959666359609545, 0.18865565037193904, 0.0010311596825611864, 0.0028391557396680095, 0.0020617090487473127, 4.296498677338276E-4, 8.014036438289753E-5]
[0.0, 0.7453058713288723, 0.05959666359609545, 0.18865565037193904, 0.0010311596825611864, 0.0028391557396680095, 0.0020617090487473127, 4.296498677338276E-4, 8.014036438289753E-5]
[0.0, 0.7453058713288723, 0.05959666359609545, 0.18865565037193904, 0.0010311596825611864, 0.0028391557396680095, 0.0020617090487473127, 4.296498677338276E-4, 8.014036438289753E-5]
[0.0, 0.7453058713288723, 0.05959666359609545, 0.18865565037193904, 0.0010311596825611864, 0.0028391557396680095, 0.0020617090487473127, 4.296498677338276E-4, 8.014036438289753E-5]
[0.0, 0.7453058713288723, 0.05959666359609545, 0.18865565037193904, 0.0010311596825611864, 0.0028391557396680095, 0.0020617090487473127, 4.296498677338276E-4, 8.014036438289753E-5]
[0.0, 0.7453058713288723, 0.05959666359609545, 0.18865565037193904, 0.0010311596825611864, 0.0028391557396680095, 0.0020617090487473127, 4.296498677338276E-4, 8.014036438289753E-5]
[0.0, 0.7453058713288723, 0.05959666359609545, 0.18865565037193904, 0.0010311596825611864, 0.0028391557396680095, 0.0020617090487473127, 4.296498677338276E-4, 8.014036438289753E-5]
[0.0, 0.7453058713288723, 0.05959666359609545, 0.18865565037193904, 0.0010311596825611864, 0.0028391557396680095, 0.0020617090487473127, 4.296498677338276E-4, 8.014036438289753E-5]
[0.0, 0.7453058713288723, 0.05959666359609545, 0.18865565037193904, 0.0010311596825611864, 0.0028391557396680095, 0.0020617090487473127, 4.296498677338276E-4, 8.014036438289753E-5]
[0.0, 0.7453058713288723, 0.05959666359609545, 0.18865565037193904, 0.0010311596825611864, 0.0028391557396680095, 0.0020617090487473127, 4.296498677338276E-4, 8.014036438289753E-5]
[0.0, 0.7453058713288723, 0.05959666359609545, 0.18865565037193904, 0.0010311596825611864, 0.0028391557396680095, 0.0020617090487473127, 4.296498677338276E-4, 8.014036438289753E-5]
[0.0, 0.7453058713288723, 0.05959666359609545, 0.18865565037193904, 0.0010311596825611864, 0.0028391557396680095, 0.0020617090487473127, 4.296498677338276E-4, 8.014036438289753E-5]
[0.0, 0.7453058713288723, 0.05959666359609545, 0.18865565037193904, 0.0010311596825611864, 0.0028391557396680095, 0.0020617090487473127, 4.296498677338276E-4, 8.014036438289753E-5]
[0.0, 0.7453058713288723, 0.05959666359609545, 0.18865565037193904, 0.0010311596825611864, 0.0028391557396680095, 0.0020617090487473127, 4.296498677338276E-4, 8.014036438289753E-5]
[0.0, 0.7453058713288723, 0.05959666359609545, 0.18865565037193904, 0.0010311596825611864, 0.0028391557396680095, 0.0020617090487473127, 4.296498677338276E-4, 8.014036438289753E-5]
[0.0, 0.7453058713288723, 0.05959666359609545, 0.18865565037193904, 0.0010311596825611864, 0.0028391557396680095, 0.0020617090487473127, 4.296498677338276E-4, 8.014036438289753E-5]
java.lang.ArrayIndexOutOfBoundsException
