[1.0, 0.49999773993933994, 0.5000022600606601]
[0.0, 0.9943704714005626, 0.005629528599437389]
[0.0, 0.9943704714005626, 0.005629528599437389]
[0.0, 0.9943704714005626, 0.005629528599437389]
java.lang.ArrayIndexOutOfBoundsException
java.lang.ArrayIndexOutOfBoundsException
java.lang.ArrayIndexOutOfBoundsException
[0.0, 1.0, 0.0]
[0.0, 1.0, 0.0]
[0.0, 1.0, 0.0]
[0.0, 1.0, 0.0]
[0.0, 1.0, 0.0]
[0.0, 1.0, 0.0]
[0.0, 1.0, 0.0]
[0.0, 1.0, 0.0]
[0.0, 1.0, 0.0]
[0.0, 1.0, 0.0]
[0.0, 1.0, 0.0]
[0.0, 1.0, 0.0]
[0.0, 1.0, 0.0]
[0.0, 1.0, 0.0]
[0.0, 1.0, 0.0]
[0.0, 1.0, 0.0]
[0.0, 1.0, 0.0]
[0.0, 1.0, 0.0]
[0.0, 1.0, 0.0]
[0.0, 1.0, 0.0]
java.lang.ArrayIndexOutOfBoundsException
