[0.0, 0.9969899273762253, 2.9978218945157087E-4, 0.0014426205382212654, 1.227438336945293E-4, 0.0, 2.2771572326882124E-5, 1.0805099324531419E-5, 0.0011113493907561026]
[0.0, 0.8382565356895048, 0.09063888310654365, 0.07110458120395156, 0.0, 0.0, 0.0, 0.0, 0.0]
java.lang.IndexOutOfBoundsException: idx < 0: -6
[0.0, 0.8029346226217725, 0.13921826461060233, 0.05784711276762502, 0.0, 0.0, 0.0, 0.0, 0.0]
java.lang.ArrayIndexOutOfBoundsException
java.lang.ArrayIndexOutOfBoundsException
java.lang.ArrayIndexOutOfBoundsException
java.lang.ArrayIndexOutOfBoundsException
java.lang.ArrayIndexOutOfBoundsException
java.lang.ArrayIndexOutOfBoundsException
java.lang.ArrayIndexOutOfBoundsException
java.lang.ArrayIndexOutOfBoundsException
java.lang.ArrayIndexOutOfBoundsException
[0.0, 0.7686944295145223, 0.046614950873143296, 0.17990966284185692, 0.0, 0.0023071238800618263, 0.00247383289041567, 0.0, 0.0]
[0.0, 0.7686944295145223, 0.046614950873143296, 0.17990966284185692, 0.0, 0.0023071238800618263, 0.00247383289041567, 0.0, 0.0]
[0.0, 0.7686944295145223, 0.046614950873143296, 0.17990966284185692, 0.0, 0.0023071238800618263, 0.00247383289041567, 0.0, 0.0]
[0.0, 0.7686944295145223, 0.046614950873143296, 0.17990966284185692, 0.0, 0.0023071238800618263, 0.00247383289041567, 0.0, 0.0]
[0.0, 0.7686944295145223, 0.046614950873143296, 0.17990966284185692, 0.0, 0.0023071238800618263, 0.00247383289041567, 0.0, 0.0]
[0.0, 0.7686944295145223, 0.046614950873143296, 0.17990966284185692, 0.0, 0.0023071238800618263, 0.00247383289041567, 0.0, 0.0]
[0.0, 0.7686944295145223, 0.046614950873143296, 0.17990966284185692, 0.0, 0.0023071238800618263, 0.00247383289041567, 0.0, 0.0]
[0.0, 0.7686944295145223, 0.046614950873143296, 0.17990966284185692, 0.0, 0.0023071238800618263, 0.00247383289041567, 0.0, 0.0]
[0.0, 0.7686944295145223, 0.046614950873143296, 0.17990966284185692, 0.0, 0.0023071238800618263, 0.00247383289041567, 0.0, 0.0]
[0.0, 0.7686944295145223, 0.046614950873143296, 0.17990966284185692, 0.0, 0.0023071238800618263, 0.00247383289041567, 0.0, 0.0]
[0.0, 0.7686944295145223, 0.046614950873143296, 0.17990966284185692, 0.0, 0.0023071238800618263, 0.00247383289041567, 0.0, 0.0]
[0.0, 0.7686944295145223, 0.046614950873143296, 0.17990966284185692, 0.0, 0.0023071238800618263, 0.00247383289041567, 0.0, 0.0]
[0.0, 0.7686944295145223, 0.046614950873143296, 0.17990966284185692, 0.0, 0.0023071238800618263, 0.00247383289041567, 0.0, 0.0]
[0.0, 0.7686944295145223, 0.046614950873143296, 0.17990966284185692, 0.0, 0.0023071238800618263, 0.00247383289041567, 0.0, 0.0]
[0.0, 0.7686944295145223, 0.046614950873143296, 0.17990966284185692, 0.0, 0.0023071238800618263, 0.00247383289041567, 0.0, 0.0]
[0.0, 0.7686944295145223, 0.046614950873143296, 0.17990966284185692, 0.0, 0.0023071238800618263, 0.00247383289041567, 0.0, 0.0]
[0.0, 0.7686944295145223, 0.046614950873143296, 0.17990966284185692, 0.0, 0.0023071238800618263, 0.00247383289041567, 0.0, 0.0]
[0.0, 0.7686944295145223, 0.046614950873143296, 0.17990966284185692, 0.0, 0.0023071238800618263, 0.00247383289041567, 0.0, 0.0]
[0.0, 0.7686944295145223, 0.046614950873143296, 0.17990966284185692, 0.0, 0.0023071238800618263, 0.00247383289041567, 0.0, 0.0]
[0.0, 0.7686944295145223, 0.046614950873143296, 0.17990966284185692, 0.0, 0.0023071238800618263, 0.00247383289041567, 0.0, 0.0]
java.lang.ArrayIndexOutOfBoundsException
