[103.6663589477539, 0.0]
[-0.0011730790138244629, 0.0]
[1.0006566047668457, 0.0]
[-1.5091896057128906E-4, 0.0]
[9.999543190002441, 0.0]
[0.0012856721878051758, 0.0]
[9.999897003173828, 0.0]
[19.999662399291992, 0.0]
[5.0002336502075195, 0.0]
[6.75588846206665E-4, 0.0]
[-1.9276142120361328E-4, 0.0]
[0.0013089478015899658, 0.0]
[3.9979705810546875, 0.0]
[0.002365291118621826, 0.0]
[103.6663589477539, 0.0]
[19.999662399291992, 0.0]
[11.997578620910645, 0.0]
[9.998598098754883, 0.0]
[19.999662399291992, 0.0]
[0.002365291118621826, 0.0]
[10.000175476074219, 0.0]
[103.6663589477539, 0.0]
[2.3862719535827637E-4, 0.0]
[-9.998250007629395, 0.0]
[2.735555171966553E-4, 0.0]
[-0.0014585256576538086, 0.0]
[0.001396775245666504, 0.0]
[-0.005004823207855225, 0.0]
[0.0016637444496154785, 0.0]
[-9.998250007629395, 0.0]
[2.5177001953125E-4, 0.0]
[3.9979705810546875, 0.0]
[1.0006566047668457, 0.0]
[4.994457721710205, 0.0]
[12.000138282775879, 0.0]
[-9.998250007629395, 0.0]
[5.0002336502075195, 0.0]
[0.0012328624725341797, 0.0]
[0.002143293619155884, 0.0]
[3.9979705810546875, 0.0]
