[0.0, 0.9576600193977356, 0.042340006679296494]
[0.0, 0.9576600193977356, 0.042340006679296494]
[0.0, 0.9576600193977356, 0.042340006679296494]
java.lang.ArrayIndexOutOfBoundsException
[0.0, 0.9576600193977356, 0.042340006679296494]
[0.0, 0.9576600193977356, 0.042340006679296494]
[0.0, 0.9576600193977356, 0.042340006679296494]
[0.0, 0.9904022216796875, 0.00959780067205429]
[0.0, 0.9904022216796875, 0.00959780067205429]
[0.0, 0.9904022216796875, 0.00959780067205429]
[0.0, 0.9904022216796875, 0.00959780067205429]
[0.0, 0.9904022216796875, 0.00959780067205429]
[0.0, 0.9904022216796875, 0.00959780067205429]
[0.0, 0.9904022216796875, 0.00959780067205429]
[0.0, 0.9904022216796875, 0.00959780067205429]
[0.0, 0.9904022216796875, 0.00959780067205429]
[0.0, 0.9904022216796875, 0.00959780067205429]
[0.0, 0.9904022216796875, 0.00959780067205429]
[0.0, 0.9904022216796875, 0.00959780067205429]
[0.0, 0.9904022216796875, 0.00959780067205429]
[0.0, 0.9904022216796875, 0.00959780067205429]
[0.0, 0.9904022216796875, 0.00959780067205429]
[0.0, 0.9904022216796875, 0.00959780067205429]
[0.0, 0.9904022216796875, 0.00959780067205429]
[0.0, 0.9904022216796875, 0.00959780067205429]
[0.0, 0.9904022216796875, 0.00959780067205429]
[0.0, 0.9904022216796875, 0.00959780067205429]
java.lang.ArrayIndexOutOfBoundsException
