[1.0, 0.48450203461847713, 0.5154979653815229]
[1.0, 0.0, 1.0]
[1.0, 0.0, 1.0]
java.lang.ArrayIndexOutOfBoundsException
[1.0, 0.0, 1.0]
[1.0, 0.0, 1.0]
[1.0, 1.9301801130376636E-203, 1.0]
[1.0, 6.1854296490209426E-207, 1.0]
[1.0, 0.0, 1.0]
[0.0, 1.0, 1.5419654369562514E-67]
[0.0, 1.0, 1.6088106060681189E-134]
[0.0, 1.0, 6.186525066115393E-108]
[0.0, 1.0, 1.063806723720054E-83]
[0.0, 1.0, 4.108899245953317E-235]
[1.0, 3.0919447295641742E-170, 1.0]
[0.0, 1.0, 4.211621901370131E-258]
[1.0, 0.0, 1.0]
[0.0, 1.0, 1.83591546464258E-276]
[0.0, 1.0, 0.0]
[0.0, 1.0, 0.0]
[0.0, 1.0, 0.0]
[0.0, 1.0, 0.0]
[0.0, 1.0, 0.0]
[0.0, 1.0, 0.0]
[0.0, 1.0, 0.0]
[0.0, 1.0, 0.0]
[0.0, 1.0, 0.0]
[0.0, 1.0, 0.0]
[0.0, 1.0, 0.0]
[0.0, 1.0, 0.0]
[0.0, 1.0, 0.0]
[0.0, 1.0, 0.0]
[0.0, 1.0, 0.0]
[0.0, 1.0, 0.0]
[0.0, 1.0, 0.0]
[0.0, 1.0, 0.0]
[0.0, 1.0, 0.0]
[0.0, 1.0, 0.0]
java.lang.AssertionError
