[0.0, 0.9780344988184771, 0.021690885589988728, 2.708661460159154E-4, 3.749303933527281E-6, 1.0388823307740799E-10, 3.517218342771101E-11, 2.51992032244947E-12, 4.326823014636974E-15]
[0.0, 0.9601042784560847, 0.03985611353580402, 3.960800548351444E-5, 2.6278048264161273E-12, 2.5442983190910993E-19, 3.634649477714239E-25, 1.3111317597604289E-23, 7.732717375612728E-26]
[0.0, 0.9916164829784252, 2.637075378020986E-13, 0.008383517021311009, 5.925757327313906E-19, 8.36157897683599E-25, 5.821402952108888E-30, 6.037061150641531E-36, 9.11718405010635E-36]
java.lang.ArrayIndexOutOfBoundsException
[2.0, 4.5662611227407005E-4, 0.09459215883828463, 0.9049511997849223, 1.5264518947056474E-8, 3.062780288767971E-18, 3.983723607752702E-20, 2.50905673338326E-19, 9.651037554906971E-23]
[2.0, 6.488902884029199E-5, 0.008501937607319153, 0.9914331728694804, 4.943601492501274E-10, 1.3357653581561801E-18, 1.4392711711422607E-19, 1.711146982766917E-18, 5.388132707697686E-22]
[2.0, 0.02386206401899458, 0.2518485036857555, 0.7242894321432293, 1.5202059100873112E-10, 3.497452611880079E-20, 1.7968999335159509E-22, 4.7766228578100064E-21, 6.807423850851199E-26]
[2.0, 0.02386206401899458, 0.2518485036857555, 0.7242894321432293, 1.5202059100873112E-10, 3.497452611880079E-20, 1.7968999335159509E-22, 4.7766228578100064E-21, 6.807423850851199E-26]
[2.0, 0.02386206401899458, 0.2518485036857555, 0.7242894321432293, 1.5202059100873112E-10, 3.497452611880079E-20, 1.7968999335159509E-22, 4.7766228578100064E-21, 6.807423850851199E-26]
[2.0, 0.02386206401899458, 0.2518485036857555, 0.7242894321432293, 1.5202059100873112E-10, 3.497452611880079E-20, 1.7968999335159509E-22, 4.7766228578100064E-21, 6.807423850851199E-26]
[0.0, 0.9883507894734416, 8.260311428173306E-4, 0.010823179281994789, 1.0174644642452305E-10, 2.4820439255792204E-19, 2.050036813193225E-21, 5.38475623528052E-20, 1.7120470135997544E-26]
[0.0, 1.0, 1.0809384189852948E-217, 1.7615744543644728E-207, 4.061892419649244E-193, 0.0, 0.0, 0.0, 0.0]
[2.0, 0.0, 0.0, 1.0, 0.0, 0.0, 0.0, 0.0, 0.0]
[2.0, 0.0, 0.0, 1.0, 0.0, 0.0, 0.0, 0.0, 0.0]
[2.0, 0.0, 0.0, 1.0, 0.0, 0.0, 0.0, 0.0, 0.0]
[2.0, 0.0, 0.0, 1.0, 0.0, 0.0, 0.0, 0.0, 0.0]
[2.0, 0.0, 0.0, 1.0, 0.0, 0.0, 0.0, 0.0, 0.0]
[2.0, 0.0, 0.0, 1.0, 0.0, 0.0, 0.0, 0.0, 0.0]
[2.0, 0.0, 0.0, 1.0, 0.0, 0.0, 0.0, 0.0, 0.0]
[2.0, 0.0, 0.0, 1.0, 0.0, 0.0, 0.0, 0.0, 0.0]
[2.0, 0.0, 0.0, 1.0, 0.0, 0.0, 0.0, 0.0, 0.0]
[2.0, 0.0, 0.0, 1.0, 0.0, 0.0, 0.0, 0.0, 0.0]
[2.0, 0.0, 0.0, 1.0, 0.0, 0.0, 0.0, 0.0, 0.0]
[2.0, 0.0, 0.0, 1.0, 0.0, 0.0, 0.0, 0.0, 0.0]
[2.0, 0.0, 0.0, 1.0, 0.0, 0.0, 0.0, 0.0, 0.0]
[2.0, 0.0, 0.0, 1.0, 0.0, 0.0, 0.0, 0.0, 0.0]
[2.0, 0.0, 0.0, 1.0, 0.0, 0.0, 0.0, 0.0, 0.0]
[2.0, 0.0, 0.0, 1.0, 0.0, 0.0, 0.0, 0.0, 0.0]
[2.0, 0.0, 0.0, 1.0, 0.0, 0.0, 0.0, 0.0, 0.0]
[2.0, 0.0, 0.0, 1.0, 0.0, 0.0, 0.0, 0.0, 0.0]
[2.0, 0.0, 0.0, 1.0, 0.0, 0.0, 0.0, 0.0, 0.0]
[2.0, 0.0, 0.0, 1.0, 0.0, 0.0, 0.0, 0.0, 0.0]
[2.0, 0.0, 0.0, 1.0, 0.0, 0.0, 0.0, 0.0, 0.0]
java.lang.AssertionError
