[26.36140153832821, 0.0]
[29.85254391503986, 0.0]
[29.85254391503986, 0.0]
[29.85254391503986, 0.0]
java.lang.ArrayIndexOutOfBoundsException
java.lang.ArrayIndexOutOfBoundsException
java.lang.ArrayIndexOutOfBoundsException
java.lang.ArrayIndexOutOfBoundsException
java.lang.ArrayIndexOutOfBoundsException
java.lang.ArrayIndexOutOfBoundsException
[17.701733154346584, 0.0]
[17.701733154346584, 0.0]
[17.701733154346584, 0.0]
[17.701733154346584, 0.0]
[17.701733154346584, 0.0]
[17.701733154346584, 0.0]
[17.701733154346584, 0.0]
[17.701733154346584, 0.0]
[17.701733154346584, 0.0]
[17.701733154346584, 0.0]
[17.701733154346584, 0.0]
[17.701733154346584, 0.0]
[17.701733154346584, 0.0]
[17.701733154346584, 0.0]
[17.701733154346584, 0.0]
[17.701733154346584, 0.0]
[17.701733154346584, 0.0]
[17.701733154346584, 0.0]
[17.701733154346584, 0.0]
[17.701733154346584, 0.0]
[29.85254391503986]
