[0.0, 0.9999853136805477, 1.4686319452350662E-5]
[0.0, 0.9999853136800005, 1.468631999945067E-5]
[0.0, 0.9999853136800005, 1.468631999945067E-5]
[0.0, 0.9999853136800005, 1.468631999945067E-5]
java.lang.ArrayIndexOutOfBoundsException
java.lang.ArrayIndexOutOfBoundsException
java.lang.ArrayIndexOutOfBoundsException
[0.0, 0.9999851420154395, 1.4857984560461501E-5]
[0.0, 0.9999851420154395, 1.4857984560461501E-5]
[0.0, 0.9999851420154395, 1.4857984560461501E-5]
[0.0, 0.9999851420154395, 1.4857984560461501E-5]
[0.0, 0.9999851420154395, 1.4857984560461501E-5]
[0.0, 0.9999851420154395, 1.4857984560461501E-5]
[0.0, 0.9999851420154395, 1.4857984560461501E-5]
[0.0, 0.9999851420154395, 1.4857984560461501E-5]
[0.0, 0.9999851420154395, 1.4857984560461501E-5]
[0.0, 0.9999851420154395, 1.4857984560461501E-5]
[0.0, 0.9999851420154395, 1.4857984560461501E-5]
[0.0, 0.9999851420154395, 1.4857984560461501E-5]
[0.0, 0.9999851420154395, 1.4857984560461501E-5]
[0.0, 0.9999851420154395, 1.4857984560461501E-5]
[0.0, 0.9999851420154395, 1.4857984560461501E-5]
[0.0, 0.9999851420154395, 1.4857984560461501E-5]
[0.0, 0.9999851420154395, 1.4857984560461501E-5]
[0.0, 0.9999851420154395, 1.4857984560461501E-5]
[0.0, 0.9999851420154395, 1.4857984560461501E-5]
[0.0, 0.9999851420154395, 1.4857984560461501E-5]
java.lang.ArrayIndexOutOfBoundsException
