[2998.47021484375, 0.0]
[2998.47021484375, 0.0]
[2543.13720703125, 0.0]
[534.0916748046875, 0.0]
java.lang.ArrayIndexOutOfBoundsException
java.lang.ArrayIndexOutOfBoundsException
java.lang.ArrayIndexOutOfBoundsException
java.lang.ArrayIndexOutOfBoundsException
java.lang.ArrayIndexOutOfBoundsException
java.lang.ArrayIndexOutOfBoundsException
java.lang.ArrayIndexOutOfBoundsException
java.lang.ArrayIndexOutOfBoundsException
[12.232562065124512, 0.0]
[12.232562065124512, 0.0]
[12.232562065124512, 0.0]
[12.232562065124512, 0.0]
[12.232562065124512, 0.0]
[12.232562065124512, 0.0]
[12.232562065124512, 0.0]
[12.232562065124512, 0.0]
[12.232562065124512, 0.0]
[12.232562065124512, 0.0]
[12.232562065124512, 0.0]
[12.232562065124512, 0.0]
[12.232562065124512, 0.0]
[12.232562065124512, 0.0]
[12.232562065124512, 0.0]
[12.232562065124512, 0.0]
[12.232562065124512, 0.0]
[12.232562065124512, 0.0]
[12.232562065124512, 0.0]
[12.232562065124512, 0.0]
[2998.47021484375]
