[98.90618892669677, 0.0]
[5.445714282989502, 0.0]
[5.445714282989502, 0.0]
[1.9390476179122924, 0.0]
java.lang.ArrayIndexOutOfBoundsException
java.lang.ArrayIndexOutOfBoundsException
[61.24833191871643, 0.0]
[61.24833191871643, 0.0]
[61.24833191871643, 0.0]
[61.24833191871643, 0.0]
[61.24833191871643, 0.0]
[61.24833191871643, 0.0]
[61.24833191871643, 0.0]
[61.24833191871643, 0.0]
[61.24833191871643, 0.0]
[61.24833191871643, 0.0]
[61.24833191871643, 0.0]
[61.24833191871643, 0.0]
[61.24833191871643, 0.0]
[61.24833191871643, 0.0]
[61.24833191871643, 0.0]
[61.24833191871643, 0.0]
[61.24833191871643, 0.0]
[61.24833191871643, 0.0]
[61.24833191871643, 0.0]
[61.24833191871643, 0.0]
[5.445714282989502]
