[98.90618892669677, 0.0]
[0.56, 0.0]
[1.1300000023841859, 0.0]
[1.45, 0.0]
[8.66333337187767, 0.0]
[0.12, 0.0]
[7.98333337187767, 0.0]
[15.858904705047607, 0.0]
[3.903333330154419, 0.0]
[1.05, 0.0]
[1.9390476179122924, 0.0]
[0.2, 0.0]
[3.5078571283817293, 0.0]
[0.12, 0.0]
[98.90618892669677, 0.0]
[15.858904705047607, 0.0]
[8.91000003695488, 0.0]
[10.439714255332946, 0.0]
[15.858904705047607, 0.0]
[0.12, 0.0]
[9.379714255332948, 0.0]
[96.8599984741211, 0.0]
[3.147047610282898, 0.0]
[-3.035476202964783, 0.0]
[1.51, 0.0]
[0.7100000023841858, 0.0]
[0.16, 0.0]
[0.32333333015441895, 0.0]
[0.503333330154419, 0.0]
[-3.035476202964783, 0.0]
[1.9590476179122924, 0.0]
[3.5078571283817293, 0.0]
[1.1300000023841859, 0.0]
[3.450000001192093, 0.0]
[10.479714255332947, 0.0]
[-3.035476202964783, 0.0]
[3.903333330154419, 0.0]
[0.2, 0.0]
[1.4166666650772095, 0.0]
[3.5078571283817293, 0.0]
