[0.0, 0.8798919309397254, 0.12010806906027464]
[0.0, 0.9202070777807734, 0.07979292221922664]
[0.0, 0.9030084546713653, 0.09699154532863477]
[0.0, 0.808885208841579, 0.19111479115842095]
[0.0, 0.8807634573330404, 0.11923654266695961]
[0.0, 0.9152633563927526, 0.08473664360724736]
[0.0, 0.8347340141234759, 0.16526598587652405]
[0.0, 0.9435069312743531, 0.0564930687256469]
[1.0, 0.49573785939840787, 0.5042621406015921]
[0.0, 0.5798719457754092, 0.42012805422459076]
[0.0, 0.8520289820180222, 0.14797101798197773]
[1.0, 0.11721736681708306, 0.8827826331829169]
[0.0, 0.5975460607336027, 0.4024539392663972]
[0.0, 0.5815859768659468, 0.41841402313405324]
[1.0, 0.4972599652614206, 0.5027400347385794]
[1.0, 0.3470539473401647, 0.6529460526598353]
[0.0, 0.6405686599568297, 0.3594313400431704]
[1.0, 0.4921273586763467, 0.5078726413236533]
[0.0, 0.6565419830165742, 0.34345801698342576]
[1.0, 0.4699935693064443, 0.5300064306935557]
[0.0, 0.6409151753052571, 0.3590848246947429]
[0.0, 0.9785512372298079, 0.02144876277019213]
[0.0, 0.9825215010208875, 0.017478498979112512]
[0.0, 0.8453025333916957, 0.15469746660830433]
[0.0, 0.9835604612375605, 0.01643953876243955]
[0.0, 0.9567548618285622, 0.043245138171437825]
[1.0, 0.2860429492634886, 0.7139570507365114]
[1.0, 0.09153787313004913, 0.9084621268699509]
[1.0, 0.010192348207119895, 0.9898076517928801]
[1.0, 0.004933402121160002, 0.99506659787884]
[1.0, 0.004973614727795006, 0.995026385272205]
[1.0, 0.0035551778157119074, 0.9964448221842881]
[1.0, 0.005191716670705504, 0.9948082833292945]
[1.0, 0.054559411247732004, 0.945440588752268]
[1.0, 0.024124182338238653, 0.9758758176617613]
[1.0, 0.044842057020596515, 0.9551579429794035]
[1.0, 0.019305703657225504, 0.9806942963427745]
[1.0, 0.08968268279267133, 0.9103173172073287]
[1.0, 0.06089687187243453, 0.9391031281275655]
[1.0, 0.04262306453170661, 0.9573769354682934]
[1.0, 0.016359964827017626, 0.9836400351729824]
[1.0, 0.16431814998821392, 0.8356818500117861]
[1.0, 0.04473243313057662, 0.9552675668694234]
[1.0, 0.10815675100317301, 0.891843248996827]
[1.0, 0.059763273311458254, 0.9402367266885417]
[1.0, 0.05394412091686762, 0.9460558790831324]
[1.0, 0.07913208042312181, 0.9208679195768782]
[1.0, 0.026240274991652046, 0.973759725008348]
[1.0, 0.0248399032735398, 0.9751600967264602]
[1.0, 0.031254856624632565, 0.9687451433753674]
[1.0, 0.031178815609290145, 0.9688211843907099]
[1.0, 0.010511994473292985, 0.989488005526707]
[1.0, 0.01357771286965348, 0.9864222871303465]
[1.0, 0.04664584692629081, 0.9533541530737092]
[1.0, 0.013038457268826242, 0.9869615427311738]
[1.0, 0.014213487641448808, 0.9857865123585512]
[1.0, 0.019216412106641045, 0.980783587893359]
[1.0, 0.015897284654279642, 0.9841027153457204]
[1.0, 0.017928132660153584, 0.9820718673398464]
[1.0, 0.03642748776961957, 0.9635725122303804]
[1.0, 0.02975789915343885, 0.9702421008465612]
[1.0, 0.018763060162309775, 0.9812369398376902]
[1.0, 0.24096563779920566, 0.7590343622007943]
[1.0, 0.1343544783433308, 0.8656455216566692]
[1.0, 0.035116825793881534, 0.9648831742061185]
[1.0, 0.16700577949113138, 0.8329942205088686]
[1.0, 0.09974004054379593, 0.9002599594562041]
[1.0, 0.08082770066806932, 0.9191722993319307]
[1.0, 0.22763734196970686, 0.7723626580302931]
[1.0, 0.06662724391286867, 0.9333727560871313]
[1.0, 0.12365585295536485, 0.8763441470446351]
[1.0, 0.04181536451931123, 0.9581846354806888]
[1.0, 0.06334272369214189, 0.9366572763078581]
[1.0, 0.06592448000393636, 0.9340755199960636]
[1.0, 0.05796849888562916, 0.9420315011143708]
[1.0, 0.041656005279974595, 0.9583439947200254]
[1.0, 0.10556173023243143, 0.8944382697675686]
[1.0, 0.2579396636941321, 0.7420603363058679]
[1.0, 0.531710521348451, 0.46828947865154896]
[1.0, 0.4147606712818146, 0.5852393287181854]
[1.0, 0.061213820100833316, 0.9387861798991667]
[1.0, 0.0346152289030216, 0.9653847710969784]
[1.0, 0.06026725457418547, 0.9397327454258145]
[1.0, 0.4802881825199403, 0.5197118174800597]
[0.0, 0.5659938942876833, 0.4340061057123167]
[1.0, 0.013942416965332272, 0.9860575830346677]
[1.0, 0.015028359467211594, 0.9849716405327884]
[1.0, 0.017624370985721227, 0.9823756290142788]
[1.0, 0.04893793030694604, 0.951062069693054]
[1.0, 0.07231251101716418, 0.9276874889828358]
[1.0, 0.06810167014380686, 0.9318983298561931]
[1.0, 0.014587745715710754, 0.9854122542842892]
[1.0, 0.056670368518458525, 0.9433296314815415]
[1.0, 0.01840241293233502, 0.981597587067665]
[1.0, 0.03976538400586682, 0.9602346159941332]
[1.0, 0.020871191717559023, 0.979128808282441]
[1.0, 0.08688484133841412, 0.9131151586615859]
[1.0, 0.03441815871012788, 0.9655818412898721]
[1.0, 0.02735391973939938, 0.9726460802606006]
[1.0, 0.01603855189492731, 0.9839614481050727]
[1.0, 0.018940443525579886, 0.9810595564744201]
[1.0, 0.04950269306867239, 0.9504973069313276]
[1.0, 0.014626791867398792, 0.9853732081326012]
[1.0, 0.05036524702381662, 0.9496347529761834]
[1.0, 0.023630926051081858, 0.9763690739489181]
[1.0, 0.01917247097436714, 0.9808275290256329]
[1.0, 0.015688787293567374, 0.9843112127064326]
[1.0, 0.03136162208462445, 0.9686383779153755]
[1.0, 0.05477098181248652, 0.9452290181875135]
[1.0, 0.09923319152580512, 0.9007668084741949]
[1.0, 0.01968597582864362, 0.9803140241713564]
[1.0, 0.1467553752382007, 0.8532446247617993]
[1.0, 0.02364969489115698, 0.976350305108843]
[1.0, 0.030363820926417207, 0.9696361790735828]
[1.0, 0.026608893898607322, 0.9733911061013927]
[1.0, 0.04370926241209616, 0.9562907375879038]
[1.0, 0.05363192835451558, 0.9463680716454844]
[1.0, 0.06486691419076873, 0.9351330858092313]
[1.0, 0.020999571289364916, 0.9790004287106351]
[1.0, 0.018395350197190186, 0.9816046498028098]
[1.0, 0.046835602120899544, 0.9531643978791005]
[1.0, 0.24483241502462127, 0.7551675849753787]
[0.0, 0.72960740011846, 0.2703925998815399]
[1.0, 0.1269578933811768, 0.8730421066188232]
[0.0, 0.7796515738485819, 0.22034842615141811]
[0.0, 0.8331922289719041, 0.16680777102809585]
[0.0, 0.7780735791481397, 0.22192642085186037]
[0.0, 0.9065148614819621, 0.09348513851803784]
[0.0, 0.7966500168912525, 0.20334998310874747]
[0.0, 0.8407520644401837, 0.15924793555981628]
[0.0, 0.8315718614675058, 0.16842813853249414]
[0.0, 0.9135850135198933, 0.08641498648010675]
[0.0, 0.9716753866918212, 0.028324613308178856]
[0.0, 0.9651111175717237, 0.03488888242827622]
[0.0, 0.9357164928144646, 0.06428350718553538]
[0.0, 0.9671808240353759, 0.03281917596462411]
[0.0, 0.815020422621445, 0.18497957737855494]
[0.0, 0.9431328326708391, 0.05686716732916091]
[0.0, 0.9061482473796084, 0.09385175262039162]
[0.0, 0.9104758375942616, 0.08952416240573836]
[0.0, 0.9345061581229538, 0.06549384187704625]
[0.0, 0.8529703693784099, 0.1470296306215901]
[0.0, 0.9444999629450593, 0.05550003705494066]
[0.0, 0.8945265899644592, 0.10547341003554074]
[0.0, 0.9509850507436974, 0.04901494925630259]
[0.0, 0.7867985158679626, 0.21320148413203746]
[0.0, 0.7342872240242566, 0.26571277597574333]
[0.0, 0.8439135977849807, 0.15608640221501935]
[0.0, 0.6399626602669359, 0.3600373397330641]
[1.0, 0.29882709626303183, 0.7011729037369682]
[0.0, 0.9624555168654377, 0.03754448313456228]
[0.0, 0.9696852870359417, 0.030314712964058348]
[0.0, 0.8888828491227556, 0.11111715087724434]
[0.0, 0.9585717769888354, 0.041428223011164604]
[0.0, 0.9385267991513124, 0.06147320084868757]
[0.0, 0.9263861300633824, 0.07361386993661753]
[0.0, 0.9377592895954566, 0.062240710404543376]
[0.0, 0.9718010810091452, 0.028198918990854787]
[0.0, 0.9571403582614226, 0.042859641738577384]
[0.0, 0.9632926030925303, 0.03670739690746972]
[0.0, 0.9614849850723778, 0.038515014927622195]
[0.0, 0.8856247361418224, 0.11437526385817766]
[0.0, 0.9582451162140121, 0.04175488378598793]
[0.0, 0.9415158085733937, 0.05848419142660634]
[0.0, 0.9755259911072126, 0.024474008892787433]
[0.0, 0.9641333965611671, 0.03586660343883285]
[0.0, 0.9244730816778027, 0.07552691832219727]
[0.0, 0.9459427741192017, 0.05405722588079828]
[0.0, 0.9053537463954562, 0.09464625360454378]
[0.0, 0.9752263557032037, 0.024773644296796248]
[0.0, 0.9705622192450467, 0.029437780754953347]
[0.0, 0.9731027859149743, 0.0268972140850257]
[0.0, 0.8960828973672912, 0.10391710263270881]
[0.0, 0.9443242986761263, 0.05567570132387372]
[0.0, 0.9816814833917553, 0.018318516608244663]
[0.0, 0.9787675968195116, 0.021232403180488368]
[0.0, 0.9892616469533277, 0.010738353046672268]
[0.0, 0.8670497225579182, 0.13295027744208177]
[0.0, 0.8654732547286595, 0.13452674527134048]
[0.0, 0.9007457867850786, 0.09925421321492146]
[0.0, 0.9482679345842939, 0.05173206541570609]
[0.0, 0.8418516470814437, 0.1581483529185564]
[1.0, 0.30741616636388913, 0.6925838336361109]
[1.0, 0.483276006522225, 0.516723993477775]
[0.0, 0.926573427702059, 0.07342657229794103]
[0.0, 0.9455832959398733, 0.05441670406012665]
[0.0, 0.9743102084829015, 0.025689791517098458]
[0.0, 0.9931236626240105, 0.006876337375989501]
[0.0, 0.9735819900832848, 0.02641800991671514]
[0.0, 0.9722848426980726, 0.027715157301927407]
[1.0, 0.09705689224683345, 0.9029431077531666]
[1.0, 0.036856125285465335, 0.9631438747145347]
[1.0, 0.014303410352212609, 0.9856965896477874]
[1.0, 0.015237373842042379, 0.9847626261579576]
[1.0, 0.029914588383300633, 0.9700854116166994]
[1.0, 0.04501750117034131, 0.9549824988296587]
[1.0, 0.028739990719623187, 0.9712600092803768]
[1.0, 0.04287343782836728, 0.9571265621716327]
[1.0, 0.12325680203286049, 0.8767431979671395]
[1.0, 0.09827582507013644, 0.9017241749298636]
[1.0, 0.09347717495499097, 0.906522825045009]
[1.0, 0.11759930843035316, 0.8824006915696468]
[1.0, 0.5040539694996388, 0.49594603050036123]
[1.0, 0.36413378032821764, 0.6358662196717824]
[1.0, 0.26669344815075013, 0.7333065518492499]
[1.0, 0.32559162801042263, 0.6744083719895774]
[1.0, 0.30009300154690144, 0.6999069984530986]
[1.0, 0.30908541531313927, 0.6909145846868607]
[1.0, 0.2734790841285265, 0.7265209158714735]
[1.0, 0.14996532327927226, 0.8500346767207277]
[1.0, 0.4252625877716131, 0.5747374122283869]
[1.0, 0.5265346934625695, 0.47346530653743046]
[1.0, 0.298171376422087, 0.701828623577913]
[0.0, 0.5732045873467471, 0.426795412653253]
[1.0, 0.4235177259169961, 0.5764822740830039]
[1.0, 0.5029535835741346, 0.4970464164258654]
[0.0, 0.545751842657352, 0.454248157342648]
[0.0, 0.570876925053396, 0.429123074946604]
[0.0, 0.5781994579999248, 0.4218005420000752]
[1.0, 0.46929833161830403, 0.530701668381696]
[1.0, 0.5277215356867051, 0.47227846431329484]
[1.0, 0.4775891323990955, 0.5224108676009045]
[1.0, 0.490521642938638, 0.509478357061362]
[1.0, 0.3765844997494413, 0.6234155002505587]
[0.0, 0.7328728999396699, 0.2671271000603302]
[0.0, 0.8491813298826714, 0.15081867011732863]
[1.0, 0.05349862725490895, 0.946501372745091]
[1.0, 0.06161654828166352, 0.9383834517183365]
[1.0, 0.09863153774625255, 0.9013684622537474]
[1.0, 0.1198709342107307, 0.8801290657892693]
[0.0, 0.5448535389913209, 0.45514646100867906]
[1.0, 0.5200337912332746, 0.47996620876672536]
[1.0, 0.3785103427861253, 0.6214896572138747]
[0.0, 0.6827113035350054, 0.31728869646499464]
[0.0, 0.7834176790270353, 0.21658232097296476]
[0.0, 0.7629134850286874, 0.23708651497131258]
[0.0, 0.8813016792353009, 0.11869832076469906]
[0.0, 0.8350472922082088, 0.16495270779179116]
[0.0, 0.6442340885009261, 0.35576591149907383]
[0.0, 0.6281000967389103, 0.37189990326108974]
[0.0, 0.6646155571542285, 0.33538444284577157]
[0.0, 0.9458436464519213, 0.0541563535480787]
[0.0, 0.930518595831538, 0.06948140416846202]
[0.0, 0.8292243229232362, 0.17077567707676378]
[0.0, 0.782178383053141, 0.217821616946859]
[1.0, 0.5168590987956451, 0.48314090120435493]
[0.0, 0.5772097418296986, 0.4227902581703014]
[0.0, 0.7276146759626363, 0.27238532403736365]
[0.0, 0.6863306520030616, 0.3136693479969384]
[0.0, 0.8102779564766677, 0.1897220435233323]
[0.0, 0.8715442168405642, 0.12845578315943582]
[0.0, 0.8264520493387898, 0.17354795066121023]
[0.0, 0.7816677925063547, 0.2183322074936454]
[0.0, 0.814103409737037, 0.185896590262963]
[0.0, 0.7339917115623674, 0.2660082884376326]
[0.0, 0.7657893572497041, 0.23421064275029585]
[0.0, 0.8455450517676689, 0.1544549482323311]
[0.0, 0.8746251616250784, 0.12537483837492155]
[0.0, 0.9014125393587799, 0.09858746064122015]
[0.0, 0.8377263073692934, 0.16227369263070657]
[0.0, 0.8785772933987557, 0.12142270660124437]
[0.0, 0.6522138500211008, 0.34778614997889923]
[0.0, 0.7802639894741802, 0.21973601052581984]
[0.0, 0.9422709592471641, 0.05772904075283591]
[0.0, 0.9070928111908806, 0.0929071888091194]
[1.0, 0.4766496243954036, 0.5233503756045964]
[0.0, 0.6652251781798203, 0.3347748218201797]
[0.0, 0.8618846098403805, 0.13811539015961946]
[0.0, 0.7154576650179874, 0.28454233498201265]
[0.0, 0.8447621020114069, 0.15523789798859305]
[0.0, 0.6221358233440231, 0.37786417665597694]
[0.0, 0.83461972328593, 0.16538027671407]
[0.0, 0.5747429126539076, 0.4252570873460923]
[0.0, 0.6457261050127225, 0.3542738949872775]
[0.0, 0.7572037890995632, 0.24279621090043677]
[0.0, 0.8206103668558669, 0.17938963314413317]
[0.0, 0.6275862810170301, 0.37241371898297]
[0.0, 0.8739176087464285, 0.12608239125357146]
[0.0, 0.7070388914358682, 0.2929611085641318]
[0.0, 0.6978660429697247, 0.30213395703027535]
[0.0, 0.5635178403519092, 0.4364821596480908]
[0.0, 0.6671539877423154, 0.33284601225768456]
[1.0, 0.23782103104388475, 0.7621789689561153]
[0.0, 0.7627631588124796, 0.2372368411875204]
[0.0, 0.7592674687463582, 0.24073253125364177]
[0.0, 0.9144110682798283, 0.08558893172017168]
[0.0, 0.7750764115961087, 0.22492358840389123]
[0.0, 0.7354150150028933, 0.26458498499710664]
[0.0, 0.5566336991120628, 0.4433663008879371]
[0.0, 0.5618983506207738, 0.4381016493792262]
[0.0, 0.5755875019966818, 0.4244124980033182]
[0.0, 0.6146453692908255, 0.38535463070917453]
[0.0, 0.8524481733522118, 0.14755182664778824]
[0.0, 0.7806960858744655, 0.21930391412553454]
[1.0, 0.5429385439453744, 0.4570614560546255]
[0.0, 0.8803749532750728, 0.11962504672492728]
[0.0, 0.8412621190109634, 0.15873788098903663]
[0.0, 0.7537683082808457, 0.24623169171915432]
[0.0, 0.9253273876660445, 0.07467261233395549]
[0.0, 0.8249361650542548, 0.17506383494574512]
[0.0, 0.9197106507718826, 0.08028934922811735]
[0.0, 0.8888073842071587, 0.11119261579284134]
[0.0, 0.9294023467746425, 0.07059765322535753]
[0.0, 0.9126162473096592, 0.08738375269034084]
[0.0, 0.9008371018434606, 0.09916289815653945]
[0.0, 0.9032135936818172, 0.09678640631818283]
[0.0, 0.8256037217111154, 0.17439627828888463]
[0.0, 0.9494413844208126, 0.05055861557918743]
[0.0, 0.9095477848798185, 0.09045221512018152]
[0.0, 0.8452623182114032, 0.15473768178859687]
[1.0, 0.3732501350140095, 0.6267498649859905]
[1.0, 0.021312227472183864, 0.9786877725278161]
[1.0, 0.036168198912558736, 0.9638318010874413]
[1.0, 0.042191510074875205, 0.9578084899251248]
[1.0, 0.046336869282978865, 0.9536631307170211]
[1.0, 0.05297615590587279, 0.9470238440941272]
[1.0, 0.10972622140051569, 0.8902737785994843]
[1.0, 0.10017028352819601, 0.899829716471804]
[1.0, 0.08298995606574577, 0.9170100439342542]
[1.0, 0.03235238651286332, 0.9676476134871367]
[1.0, 0.04923361247935709, 0.9507663875206429]
[1.0, 0.06407926161389932, 0.9359207383861007]
[1.0, 0.04282623360945803, 0.957173766390542]
[1.0, 0.043723449540275405, 0.9562765504597246]
[1.0, 0.05776012214071391, 0.9422398778592861]
[1.0, 0.06954826389685065, 0.9304517361031494]
[1.0, 0.120086805055584, 0.879913194944416]
[1.0, 0.13840880424497837, 0.8615911957550216]
[1.0, 0.10756213375805301, 0.892437866241947]
[1.0, 0.31886357333932813, 0.6811364266606719]
[1.0, 0.1228581497727188, 0.8771418502272812]
[1.0, 0.32989191293467124, 0.6701080870653288]
[1.0, 0.04381977505779244, 0.9561802249422076]
[1.0, 0.08291837794015744, 0.9170816220598426]
[1.0, 0.08394826971435487, 0.9160517302856451]
[1.0, 0.08813191791106967, 0.9118680820889303]
[1.0, 0.27123865045500195, 0.728761349544998]
[0.0, 0.5636435044709514, 0.4363564955290486]
[1.0, 0.3271999162463288, 0.6728000837536712]
[1.0, 0.45709404589108193, 0.5429059541089181]
[1.0, 0.17176703729516674, 0.8282329627048333]
[1.0, 0.14433194891110102, 0.855668051088899]
[1.0, 0.37927512534998453, 0.6207248746500155]
[1.0, 0.39964983596115555, 0.6003501640388444]
[1.0, 0.05332645166195815, 0.9466735483380418]
[1.0, 0.14304290854119994, 0.8569570914588001]
[1.0, 0.17160779388889513, 0.8283922061111049]
[1.0, 0.05834709825554707, 0.9416529017444529]
[1.0, 0.13551162756733948, 0.8644883724326605]
[1.0, 0.23373642095707226, 0.7662635790429277]
[1.0, 0.38008324096777524, 0.6199167590322248]
[1.0, 0.06996804352273356, 0.9300319564772664]
[1.0, 0.060718647082252275, 0.9392813529177477]
[1.0, 0.10294986971943243, 0.8970501302805676]
[1.0, 0.05822812691760104, 0.941771873082399]
[1.0, 0.1777584951068849, 0.8222415048931151]
[1.0, 0.20277475426363722, 0.7972252457363628]
[1.0, 0.07597354984891447, 0.9240264501510855]
[1.0, 0.16442327257164746, 0.8355767274283525]
[1.0, 0.3029472734328812, 0.6970527265671188]
[1.0, 0.3686538778275147, 0.6313461221724853]
[1.0, 0.13638121975326534, 0.8636187802467347]
[1.0, 0.11619089176312958, 0.8838091082368704]
[1.0, 0.44246999331030157, 0.5575300066896984]
[1.0, 0.16908180019107077, 0.8309181998089292]
[1.0, 0.37703460404697253, 0.6229653959530275]
[1.0, 0.2626062892300858, 0.7373937107699142]
[1.0, 0.1676379757204599, 0.8323620242795401]
[1.0, 0.0814906054762029, 0.9185093945237971]
[0.0, 0.5565692022481217, 0.4434307977518783]
[0.0, 0.5857574700604804, 0.41424252993951965]
[1.0, 0.4310673308619518, 0.5689326691380482]
[1.0, 0.3183873479345134, 0.6816126520654866]
[1.0, 0.1031354686842395, 0.8968645313157605]
[1.0, 0.3022725200227143, 0.6977274799772857]
[1.0, 0.2122776578062775, 0.7877223421937225]
[0.0, 0.7866979799377484, 0.21330202006225163]
[0.0, 0.8807971779232663, 0.11920282207673367]
[0.0, 0.892909878370069, 0.10709012162993108]
[0.0, 0.850717088418819, 0.14928291158118098]
[0.0, 0.9465970600552316, 0.05340293994476841]
[0.0, 0.9327083356822945, 0.06729166431770545]
[0.0, 0.9473749404109757, 0.05262505958902425]
[0.0, 0.8781641462801633, 0.12183585371983673]
[0.0, 0.8867922549315056, 0.11320774506849439]
[0.0, 0.9309909633137919, 0.06900903668620802]
[0.0, 0.9239088324332336, 0.07609116756676641]
[0.0, 0.930005726719445, 0.06999427328055491]
[0.0, 0.9241385630558532, 0.07586143694414682]
[0.0, 0.9323383393493622, 0.06766166065063786]
[0.0, 0.9058802794218519, 0.09411972057814805]
[0.0, 0.8900829719521268, 0.1099170280478732]
[0.0, 0.7697708040839426, 0.23022919591605737]
[0.0, 0.8767507599581019, 0.12324924004189813]
[0.0, 0.910475593310052, 0.08952440668994802]
[0.0, 0.8199388986398125, 0.18006110136018752]
[0.0, 0.8720687698132785, 0.12793123018672145]
[0.0, 0.8104597692760108, 0.1895402307239892]
[0.0, 0.8341679210451407, 0.16583207895485935]
[0.0, 0.7336364582772862, 0.2663635417227138]
[1.0, 0.5368216887936574, 0.4631783112063426]
[0.0, 0.7627784918390084, 0.2372215081609917]
[1.0, 0.3658975777765049, 0.6341024222234951]
[1.0, 0.4918744759318815, 0.5081255240681185]
[0.0, 0.685418722698449, 0.314581277301551]
[0.0, 0.708467183508433, 0.29153281649156704]
[1.0, 0.5276931666165382, 0.4723068333834618]
[1.0, 0.4174739599384789, 0.5825260400615211]
[0.0, 0.857050071987552, 0.14294992801244802]
[0.0, 0.9367832245835387, 0.06321677541646135]
[0.0, 0.9225027852154606, 0.07749721478453937]
[0.0, 0.6985924315433865, 0.3014075684566135]
[1.0, 0.2528149638110758, 0.7471850361889242]
[0.0, 0.5983274715049656, 0.4016725284950345]
[1.0, 0.3171568214076085, 0.6828431785923915]
[0.0, 0.5484444569739861, 0.4515555430260139]
[1.0, 0.43503107673417785, 0.5649689232658222]
[0.0, 0.8139272409923188, 0.18607275900768122]
[1.0, 0.4705461230567758, 0.5294538769432242]
[0.0, 0.5515862073990787, 0.4484137926009213]
[0.0, 0.9225058877636783, 0.07749411223632172]
[0.0, 0.8709220338676334, 0.12907796613236658]
[0.0, 0.6004302478261387, 0.3995697521738612]
[0.0, 0.7546625754724838, 0.2453374245275161]
[0.0, 0.9034907547751729, 0.09650924522482701]
[0.0, 0.6187215227781353, 0.38127847722186475]
[0.0, 0.9309660404916663, 0.06903395950833373]
[0.0, 0.8133122260396256, 0.18668777396037442]
[0.0, 0.9003783377681431, 0.09962166223185687]
[0.0, 0.8612651244225602, 0.13873487557743977]
[0.0, 0.8826943174068578, 0.11730568259314218]
[0.0, 0.8384711508716535, 0.16152884912834656]
[0.0, 0.8948517123136942, 0.10514828768630584]
[0.0, 0.8272975794352789, 0.17270242056472104]
[0.0, 0.7719322579735824, 0.22806774202641755]
[0.0, 0.8478204954152426, 0.15217950458475737]
[0.0, 0.7952127205921562, 0.20478727940784383]
[0.0, 0.9096919495831765, 0.09030805041682351]
[0.0, 0.751227313726525, 0.24877268627347504]
[0.0, 0.7914566340476475, 0.20854336595235248]
[0.0, 0.7766856443689907, 0.2233143556310093]
[0.0, 0.7493823475561348, 0.25061765244386525]
[1.0, 0.5389912485686827, 0.4610087514313172]
[0.0, 0.8598450902798429, 0.14015490972015704]
[0.0, 0.7819598569603853, 0.21804014303961475]
[0.0, 0.7656244286043818, 0.2343755713956181]
[0.0, 0.9508982922930362, 0.049101707706963774]
[0.0, 0.8818318819905713, 0.11816811800942875]
[0.0, 0.76156179550644, 0.23843820449356004]
[0.0, 0.6331647642689647, 0.36683523573103527]
[0.0, 0.9088063819505896, 0.09119361804941042]
[0.0, 0.8348735665315119, 0.16512643346848804]
[0.0, 0.8910045319844362, 0.1089954680155638]
[0.0, 0.8241958254804478, 0.17580417451955227]
[0.0, 0.9337998772104522, 0.06620012278954782]
[0.0, 0.7238344207288022, 0.2761655792711978]
[0.0, 0.927423197098553, 0.07257680290144701]
[0.0, 0.6820857862910792, 0.3179142137089208]
[0.0, 0.7194913789778372, 0.28050862102216273]
[0.0, 0.8855500378041268, 0.1144499621958732]
[0.0, 0.6153659967844274, 0.3846340032155727]
[0.0, 0.8529687764315917, 0.14703122356840825]
[0.0, 0.9376252281861076, 0.062374771813892414]
[0.0, 0.9162735440058795, 0.08372645599412058]
[0.0, 0.8096314707608334, 0.19036852923916664]
[0.0, 0.9513581779647473, 0.04864182203525272]
[0.0, 0.8869922627136644, 0.11300773728633559]
[0.0, 0.940866925942791, 0.059133074057209]
[0.0, 0.7977697381574922, 0.20223026184250784]
[0.0, 0.9152202435256128, 0.08477975647438717]
[0.0, 0.7810297154144095, 0.21897028458559056]
[1.0, 0.5424184493227702, 0.4575815506772298]
[0.0, 0.8308368607666168, 0.16916313923338325]
[0.0, 0.9092297580131241, 0.09077024198687586]
[0.0, 0.9076031671270554, 0.09239683287294469]
[0.0, 0.9440500498997666, 0.05594995010023338]
[0.0, 0.8018692758461095, 0.1981307241538905]
[0.0, 0.5575310428128959, 0.4424689571871041]
[1.0, 0.18725408956108147, 0.8127459104389185]
[1.0, 0.17165889832409054, 0.8283411016759095]
[1.0, 0.1771835422813881, 0.8228164577186119]
[1.0, 0.07062834543752428, 0.9293716545624757]
[1.0, 0.06288926800932915, 0.9371107319906709]
[1.0, 0.08747468098468136, 0.9125253190153186]
[1.0, 0.07964974072322917, 0.9203502592767708]
[1.0, 0.07908591348328942, 0.9209140865167106]
[1.0, 0.07708308068025604, 0.922916919319744]
[1.0, 0.10620982010730307, 0.8937901798926969]
[1.0, 0.11114673171696265, 0.8888532682830373]
[1.0, 0.1554468129901606, 0.8445531870098394]
[1.0, 0.05665778091483553, 0.9433422190851645]
[1.0, 0.037068210395316825, 0.9629317896046832]
[1.0, 0.028766340199455342, 0.9712336598005447]
[1.0, 0.03331410964365811, 0.9666858903563419]
[1.0, 0.05740269553000066, 0.9425973044699993]
[1.0, 0.02434482946736971, 0.9756551705326303]
[1.0, 0.16132957706130235, 0.8386704229386976]
[1.0, 0.03979332442765726, 0.9602066755723427]
[1.0, 0.07896420824989425, 0.9210357917501057]
[1.0, 0.07872341562576157, 0.9212765843742384]
[1.0, 0.08473548647757201, 0.915264513522428]
[1.0, 0.2740564155211299, 0.7259435844788701]
[1.0, 0.20402367781866793, 0.7959763221813321]
[1.0, 0.06397135003926158, 0.9360286499607384]
[1.0, 0.1277067439067755, 0.8722932560932245]
[1.0, 0.11555035090190324, 0.8844496490980968]
[1.0, 0.2410414920778936, 0.7589585079221064]
[1.0, 0.4809602150284247, 0.5190397849715753]
[1.0, 0.26983244178267385, 0.7301675582173262]
[0.0, 0.6262580731311078, 0.37374192686889224]
[1.0, 0.4143800427569386, 0.5856199572430614]
[1.0, 0.25851866466787743, 0.7414813353321226]
[1.0, 0.12286709682769026, 0.8771329031723097]
[0.0, 0.5492761622269102, 0.4507238377730898]
[1.0, 0.27160903165839034, 0.7283909683416097]
[1.0, 0.3907479247139669, 0.6092520752860331]
[1.0, 0.349942669064796, 0.650057330935204]
[1.0, 0.09953934714508772, 0.9004606528549123]
[0.0, 0.7935437806372049, 0.2064562193627951]
[1.0, 0.09598062350642345, 0.9040193764935766]
[1.0, 0.4753194586970523, 0.5246805413029477]
[1.0, 0.5073697017756018, 0.49263029822439813]
[1.0, 0.4245508059408729, 0.5754491940591271]
[1.0, 0.4266535248472014, 0.5733464751527986]
[1.0, 0.2266753288060508, 0.7733246711939492]
[1.0, 0.40591625185408386, 0.5940837481459161]
[1.0, 0.21956858555892678, 0.7804314144410732]
[1.0, 0.3165817982235378, 0.6834182017764622]
[1.0, 0.2876749987671593, 0.7123250012328407]
[1.0, 0.1554792373616699, 0.8445207626383301]
[1.0, 0.3072315632593168, 0.6927684367406832]
[1.0, 0.2272183705715788, 0.7727816294284212]
[1.0, 0.022390613294975936, 0.9776093867050241]
[1.0, 0.13654495030109814, 0.8634550496989019]
[1.0, 0.056472188262960854, 0.9435278117370391]
[1.0, 0.03762444576933899, 0.962375554230661]
[1.0, 0.06108964875531342, 0.9389103512446866]
[1.0, 0.46978998381249215, 0.5302100161875078]
[1.0, 0.09748371261582767, 0.9025162873841723]
[1.0, 0.06285781714341643, 0.9371421828565836]
[1.0, 0.0925753718468566, 0.9074246281531434]
[1.0, 0.0741279888452755, 0.9258720111547245]
[1.0, 0.1722122880058541, 0.8277877119941459]
[1.0, 0.047722626594554396, 0.9522773734054456]
[1.0, 0.14289264125828127, 0.8571073587417187]
[1.0, 0.06188255461111736, 0.9381174453888826]
[1.0, 0.38021035892029054, 0.6197896410797095]
[1.0, 0.038234102800829284, 0.9617658971991707]
[1.0, 0.15810462029025285, 0.8418953797097471]
[0.0, 0.7015490116384233, 0.29845098836157663]
[1.0, 0.30203768920137586, 0.6979623107986241]
[1.0, 0.022239264589375418, 0.9777607354106246]
[1.0, 0.13695388134176922, 0.8630461186582308]
[1.0, 0.09839404267677976, 0.9016059573232202]
[0.0, 0.7472009210849981, 0.2527990789150018]
[1.0, 0.0993022027751399, 0.9006977972248601]
[1.0, 0.10162699524921237, 0.8983730047507876]
[1.0, 0.09355993704720522, 0.9064400629527948]
[1.0, 0.3147464610224827, 0.6852535389775173]
[1.0, 0.10284842426288943, 0.8971515757371106]
[1.0, 0.030454603384907575, 0.9695453966150924]
[1.0, 0.21029147151280903, 0.789708528487191]
[1.0, 0.1584288003381671, 0.8415711996618329]
[1.0, 0.2454120420025796, 0.7545879579974204]
[1.0, 0.32550776985426333, 0.6744922301457367]
[1.0, 0.030413116629911974, 0.969586883370088]
[1.0, 0.311933879559839, 0.688066120440161]
[1.0, 0.46216484756658827, 0.5378351524334117]
[1.0, 0.09760179102325228, 0.9023982089767477]
[1.0, 0.04348210342803971, 0.9565178965719603]
[1.0, 0.05285616783636993, 0.9471438321636301]
[1.0, 0.0532839129914362, 0.9467160870085638]
[1.0, 0.16510672939250315, 0.8348932706074969]
[1.0, 0.23728259738432977, 0.7627174026156702]
[1.0, 0.3690816254411773, 0.6309183745588227]
[1.0, 0.28469681989913564, 0.7153031801008644]
[1.0, 0.3564511260204394, 0.6435488739795606]
[1.0, 0.09965437393647092, 0.9003456260635291]
[1.0, 0.14921468015126382, 0.8507853198487362]
[1.0, 0.1002887991677277, 0.8997112008322723]
[1.0, 0.08434461046770114, 0.9156553895322989]
[1.0, 0.09898197096241979, 0.9010180290375802]
[1.0, 0.06935502774378366, 0.9306449722562163]
[1.0, 0.3983711050254256, 0.6016288949745744]
[1.0, 0.18471826925242651, 0.8152817307475735]
[0.0, 0.6069573578506693, 0.3930426421493307]
[1.0, 0.5167879558809454, 0.48321204411905466]
[1.0, 0.13562730921349397, 0.864372690786506]
[1.0, 0.11765289896004638, 0.8823471010399536]
[1.0, 0.3870938935421089, 0.6129061064578911]
[1.0, 0.2574502787469807, 0.7425497212530193]
[1.0, 0.21167580820862286, 0.7883241917913771]
[0.0, 0.6460495284545815, 0.3539504715454185]
[0.0, 0.7858404360991291, 0.2141595639008709]
[1.0, 0.17835831345245434, 0.8216416865475457]
[1.0, 0.06343817851295541, 0.9365618214870446]
[1.0, 0.04796494976833332, 0.9520350502316667]
[1.0, 0.18880908148496411, 0.8111909185150359]
[1.0, 0.09662776136865736, 0.9033722386313426]
[1.0, 0.30234805587872393, 0.6976519441212761]
[1.0, 0.43593277987718226, 0.5640672201228177]
[1.0, 0.0704775405231689, 0.9295224594768311]
[1.0, 0.28663111321030976, 0.7133688867896902]
[1.0, 0.5353580860617435, 0.46464191393825655]
[1.0, 0.15097622618876472, 0.8490237738112353]
[1.0, 0.25579407945778676, 0.7442059205422132]
[1.0, 0.14791512673038432, 0.8520848732696157]
[1.0, 0.2666115046462538, 0.7333884953537462]
[1.0, 0.2671596747533568, 0.7328403252466432]
[1.0, 0.34203740400936233, 0.6579625959906377]
[1.0, 0.5387209895718976, 0.46127901042810243]
[1.0, 0.4044961802294381, 0.5955038197705619]
[1.0, 0.30605044769476675, 0.6939495523052333]
[1.0, 0.5207224090786904, 0.47927759092130967]
[1.0, 0.03368638779030819, 0.9663136122096918]
[1.0, 0.04910751522488788, 0.9508924847751121]
[1.0, 0.020251738607588998, 0.979748261392411]
[1.0, 0.04942118341883939, 0.9505788165811606]
[1.0, 0.17458019190786123, 0.8254198080921388]
[1.0, 0.3225743977096942, 0.6774256022903058]
[1.0, 0.24175989080385052, 0.7582401091961495]
[1.0, 0.38020851958463686, 0.6197914804153631]
[0.0, 0.9676263495818862, 0.032373650418113756]
[0.0, 0.9419311807980223, 0.05806881920197775]
[0.0, 0.9273116044317424, 0.07268839556825757]
[0.0, 0.9298514237646384, 0.07014857623536161]
[0.0, 0.9681550233725983, 0.031844976627401725]
[0.0, 0.9163637848613345, 0.0836362151386655]
[0.0, 0.9126712811456038, 0.08732871885439622]
[0.0, 0.8693522745581106, 0.13064772544188946]
[0.0, 0.9449363317825765, 0.05506366821742342]
[0.0, 0.9040718321904372, 0.09592816780956277]
[0.0, 0.9375078270956042, 0.06249217290439576]
[0.0, 0.9677590746233344, 0.03224092537666557]
[0.0, 0.9669195697211976, 0.03308043027880241]
[0.0, 0.9777408351934437, 0.022259164806556285]
[0.0, 0.8804308217658222, 0.11956917823417774]
[0.0, 0.9625154055099298, 0.03748459449007022]
[0.0, 0.9377092542094024, 0.062290745790597575]
[0.0, 0.9528224656011646, 0.04717753439883541]
[0.0, 0.8980701091285229, 0.10192989087147704]
[0.0, 0.9445884236255173, 0.05541157637448263]
[0.0, 0.910897369619114, 0.089102630380886]
[0.0, 0.8919386875838674, 0.10806131241613263]
[0.0, 0.7024230350320599, 0.29757696496794]
[0.0, 0.8949503782653182, 0.10504962173468178]
[0.0, 0.7555150186499011, 0.24448498135009894]
[0.0, 0.8367669628015434, 0.1632330371984566]
[0.0, 0.7279921024962464, 0.2720078975037536]
[0.0, 0.7832113055499746, 0.21678869445002538]
[0.0, 0.930330458038375, 0.069669541961625]
[0.0, 0.9275477033181765, 0.07245229668182353]
[0.0, 0.9015895045790662, 0.09841049542093382]
[0.0, 0.7228631723968368, 0.2771368276031631]
[0.0, 0.8664771958586382, 0.13352280414136172]
[0.0, 0.7897450551384371, 0.21025494486156293]
[0.0, 0.7203028789057935, 0.2796971210942066]
[0.0, 0.5834121207422864, 0.4165878792577136]
[0.0, 0.7164306185017335, 0.2835693814982665]
[0.0, 0.8494116674505118, 0.15058833254948822]
[0.0, 0.6069601755649491, 0.3930398244350509]
[0.0, 0.5549555998530415, 0.4450444001469585]
[0.0, 0.6809993500322562, 0.31900064996774385]
[0.0, 0.8079083185803417, 0.19209168141965824]
[1.0, 0.5421221072671409, 0.45787789273285906]
[0.0, 0.8467798194315335, 0.15322018056846648]
[1.0, 0.5061521219831643, 0.4938478780168357]
[0.0, 0.6924390558329552, 0.3075609441670448]
[0.0, 0.5610130878382121, 0.43898691216178787]
[0.0, 0.866938926738762, 0.13306107326123792]
[0.0, 0.7905665030733895, 0.2094334969266105]
[0.0, 0.5615787214657256, 0.4384212785342744]
[1.0, 0.5282769851422506, 0.4717230148577493]
[1.0, 0.34261851593027104, 0.657381484069729]
[0.0, 0.7345258507730708, 0.2654741492269292]
[1.0, 0.44289966010780923, 0.5571003398921908]
[0.0, 0.6844056857521816, 0.3155943142478184]
[0.0, 0.615218123839006, 0.38478187616099396]
[0.0, 0.7448789266850651, 0.255121073314935]
[0.0, 0.7938970138021997, 0.20610298619780032]
[0.0, 0.8162462727125793, 0.18375372728742068]
[0.0, 0.8330366330806463, 0.16696336691935365]
[0.0, 0.9582745721793184, 0.04172542782068161]
[0.0, 0.7829209368669766, 0.2170790631330234]
[0.0, 0.7939900757833219, 0.2060099242166781]
[0.0, 0.6309734472676307, 0.36902655273236923]
[0.0, 0.8546127500899106, 0.14538724991008944]
[0.0, 0.769987421132969, 0.23001257886703094]
[0.0, 0.7980700218129639, 0.2019299781870361]
[0.0, 0.7255366089002293, 0.27446339109977075]
[1.0, 0.4905776724566169, 0.5094223275433831]
[0.0, 0.8205884819926488, 0.17941151800735128]
[0.0, 0.9301872468370262, 0.06981275316297379]
[0.0, 0.5848781313397904, 0.41512186866020967]
[0.0, 0.6755156953050596, 0.3244843046949404]
[0.0, 0.7111069781937334, 0.2888930218062667]
[0.0, 0.7712475167872954, 0.22875248321270464]
[0.0, 0.7161931580647671, 0.28380684193523287]
[0.0, 0.894728621547703, 0.10527137845229698]
[0.0, 0.8555749084225275, 0.14442509157747246]
[0.0, 0.8529670938977535, 0.14703290610224648]
[0.0, 0.8340670436053185, 0.16593295639468156]
[0.0, 0.9314760619570855, 0.06852393804291443]
[0.0, 0.8911599790994695, 0.10884002090053052]
[0.0, 0.6002678913655104, 0.39973210863448966]
[0.0, 0.8948111837652079, 0.10518881623479216]
[1.0, 0.46301034804618524, 0.5369896519538148]
[0.0, 0.8888356426912355, 0.1111643573087645]
[0.0, 0.9318742249087191, 0.06812577509128089]
[0.0, 0.8792752140240427, 0.12072478597595726]
[0.0, 0.9795001687693635, 0.020499831230636527]
[1.0, 0.4023321790108342, 0.5976678209891658]
[0.0, 0.8498919031224248, 0.1501080968775752]
[0.0, 0.9363053263102616, 0.06369467368973832]
[0.0, 0.9707934467415683, 0.029206553258431665]
[0.0, 0.7443294247230154, 0.25567057527698456]
[0.0, 0.7443434693023212, 0.25565653069767885]
[0.0, 0.7328353104681422, 0.26716468953185785]
[0.0, 0.8734495472841757, 0.1265504527158243]
[0.0, 0.8773817194068481, 0.12261828059315191]
[0.0, 0.8434861589804947, 0.15651384101950525]
[0.0, 0.9687620246264547, 0.03123797537354536]
[0.0, 0.8772033931489698, 0.12279660685103023]
[0.0, 0.7397946383868963, 0.2602053616131037]
[0.0, 0.868986946223207, 0.13101305377679293]
[0.0, 0.9183962633281654, 0.08160373667183461]
[0.0, 0.5604034369798689, 0.43959656302013106]
[0.0, 0.7405167698102781, 0.2594832301897218]
[1.0, 0.451471820293022, 0.548528179706978]
[1.0, 0.3365049030563909, 0.6634950969436091]
[0.0, 0.6873645604131924, 0.3126354395868077]
[0.0, 0.5752694656542137, 0.42473053434578634]
[0.0, 0.969170890456861, 0.03082910954313895]
[0.0, 0.9243474849987795, 0.07565251500122047]
[0.0, 0.8120635416286274, 0.1879364583713726]
[0.0, 0.6134593724052784, 0.3865406275947217]
[0.0, 0.5569410951480429, 0.44305890485195704]
[0.0, 0.8048931952708792, 0.1951068047291208]
[0.0, 0.6395123853411178, 0.3604876146588822]
[0.0, 0.8919767928145071, 0.10802320718549284]
[0.0, 0.682963883186914, 0.31703611681308597]
[0.0, 0.6586873434499769, 0.34131265655002313]
[0.0, 0.6658377603481216, 0.33416223965187836]
[0.0, 0.8914224853040098, 0.10857751469599017]
[0.0, 0.8988501696387399, 0.10114983036126014]
[0.0, 0.9605762272658716, 0.0394237727341284]
[0.0, 0.7939406716633066, 0.20605932833669333]
[0.0, 0.8744335230319229, 0.12556647696807716]
[0.0, 0.8974259129828498, 0.10257408701715016]
[1.0, 0.34183818287140066, 0.6581618171285993]
[1.0, 0.11499825304066091, 0.8850017469593391]
[1.0, 0.0475880990736941, 0.9524119009263059]
[1.0, 0.1501907287678549, 0.8498092712321451]
[1.0, 0.11956099679482934, 0.8804390032051707]
[1.0, 0.016333321171237314, 0.9836666788287627]
[1.0, 0.011524087177395503, 0.9884759128226045]
[1.0, 0.014793329063461869, 0.9852066709365381]
[1.0, 0.060301384233979016, 0.939698615766021]
[1.0, 0.09549438474670424, 0.9045056152532958]
[1.0, 0.0787669318413412, 0.9212330681586588]
[1.0, 0.025147258320796118, 0.9748527416792039]
[1.0, 0.04880369145843322, 0.9511963085415668]
[1.0, 0.10543152219512886, 0.8945684778048711]
[1.0, 0.11448647940876089, 0.8855135205912391]
[1.0, 0.0654739066120743, 0.9345260933879257]
[1.0, 0.03879492852209443, 0.9612050714779056]
[1.0, 0.07086170604943132, 0.9291382939505687]
[1.0, 0.02586344785934458, 0.9741365521406554]
[1.0, 0.19009023448183093, 0.8099097655181691]
[1.0, 0.14434462898277822, 0.8556553710172218]
[1.0, 0.2237435417808339, 0.7762564582191661]
[1.0, 0.14197730186377355, 0.8580226981362264]
[1.0, 0.318381915822325, 0.681618084177675]
[1.0, 0.17077958963011797, 0.829220410369882]
[1.0, 0.2257304781713082, 0.7742695218286918]
[1.0, 0.33822085714744876, 0.6617791428525512]
[1.0, 0.17871621851892971, 0.8212837814810703]
[1.0, 0.23523181657590542, 0.7647681834240946]
[1.0, 0.28733325076608496, 0.712666749233915]
[1.0, 0.13630456619742304, 0.863695433802577]
[1.0, 0.10090481702448961, 0.8990951829755104]
[1.0, 0.21050861634578144, 0.7894913836542186]
[1.0, 0.4916071121698824, 0.5083928878301176]
[1.0, 0.09773699909517253, 0.9022630009048275]
[1.0, 0.0908475217296546, 0.9091524782703454]
[1.0, 0.17381877620868047, 0.8261812237913195]
[1.0, 0.04978950735070997, 0.95021049264929]
[0.0, 0.6411577173623284, 0.3588422826376716]
[1.0, 0.24696695323414974, 0.7530330467658503]
[1.0, 0.12041296132665236, 0.8795870386733476]
[1.0, 0.4874050102085469, 0.5125949897914531]
[0.0, 0.7656537091101503, 0.23434629088984973]
[1.0, 0.49068128585138604, 0.509318714148614]
[1.0, 0.38852951631464394, 0.6114704836853561]
[1.0, 0.24860581921579195, 0.751394180784208]
[0.0, 0.5804965797736126, 0.4195034202263874]
[1.0, 0.1756451064234832, 0.8243548935765168]
[1.0, 0.4860646284197683, 0.5139353715802317]
[0.0, 0.6644577184947359, 0.3355422815052641]
[0.0, 0.6230248766293921, 0.3769751233706079]
[0.0, 0.5889192136288148, 0.4110807863711851]
[1.0, 0.4315655500840314, 0.5684344499159686]
[1.0, 0.5097378277932223, 0.49026217220677765]
[1.0, 0.34809980613179425, 0.6519001938682057]
[1.0, 0.3113354633533397, 0.6886645366466603]
[1.0, 0.2741136003200635, 0.7258863996799365]
[1.0, 0.09007954059437528, 0.9099204594056247]
[1.0, 0.1456159527606582, 0.8543840472393418]
[1.0, 0.21467880439090337, 0.7853211956090966]
[1.0, 0.07614410039201014, 0.9238558996079899]
[1.0, 0.1612918141526355, 0.8387081858473645]
[1.0, 0.4778083397457864, 0.5221916602542136]
[1.0, 0.35850866888925703, 0.641491331110743]
[0.0, 0.8546628049004942, 0.14533719509950585]
[0.0, 0.6228870604175222, 0.3771129395824778]
[1.0, 0.3029083426468473, 0.6970916573531527]
[0.0, 0.6239368001067855, 0.3760631998932144]
[1.0, 0.4476799697699748, 0.5523200302300252]
[1.0, 0.29697521146827244, 0.7030247885317276]
[1.0, 0.1296494882391076, 0.8703505117608924]
[1.0, 0.5389672527804663, 0.4610327472195337]
[1.0, 0.2731057901153744, 0.7268942098846256]
[1.0, 0.4581990967195557, 0.5418009032804443]
[1.0, 0.48978768891985247, 0.5102123110801475]
[1.0, 0.4742609958028523, 0.5257390041971477]
[0.0, 0.6431181020911629, 0.3568818979088371]
[1.0, 0.4785241587117942, 0.5214758412882058]
[0.0, 0.590864340316565, 0.40913565968343496]
[1.0, 0.17974037608107518, 0.8202596239189248]
[1.0, 0.47828369958152783, 0.5217163004184722]
[0.0, 0.6114166453727475, 0.38858335462725246]
[1.0, 0.21205300477828737, 0.7879469952217126]
[1.0, 0.18206959648408205, 0.817930403515918]
[1.0, 0.2157243852384818, 0.7842756147615182]
[1.0, 0.3326714047912115, 0.6673285952087885]
[1.0, 0.21830663482374524, 0.7816933651762548]
[1.0, 0.21194191396086592, 0.7880580860391341]
[1.0, 0.22058743539811154, 0.7794125646018885]
[1.0, 0.10806015667047364, 0.8919398433295264]
[0.0, 0.7692547619229013, 0.2307452380770987]
[1.0, 0.06852859844487569, 0.9314714015551243]
[1.0, 0.38420399168566843, 0.6157960083143316]
[1.0, 0.5404192223664844, 0.45958077763351557]
[1.0, 0.3205814852573634, 0.6794185147426366]
[1.0, 0.19796520959441977, 0.8020347904055802]
[1.0, 0.41642062625425025, 0.5835793737457498]
[0.0, 0.9863232298964483, 0.01367677010355174]
[0.0, 0.9939513847170443, 0.006048615282955728]
[0.0, 0.9855665215829535, 0.014433478417046489]
[0.0, 0.9566497795506873, 0.043350220449312665]
[0.0, 0.9937606614751583, 0.006239338524841698]
[0.0, 0.9728884790844429, 0.02711152091555718]
[0.0, 0.9784581356070504, 0.02154186439294961]
[0.0, 0.9836520224239234, 0.01634797757607664]
[0.0, 0.9679357227237683, 0.03206427727623177]
[0.0, 0.9850235057523489, 0.01497649424765112]
[0.0, 0.987381011578923, 0.012618988421077042]
[0.0, 0.9727651561384989, 0.027234843861501063]
[0.0, 0.968620520075178, 0.031379479924822075]
[0.0, 0.9228509300478318, 0.07714906995216819]
[0.0, 0.7735460524773367, 0.22645394752266332]
[0.0, 0.7700034943963033, 0.2299965056036967]
[0.0, 0.8740801665563, 0.12591983344369997]
[0.0, 0.869704510052321, 0.13029548994767906]
[0.0, 0.9025208631963402, 0.09747913680365988]
[0.0, 0.9368264779814863, 0.06317352201851369]
[0.0, 0.9031318779965396, 0.09686812200346044]
[0.0, 0.9275146757204571, 0.07248532427954295]
[0.0, 0.8918865620166313, 0.10811343798336873]
[0.0, 0.8808599725129157, 0.11914002748708434]
[0.0, 0.8425418220491354, 0.15745817795086453]
[0.0, 0.8927244741275207, 0.10727552587247938]
[0.0, 0.5789520763214306, 0.42104792367856936]
[0.0, 0.9158128817607167, 0.08418711823928322]
[0.0, 0.928675020856074, 0.07132497914392598]
[0.0, 0.9466466279213706, 0.05335337207862946]
[0.0, 0.9511558342479621, 0.04884416575203784]
[0.0, 0.9345067126344393, 0.06549328736556068]
[0.0, 0.9360539903540379, 0.06394600964596206]
[0.0, 0.8542326084444525, 0.14576739155554755]
[0.0, 0.6202396043669367, 0.37976039563306324]
[0.0, 0.8781739620840276, 0.12182603791597237]
[0.0, 0.8155912634277509, 0.18440873657224904]
[0.0, 0.9462751433299061, 0.05372485667009385]
[0.0, 0.6325698369496914, 0.3674301630503086]
[0.0, 0.5847256429551202, 0.41527435704487986]
[1.0, 0.4615284528924669, 0.5384715471075331]
[0.0, 0.5824045930851661, 0.4175954069148339]
[0.0, 0.5972121053521029, 0.4027878946478971]
[0.0, 0.5667471052784767, 0.4332528947215233]
[0.0, 0.8533107236093883, 0.14668927639061166]
[0.0, 0.8357494323876782, 0.16425056761232185]
[0.0, 0.9231804737192119, 0.0768195262807881]
[0.0, 0.9306316201631439, 0.06936837983685612]
[0.0, 0.910571781482048, 0.08942821851795199]
[0.0, 0.9493121280906084, 0.050687871909391634]
[0.0, 0.9234288469309343, 0.07657115306906574]
[0.0, 0.5659289996979657, 0.43407100030203427]
[0.0, 0.756523287101888, 0.24347671289811204]
[0.0, 0.5800684013153627, 0.4199315986846372]
[0.0, 0.7627215984149648, 0.23727840158503521]
[0.0, 0.596664066619075, 0.40333593338092505]
[0.0, 0.7631971338631179, 0.23680286613688206]
[0.0, 0.9409040231841174, 0.05909597681588261]
[0.0, 0.6762289107933436, 0.3237710892066564]
[0.0, 0.8991767105643168, 0.10082328943568324]
[0.0, 0.7779989845599942, 0.22200101544000586]
[0.0, 0.8891312314755764, 0.11086876852442357]
[0.0, 0.9676082065944085, 0.03239179340559151]
[0.0, 0.8257752146266705, 0.17422478537332955]
[1.0, 0.5358427538402198, 0.46415724615978016]
[1.0, 0.47380102720502304, 0.526198972794977]
[0.0, 0.6392632633935769, 0.3607367366064231]
[0.0, 0.8216718157254871, 0.17832818427451294]
[0.0, 0.6642696114919953, 0.3357303885080047]
[0.0, 0.8984263427402478, 0.10157365725975223]
[0.0, 0.8230814043124017, 0.17691859568759832]
[0.0, 0.9445574895320756, 0.05544251046792434]
[0.0, 0.8687772024106614, 0.13122279758933864]
[1.0, 0.4633111267380815, 0.5366888732619185]
[1.0, 0.5124215024009049, 0.48757849759909505]
[0.0, 0.7664747416332344, 0.23352525836676566]
[0.0, 0.795655089959724, 0.204344910040276]
[0.0, 0.8471023058572115, 0.15289769414278856]
[0.0, 0.5794500584118717, 0.4205499415881283]
[0.0, 0.6929384558755226, 0.3070615441244774]
[0.0, 0.8545898869531832, 0.1454101130468169]
[0.0, 0.6728795500642475, 0.32712044993575257]
[0.0, 0.5524321486147044, 0.4475678513852956]
[0.0, 0.8801873418571328, 0.11981265814286722]
[0.0, 0.9321510297305887, 0.06784897026941125]
[0.0, 0.8837414501810403, 0.1162585498189597]
[0.0, 0.6879096249176413, 0.3120903750823587]
[1.0, 0.5017387049717896, 0.49826129502821037]
[0.0, 0.7122348200491038, 0.28776517995089623]
[0.0, 0.6024127291240359, 0.3975872708759641]
[1.0, 0.4094692278918096, 0.5905307721081904]
[1.0, 0.47065738821648573, 0.5293426117835143]
[1.0, 0.439873795495504, 0.560126204504496]
[0.0, 0.5887720921639078, 0.4112279078360922]
[0.0, 0.6643344806426839, 0.3356655193573162]
[0.0, 0.805348472392833, 0.194651527607167]
[0.0, 0.6059584618307224, 0.39404153816927756]
[1.0, 0.23466666540127268, 0.7653333345987273]
[1.0, 0.27010633770290515, 0.7298936622970948]
[0.0, 0.8272064717206684, 0.17279352827933153]
[0.0, 0.9480887436900233, 0.05191125630997675]
[0.0, 0.9128579851555451, 0.08714201484445494]
[0.0, 0.8795042501486904, 0.12049574985130962]
[1.0, 0.41064289490835915, 0.5893571050916409]
[1.0, 0.30377072021339424, 0.6962292797866058]
[1.0, 0.28365774191556936, 0.7163422580844306]
[1.0, 0.17731319283316638, 0.8226868071668336]
[1.0, 0.14079138658631807, 0.8592086134136819]
[1.0, 0.3162565997496718, 0.6837434002503282]
[1.0, 0.313261874067576, 0.686738125932424]
[1.0, 0.05729149055814231, 0.9427085094418577]
[1.0, 0.32375372600477403, 0.676246273995226]
[1.0, 0.08508499142543147, 0.9149150085745685]
[1.0, 0.07614177470159766, 0.9238582252984023]
[1.0, 0.1403332144117002, 0.8596667855882998]
[1.0, 0.12642412847338746, 0.8735758715266125]
[1.0, 0.029967108026453637, 0.9700328919735464]
[1.0, 0.030955130258234043, 0.969044869741766]
[1.0, 0.20811246025159236, 0.7918875397484076]
[1.0, 0.08093581907915182, 0.9190641809208482]
[1.0, 0.47687310939408645, 0.5231268906059136]
[1.0, 0.16912625206965615, 0.8308737479303439]
[1.0, 0.07472757940060126, 0.9252724205993987]
[1.0, 0.07069204170531418, 0.9293079582946858]
[1.0, 0.23153246912657888, 0.7684675308734211]
[1.0, 0.19730177553564843, 0.8026982244643516]
[1.0, 0.3111591439933673, 0.6888408560066327]
[1.0, 0.19988286409238953, 0.8001171359076105]
[1.0, 0.49035220554587433, 0.5096477944541257]
[1.0, 0.32126391491178374, 0.6787360850882163]
[1.0, 0.4358004302636763, 0.5641995697363237]
[0.0, 0.5608770925031281, 0.4391229074968719]
[1.0, 0.23969802759077496, 0.760301972409225]
[1.0, 0.22358756538979518, 0.7764124346102048]
[1.0, 0.38479020456828894, 0.6152097954317111]
[1.0, 0.45581433922554626, 0.5441856607744537]
[0.0, 0.5666781192978618, 0.4333218807021381]
[1.0, 0.21683350028622417, 0.7831664997137758]
[1.0, 0.4594027532113213, 0.5405972467886787]
[1.0, 0.32436101289398334, 0.6756389871060167]
[1.0, 0.1562041384989401, 0.8437958615010599]
[1.0, 0.22090041403363392, 0.7790995859663661]
[1.0, 0.18069146721513052, 0.8193085327848695]
[1.0, 0.233312774233282, 0.766687225766718]
[1.0, 0.2137585696083123, 0.7862414303916877]
[1.0, 0.08093334103628647, 0.9190666589637135]
[1.0, 0.34273631132955207, 0.6572636886704479]
[1.0, 0.1881891765785757, 0.8118108234214243]
[1.0, 0.17512062225811076, 0.8248793777418892]
[1.0, 0.057225597223399705, 0.9427744027766003]
[1.0, 0.05812549455879723, 0.9418745054412028]
[1.0, 0.049330492525166414, 0.9506695074748336]
[1.0, 0.24694525752724628, 0.7530547424727537]
[1.0, 0.15822222462195368, 0.8417777753780463]
[1.0, 0.1297424622422897, 0.8702575377577103]
[1.0, 0.14417192712750393, 0.8558280728724961]
[1.0, 0.1971371882776658, 0.8028628117223342]
[1.0, 0.15900898955546905, 0.840991010444531]
[1.0, 0.228398029998786, 0.771601970001214]
[1.0, 0.23175984400976957, 0.7682401559902304]
[1.0, 0.09438144835117646, 0.9056185516488235]
[1.0, 0.12761733298285594, 0.8723826670171441]
[1.0, 0.2518382512566031, 0.7481617487433969]
[1.0, 0.1038371462473594, 0.8961628537526406]
[1.0, 0.34664544687872, 0.65335455312128]
[1.0, 0.3635369587082783, 0.6364630412917217]
[1.0, 0.23981173967834535, 0.7601882603216547]
[1.0, 0.36973254545465717, 0.6302674545453428]
[1.0, 0.38952834983401075, 0.6104716501659893]
[1.0, 0.12272093967543196, 0.877279060324568]
[1.0, 0.12515205757747794, 0.8748479424225221]
[1.0, 0.08095104676401554, 0.9190489532359845]
[1.0, 0.25223372766034236, 0.7477662723396576]
[0.0, 0.5959826011361027, 0.40401739886389737]
[1.0, 0.19560939205432626, 0.8043906079456737]
[1.0, 0.15905069206665134, 0.8409493079333487]
[1.0, 0.1540947712009485, 0.8459052287990515]
[1.0, 0.2790458585414618, 0.7209541414585382]
[1.0, 0.1453612405559147, 0.8546387594440853]
[1.0, 0.1390550565403319, 0.8609449434596681]
[1.0, 0.36457374948264376, 0.6354262505173562]
[1.0, 0.1047316018947354, 0.8952683981052646]
[1.0, 0.20617113382131946, 0.7938288661786805]
[1.0, 0.10394541434278137, 0.8960545856572186]
[1.0, 0.3349910009881383, 0.6650089990118617]
[1.0, 0.2087920746862637, 0.7912079253137363]
[1.0, 0.15584337938562298, 0.844156620614377]
[1.0, 0.1000548962571266, 0.8999451037428734]
[1.0, 0.49735595377802966, 0.5026440462219703]
[1.0, 0.26285148481993237, 0.7371485151800676]
[1.0, 0.4512886114453175, 0.5487113885546825]
[0.0, 0.6370659406591047, 0.3629340593408953]
[0.0, 0.6812072927985513, 0.31879270720144864]
[1.0, 0.37253879040429794, 0.6274612095957021]
[0.0, 0.5910278808236997, 0.40897211917630033]
[1.0, 0.4735081314653483, 0.5264918685346517]
[1.0, 0.525743782612967, 0.47425621738703305]
[0.0, 0.6048356238027461, 0.3951643761972539]
[1.0, 0.14597288462162894, 0.8540271153783711]
[0.0, 0.6824413068660169, 0.31755869313398305]
[0.0, 0.8581705360194392, 0.1418294639805609]
[0.0, 0.7956690610887108, 0.20433093891128914]
[0.0, 0.585825469585463, 0.414174530414537]
[0.0, 0.5690499701981766, 0.43095002980182334]
[1.0, 0.47907038067777363, 0.5209296193222264]
[1.0, 0.3636115398840425, 0.6363884601159575]
[0.0, 0.8484080808975096, 0.1515919191024904]
[1.0, 0.27254682102766215, 0.7274531789723379]
[0.0, 0.6075732832726515, 0.3924267167273486]
[1.0, 0.5187420992291325, 0.4812579007708675]
[1.0, 0.31837262819362455, 0.6816273718063754]
[0.0, 0.7760158048322523, 0.22398419516774765]
[1.0, 0.5249605028410724, 0.4750394971589276]
[1.0, 0.30869827080613266, 0.6913017291938673]
[1.0, 0.18544841243024657, 0.8145515875697534]
[1.0, 0.10700091582693805, 0.892999084173062]
[1.0, 0.1314616324460618, 0.8685383675539382]
[1.0, 0.24238240523858479, 0.7576175947614152]
[1.0, 0.26637059031627974, 0.7336294096837203]
[1.0, 0.3138146371139421, 0.6861853628860579]
[0.0, 0.6949551559887404, 0.3050448440112597]
[1.0, 0.3199476907987231, 0.6800523092012769]
[1.0, 0.4161886026860683, 0.5838113973139317]
[0.0, 0.6191566386063685, 0.38084336139363145]
[0.0, 0.5738808054538973, 0.4261191945461027]
[1.0, 0.3133432720433693, 0.6866567279566307]
[1.0, 0.45718283842179697, 0.542817161578203]
[0.0, 0.7191096796052224, 0.28089032039477757]
[1.0, 0.27771305404231617, 0.7222869459576838]
[1.0, 0.20050837455762416, 0.7994916254423758]
[1.0, 0.5206859435324029, 0.4793140564675971]
[1.0, 0.1617115348932484, 0.8382884651067516]
[0.0, 0.686117667072254, 0.313882332927746]
[1.0, 0.3851953279568976, 0.6148046720431024]
[1.0, 0.18369784400337863, 0.8163021559966214]
[1.0, 0.38182422996566723, 0.6181757700343328]
[1.0, 0.197786145762622, 0.802213854237378]
[1.0, 0.2219928059419125, 0.7780071940580875]
[1.0, 0.1316542154217577, 0.8683457845782423]
[1.0, 0.23782324763973917, 0.7621767523602608]
[1.0, 0.28106298643257766, 0.7189370135674223]
[1.0, 0.23685876716467036, 0.7631412328353296]
[1.0, 0.2823241073501296, 0.7176758926498704]
[1.0, 0.10515897863570633, 0.8948410213642937]
[1.0, 0.310121136434684, 0.689878863565316]
[1.0, 0.24358774363732993, 0.7564122563626701]
[1.0, 0.4012247656363567, 0.5987752343636433]
[1.0, 0.2770638443998109, 0.7229361556001891]
[1.0, 0.14450548301856392, 0.8554945169814361]
[1.0, 0.15855132666339655, 0.8414486733366034]
[1.0, 0.26582044992129894, 0.7341795500787011]
[1.0, 0.18858408975854946, 0.8114159102414505]
[1.0, 0.4927796685320248, 0.5072203314679752]
[1.0, 0.3936254323353864, 0.6063745676646136]
[1.0, 0.31704868784555196, 0.682951312154448]
[1.0, 0.1151204259141605, 0.8848795740858395]
[1.0, 0.46694789828614847, 0.5330521017138515]
[1.0, 0.5049561500548563, 0.4950438499451438]
[1.0, 0.21367019724175373, 0.7863298027582463]
[1.0, 0.4538085377710005, 0.5461914622289995]
[1.0, 0.14510908751596618, 0.8548909124840338]
[1.0, 0.2896739105028937, 0.7103260894971063]
[1.0, 0.35808854004956625, 0.6419114599504337]
[1.0, 0.05498762253740741, 0.9450123774625926]
[1.0, 0.0780843500559022, 0.9219156499440978]
[1.0, 0.22416545969336277, 0.7758345403066372]
[1.0, 0.07827693145554893, 0.9217230685444511]
[1.0, 0.1007200639167215, 0.8992799360832785]
[1.0, 0.13936645972292372, 0.8606335402770763]
[1.0, 0.14093235807427595, 0.859067641925724]
[0.0, 0.6115896714551345, 0.3884103285448655]
[1.0, 0.29600410296283275, 0.7039958970371673]
[1.0, 0.22491615404362242, 0.7750838459563776]
[1.0, 0.21283047982312564, 0.7871695201768744]
[1.0, 0.07923965802944011, 0.9207603419705599]
[1.0, 0.27573492633064256, 0.7242650736693574]
[1.0, 0.13371105909154768, 0.8662889409084523]
[1.0, 0.20759713670762026, 0.7924028632923797]
[0.0, 0.5626730530705004, 0.43732694692949964]
[1.0, 0.46385008622695767, 0.5361499137730423]
[1.0, 0.18214390874328046, 0.8178560912567195]
[1.0, 0.26905217518002855, 0.7309478248199714]
[1.0, 0.32376675016905176, 0.6762332498309482]
[1.0, 0.4880201734496401, 0.5119798265503599]
[1.0, 0.2500212547429085, 0.7499787452570915]
[1.0, 0.5271585843213711, 0.472841415678629]
[1.0, 0.24114753465996774, 0.7588524653400323]
[1.0, 0.30546518695509806, 0.6945348130449019]
[1.0, 0.12231269183582583, 0.8776873081641742]
[0.0, 0.5934082561432068, 0.4065917438567932]
[1.0, 0.15271269159449086, 0.8472873084055091]
[1.0, 0.14202236807242385, 0.8579776319275761]
[0.0, 0.5761040732184207, 0.4238959267815793]
[1.0, 0.4124826653059236, 0.5875173346940764]
[0.0, 0.6050803600509229, 0.39491963994907703]
[1.0, 0.37854675004885996, 0.62145324995114]
[1.0, 0.4658574833494743, 0.5341425166505257]
[1.0, 0.49348296560951765, 0.5065170343904823]
[1.0, 0.33908330943464926, 0.6609166905653507]
[1.0, 0.44987616702656674, 0.5501238329734333]
[1.0, 0.3444108210088427, 0.6555891789911573]
[0.0, 0.5814110094686473, 0.4185889905313527]
[1.0, 0.2085459508640256, 0.7914540491359744]
[1.0, 0.20979431861638165, 0.7902056813836184]
[1.0, 0.3629907875389833, 0.6370092124610167]
[1.0, 0.2704084506191745, 0.7295915493808255]
[1.0, 0.5307042568898508, 0.46929574311014927]
[1.0, 0.18511888431607348, 0.8148811156839265]
[0.0, 0.5924065327506767, 0.4075934672493234]
[1.0, 0.2659769271608666, 0.7340230728391334]
[1.0, 0.21847530410593885, 0.7815246958940611]
[1.0, 0.27550742692784413, 0.7244925730721559]
[1.0, 0.34701909070109516, 0.6529809092989048]
[1.0, 0.2995041869740487, 0.7004958130259513]
[1.0, 0.17811871765203025, 0.8218812823479698]
[1.0, 0.10900064143788968, 0.8909993585621103]
[1.0, 0.2763868566149975, 0.7236131433850025]
[1.0, 0.16293132786445907, 0.8370686721355409]
[1.0, 0.38088225717795665, 0.6191177428220433]
[1.0, 0.37275517902485356, 0.6272448209751464]
[1.0, 0.13716892423559768, 0.8628310757644023]
[1.0, 0.18240608091920774, 0.8175939190807923]
[1.0, 0.27149481518766205, 0.728505184812338]
[1.0, 0.1311336368920477, 0.8688663631079523]
[1.0, 0.31240655261903105, 0.687593447380969]
[1.0, 0.14957893414163503, 0.850421065858365]
[1.0, 0.23244509335782393, 0.7675549066421761]
[1.0, 0.10937628582005343, 0.8906237141799466]
[1.0, 0.19257668040831255, 0.8074233195916874]
[1.0, 0.09117423151776693, 0.9088257684822331]
[1.0, 0.21036537832606306, 0.7896346216739369]
[1.0, 0.0975422703701797, 0.9024577296298203]
[1.0, 0.22499823580521994, 0.7750017641947801]
[1.0, 0.21735437226845356, 0.7826456277315464]
[1.0, 0.21418803105691486, 0.7858119689430851]
[1.0, 0.2573727535677417, 0.7426272464322583]
[1.0, 0.3026901885469939, 0.6973098114530061]
[1.0, 0.3517657863924878, 0.6482342136075122]
[1.0, 0.17270625585564414, 0.8272937441443559]
[0.0, 0.6535843477728349, 0.3464156522271651]
[1.0, 0.4790467423195578, 0.5209532576804422]
[1.0, 0.2899063274455298, 0.7100936725544702]
[1.0, 0.43976195913779026, 0.5602380408622097]
[1.0, 0.2383550666647789, 0.7616449333352211]
[1.0, 0.32481194143316017, 0.6751880585668398]
[1.0, 0.22689107713275403, 0.773108922867246]
[1.0, 0.28721155847466273, 0.7127884415253373]
[1.0, 0.13935556370353752, 0.8606444362964625]
[1.0, 0.506184473680634, 0.49381552631936604]
[0.0, 0.5917976371508431, 0.4082023628491569]
[1.0, 0.23417404633669536, 0.7658259536633046]
[0.0, 0.8079897680612402, 0.1920102319387598]
[1.0, 0.3116456527459769, 0.6883543472540231]
[0.0, 0.8948145981033101, 0.10518540189668994]
[0.0, 0.6065754495540234, 0.3934245504459765]
[0.0, 0.6307248010405022, 0.3692751989594978]
[0.0, 0.5890244656482131, 0.4109755343517869]
[0.0, 0.9046879971311037, 0.09531200286889628]
[1.0, 0.31252170682571734, 0.6874782931742827]
[1.0, 0.17082257755538788, 0.8291774224446121]
[1.0, 0.4252642179842454, 0.5747357820157546]
[1.0, 0.4405191996972533, 0.5594808003027467]
[1.0, 0.18756591484336305, 0.812434085156637]
[1.0, 0.2305083917410441, 0.7694916082589559]
[1.0, 0.2086417653742274, 0.7913582346257726]
[1.0, 0.5293517816102707, 0.47064821838972926]
[1.0, 0.33710940601330697, 0.662890593986693]
[1.0, 0.34166033651207495, 0.658339663487925]
[1.0, 0.35209150131913125, 0.6479084986808687]
[1.0, 0.33658491504079247, 0.6634150849592075]
[1.0, 0.1625826835295825, 0.8374173164704175]
[1.0, 0.258900622120084, 0.741099377879916]
[1.0, 0.14023476442956984, 0.8597652355704302]
[1.0, 0.2467706534126547, 0.7532293465873453]
[1.0, 0.22360363016664864, 0.7763963698333514]
[1.0, 0.3265891771516739, 0.6734108228483261]
[1.0, 0.14357550405138297, 0.856424495948617]
[1.0, 0.38154411981178826, 0.6184558801882117]
[1.0, 0.05758426663886895, 0.942415733361131]
[1.0, 0.2950136330244637, 0.7049863669755363]
[1.0, 0.15492209056238915, 0.8450779094376109]
[1.0, 0.09004708504327841, 0.9099529149567216]
[1.0, 0.17774937214670594, 0.8222506278532941]
[1.0, 0.1632540056566547, 0.8367459943433453]
[1.0, 0.2343419481077803, 0.7656580518922197]
[1.0, 0.2306377626840096, 0.7693622373159904]
[1.0, 0.14684982120649215, 0.8531501787935079]
[1.0, 0.495986390628948, 0.504013609371052]
[1.0, 0.470379590812517, 0.529620409187483]
[1.0, 0.2664175924607045, 0.7335824075392955]
[0.0, 0.7558807503819978, 0.24411924961800222]
[0.0, 0.5817575040325318, 0.41824249596746815]
[0.0, 0.7606195023388627, 0.2393804976611373]
[0.0, 0.6087406820127017, 0.3912593179872983]
[1.0, 0.2491103484496593, 0.7508896515503407]
[1.0, 0.2825734829003147, 0.7174265170996853]
[1.0, 0.5045475511308231, 0.495452448869177]
[0.0, 0.6241209744220225, 0.3758790255779775]
[1.0, 0.3806518198077531, 0.6193481801922469]
[1.0, 0.18399192298867717, 0.8160080770113228]
[1.0, 0.3373279913890129, 0.6626720086109871]
[0.0, 0.6026993142313096, 0.3973006857686904]
[0.0, 0.561112307787317, 0.43888769221268303]
[1.0, 0.3728726254644975, 0.6271273745355025]
[1.0, 0.3172619349186192, 0.6827380650813808]
[1.0, 0.17399803742061193, 0.8260019625793881]
[0.0, 0.7300715070059194, 0.26992849299408067]
[1.0, 0.4436478288470024, 0.5563521711529976]
[0.0, 0.575439398462064, 0.424560601537936]
[1.0, 0.4462015215263423, 0.5537984784736577]
[1.0, 0.3009646899514563, 0.6990353100485437]
[0.0, 0.6472758544025492, 0.35272414559745086]
[1.0, 0.1731274242768568, 0.8268725757231432]
[1.0, 0.5123820228910176, 0.4876179771089823]
[1.0, 0.30922474088283436, 0.6907752591171656]
[1.0, 0.46328979204182485, 0.5367102079581751]
[1.0, 0.2200574445360276, 0.7799425554639724]
[1.0, 0.17995640940065183, 0.8200435905993482]
[0.0, 0.6584254070556325, 0.34157459294436754]
[1.0, 0.2741729973157976, 0.7258270026842024]
[0.0, 0.5662756480534441, 0.43372435194655595]
[1.0, 0.441578366217672, 0.558421633782328]
[1.0, 0.3250261113599008, 0.6749738886400992]
[0.0, 0.5657067681452927, 0.4342932318547073]
[1.0, 0.17155237470931295, 0.828447625290687]
[1.0, 0.20476626735247483, 0.7952337326475252]
[1.0, 0.1617919835946321, 0.8382080164053679]
[1.0, 0.1363465570211474, 0.8636534429788526]
[1.0, 0.26427854316221877, 0.7357214568377812]
[0.0, 0.575627478435015, 0.42437252156498495]
[0.0, 0.6487531170871582, 0.3512468829128418]
[0.0, 0.6225436283431174, 0.37745637165688256]
[1.0, 0.33801409576135977, 0.6619859042386402]
[1.0, 0.3602280866952532, 0.6397719133047468]
[1.0, 0.2152212868206952, 0.7847787131793048]
[1.0, 0.3421179588018153, 0.6578820411981847]
[1.0, 0.2622611154074722, 0.7377388845925278]
[0.0, 0.6324742295711412, 0.3675257704288588]
[1.0, 0.48695186825581993, 0.5130481317441801]
[0.0, 0.5935001501602987, 0.40649984983970133]
[1.0, 0.03747747419795977, 0.9625225258020402]
[1.0, 0.39053823355164163, 0.6094617664483584]
[1.0, 0.23707234036675662, 0.7629276596332434]
[1.0, 0.20148880724136953, 0.7985111927586305]
[1.0, 0.24155786261393786, 0.7584421373860621]
[1.0, 0.42043715040515806, 0.579562849594842]
[1.0, 0.29306930233746153, 0.7069306976625385]
[0.0, 0.7299190642819164, 0.27008093571808356]
[0.0, 0.8993134937790017, 0.10068650622099823]
[0.0, 0.9010777930002857, 0.09892220699971431]
[0.0, 0.9252531041534762, 0.07474689584652379]
[0.0, 0.9130698963197751, 0.0869301036802249]
[0.0, 0.8071627885867694, 0.19283721141323068]
[0.0, 0.7978885283287523, 0.20211147167124768]
[0.0, 0.866864853610026, 0.13313514638997404]
[0.0, 0.9434804659158276, 0.05651953408417246]
[0.0, 0.8453507190908008, 0.1546492809091992]
[0.0, 0.9505459579762249, 0.04945404202377509]
[0.0, 0.8900023833222358, 0.10999761667776421]
[0.0, 0.9535319673918266, 0.04646803260817348]
[0.0, 0.8971384255118974, 0.10286157448810258]
[0.0, 0.7856041182348845, 0.21439588176511554]
[0.0, 0.9146992315177508, 0.08530076848224925]
[0.0, 0.7786888742584491, 0.22131112574155085]
[0.0, 0.7068736556499368, 0.29312634435006324]
[0.0, 0.7920768221279348, 0.20792317787206516]
[1.0, 0.34382602745880575, 0.6561739725411943]
[1.0, 0.29447215704618035, 0.7055278429538197]
[0.0, 0.7901611547224369, 0.2098388452775631]
[0.0, 0.6712242749249417, 0.32877572507505826]
[0.0, 0.9511338335480551, 0.04886616645194488]
[0.0, 0.9630651766169818, 0.036934823383018206]
[0.0, 0.9259800502435903, 0.07401994975640966]
[0.0, 0.8435512879207465, 0.15644871207925354]
[0.0, 0.8232919521822845, 0.17670804781771554]
[0.0, 0.8093116190975282, 0.1906883809024718]
[0.0, 0.7573065748567924, 0.2426934251432076]
[0.0, 0.5529347344464144, 0.4470652655535856]
[0.0, 0.8488816945571745, 0.15111830544282542]
[0.0, 0.6728173355686285, 0.32718266443137145]
[0.0, 0.8664732093906399, 0.13352679060936012]
[1.0, 0.3361849321729039, 0.6638150678270961]
[0.0, 0.5795572474443342, 0.4204427525556658]
[0.0, 0.7886265671002318, 0.21137343289976818]
[0.0, 0.7259098565257811, 0.27409014347421895]
[0.0, 0.733157776593475, 0.26684222340652497]
[0.0, 0.7871528037839532, 0.2128471962160467]
[0.0, 0.8416696645811093, 0.1583303354188908]
[0.0, 0.9088034838622988, 0.09119651613770119]
[0.0, 0.5835591228291586, 0.4164408771708414]
[0.0, 0.8000274497953204, 0.19997255020467963]
[0.0, 0.7635034090818402, 0.23649659091815983]
[1.0, 0.4296475812876591, 0.5703524187123409]
[0.0, 0.7864477004283822, 0.2135522995716178]
[1.0, 0.4984388718469791, 0.5015611281530209]
[1.0, 0.4210622684069233, 0.5789377315930767]
[0.0, 0.7018924550788976, 0.2981075449211023]
[1.0, 0.5175636781806685, 0.4824363218193315]
[0.0, 0.6927793924639872, 0.30722060753601277]
[0.0, 0.8067244752659966, 0.19327552473400345]
[0.0, 0.725816754164472, 0.27418324583552794]
[0.0, 0.947888192080141, 0.05211180791985898]
[0.0, 0.900036488580257, 0.099963511419743]
[0.0, 0.9184832017466189, 0.08151679825338105]
[0.0, 0.5878594867547376, 0.41214051324526235]
[0.0, 0.803641354126632, 0.19635864587336804]
[0.0, 0.75328851037121, 0.24671148962879]
[1.0, 0.34510437109343073, 0.6548956289065693]
[0.0, 0.7776022202317334, 0.2223977797682666]
[0.0, 0.6754640772431424, 0.3245359227568576]
[1.0, 0.5250384688897733, 0.47496153111022665]
[0.0, 0.6252356176733995, 0.3747643823266005]
[0.0, 0.6413583135917342, 0.3586416864082658]
[1.0, 0.40617838878773704, 0.593821611212263]
[0.0, 0.8555777891235905, 0.14442221087640955]
[0.0, 0.8282738930170315, 0.17172610698296856]
[0.0, 0.9455239592387255, 0.05447604076127455]
[0.0, 0.7020724387475736, 0.2979275612524264]
[0.0, 0.7584831894767756, 0.24151681052322443]
[0.0, 0.6204729492778622, 0.3795270507221377]
[0.0, 0.9273726608249911, 0.07262733917500885]
[0.0, 0.8005648006640126, 0.19943519933598744]
[0.0, 0.900547438387083, 0.099452561612917]
[0.0, 0.8957522513337395, 0.10424774866626048]
[0.0, 0.7654464078751944, 0.23455359212480564]
[1.0, 0.5022637259526748, 0.49773627404732523]
[0.0, 0.86644581156262, 0.13355418843737996]
[0.0, 0.7313021461112316, 0.26869785388876843]
[0.0, 0.8702178126986706, 0.12978218730132945]
[0.0, 0.7233851137717117, 0.27661488622828834]
[0.0, 0.7285325678636094, 0.2714674321363906]
[0.0, 0.5549409853982887, 0.4450590146017112]
[0.0, 0.7547603436864702, 0.24523965631352984]
[1.0, 0.24859187185091058, 0.7514081281490894]
[0.0, 0.8429485776223993, 0.15705142237760067]
[0.0, 0.7891341733979984, 0.21086582660200162]
[0.0, 0.8708122130349236, 0.12918778696507638]
[0.0, 0.7761365251150207, 0.2238634748849792]
[0.0, 0.7105269264824843, 0.28947307351751567]
[0.0, 0.7536072103063741, 0.2463927896936259]
[0.0, 0.5969681623015093, 0.40303183769849066]
[0.0, 0.7599615433280253, 0.24003845667197465]
[0.0, 0.8341989112747474, 0.16580108872525262]
[0.0, 0.8867022994021994, 0.11329770059780067]
[0.0, 0.6299964300184493, 0.37000356998155065]
[0.0, 0.7832632118122358, 0.21673678818776423]
[0.0, 0.7786962723817376, 0.22130372761826247]
[1.0, 0.4020099378428079, 0.5979900621571921]
[1.0, 0.5181101987831738, 0.4818898012168262]
[1.0, 0.28064606752864374, 0.7193539324713563]
[0.0, 0.7126735908536668, 0.2873264091463333]
[1.0, 0.37783640687405573, 0.6221635931259443]
[0.0, 0.7640639272640247, 0.23593607273597525]
[1.0, 0.3590813634388056, 0.6409186365611944]
[0.0, 0.8664681675998464, 0.13353183240015365]
[0.0, 0.7730874871258551, 0.2269125128741449]
[0.0, 0.8273771657642421, 0.17262283423575792]
[1.0, 0.390606273423709, 0.609393726576291]
[0.0, 0.78136099163578, 0.21863900836422]
[0.0, 0.596462694651881, 0.4035373053481191]
[0.0, 0.8784027142586991, 0.12159728574130091]
[0.0, 0.8608173542868834, 0.13918264571311656]
[1.0, 0.41032029994784947, 0.5896797000521505]
[0.0, 0.7256692126851125, 0.27433078731488747]
[1.0, 0.26249386118781903, 0.737506138812181]
[0.0, 0.6868653336277213, 0.31313466637227877]
[1.0, 0.3875388654439209, 0.6124611345560791]
[0.0, 0.7110762518479741, 0.28892374815202587]
[0.0, 0.5494524021306644, 0.4505475978693356]
[0.0, 0.7149156987993928, 0.2850843012006073]
[0.0, 0.9350882005819411, 0.06491179941805887]
[0.0, 0.8502952431562828, 0.14970475684371717]
[0.0, 0.7750167067749478, 0.22498329322505214]
[0.0, 0.8856550413699824, 0.11434495863001765]
[0.0, 0.7859583292192669, 0.21404167078073308]
[0.0, 0.9306207793815608, 0.06937922061843921]
[0.0, 0.8275667755739124, 0.17243322442608758]
[0.0, 0.7267778028376604, 0.2732221971623397]
[0.0, 0.7869740038661939, 0.2130259961338061]
[0.0, 0.631938632963253, 0.36806136703674697]
[0.0, 0.6682825571144217, 0.3317174428855783]
[0.0, 0.7530328114337026, 0.24696718856629735]
[0.0, 0.749754212374272, 0.250245787625728]
[0.0, 0.6669756338385592, 0.3330243661614408]
[0.0, 0.6484489820923114, 0.35155101790768856]
[0.0, 0.813678411270961, 0.18632158872903903]
[1.0, 0.48981530055609024, 0.5101846994439098]
[0.0, 0.7491324746725466, 0.2508675253274534]
[0.0, 0.676533976720672, 0.32346602327932805]
[1.0, 0.5064561404475252, 0.4935438595524748]
[0.0, 0.6437134516440363, 0.35628654835596374]
[0.0, 0.6311001277657065, 0.3688998722342936]
[1.0, 0.2949880495999988, 0.7050119504000012]
[1.0, 0.33755400959638826, 0.6624459904036117]
[1.0, 0.4141043395056413, 0.5858956604943587]
[1.0, 0.4212527468485978, 0.5787472531514022]
[0.0, 0.673383393726864, 0.32661660627313605]
[0.0, 0.5695140937202158, 0.4304859062797842]
[1.0, 0.46325076915306074, 0.5367492308469393]
[1.0, 0.49420729961923815, 0.5057927003807619]
[1.0, 0.38718423071961827, 0.6128157692803817]
[0.0, 0.7049560404033673, 0.29504395959663265]
[1.0, 0.2905457253875108, 0.7094542746124892]
[0.0, 0.7091705318335295, 0.29082946816647043]
[1.0, 0.3859901941435474, 0.6140098058564526]
[0.0, 0.5716987078733978, 0.4283012921266022]
[1.0, 0.49180260110271334, 0.5081973988972867]
[1.0, 0.3831911623710681, 0.6168088376289319]
[0.0, 0.8068941704930978, 0.19310582950690222]
[1.0, 0.14530441710957975, 0.8546955828904202]
[0.0, 0.8193938305625899, 0.1806061694374101]
[1.0, 0.4749429532846581, 0.5250570467153419]
[1.0, 0.5226507509428082, 0.4773492490571917]
[1.0, 0.4132247822789511, 0.5867752177210489]
[1.0, 0.28575129166967506, 0.7142487083303249]
[0.0, 0.6595229844386022, 0.34047701556139776]
[1.0, 0.49001774889413374, 0.5099822511058663]
[0.0, 0.5792345703813075, 0.4207654296186924]
[0.0, 0.8187943743063153, 0.18120562569368467]
[0.0, 0.8345336934658958, 0.16546630653410418]
[0.0, 0.8677982318078321, 0.13220176819216795]
[0.0, 0.8880212413335319, 0.11197875866646816]
[0.0, 0.8797562071368134, 0.12024379286318669]
[0.0, 0.932536168676736, 0.06746383132326397]
[0.0, 0.7642661792919145, 0.23573382070808543]
[0.0, 0.9265338417682034, 0.07346615823179664]
[0.0, 0.7967655961479218, 0.20323440385207822]
[0.0, 0.8718997465977849, 0.12810025340221515]
[0.0, 0.9288893507123404, 0.07111064928765963]
[0.0, 0.950025216876268, 0.04997478312373204]
[0.0, 0.9786217620280814, 0.02137823797191866]
[0.0, 0.9627919823623912, 0.037208017637608795]
[0.0, 0.9651633463340219, 0.034836653665978115]
[0.0, 0.9779581258929861, 0.02204187410701387]
[0.0, 0.9592738926177593, 0.04072610738224065]
[0.0, 0.8745451519148664, 0.1254548480851336]
[0.0, 0.8825740173747403, 0.11742598262525974]
[0.0, 0.944188529725538, 0.055811470274462004]
[0.0, 0.9554364764662485, 0.04456352353375149]
[0.0, 0.8778022421135232, 0.12219775788647678]
[0.0, 0.9684190547926486, 0.031580945207351475]
[0.0, 0.9128741605833508, 0.08712583941664925]
[0.0, 0.7672431846071369, 0.23275681539286308]
[0.0, 0.8895221786634001, 0.11047782133659992]
[1.0, 0.5172064686551304, 0.4827935313448696]
[0.0, 0.5658438410981533, 0.43415615890184667]
[0.0, 0.8080633064594986, 0.1919366935405013]
[0.0, 0.6804032811796299, 0.31959671882037005]
[0.0, 0.8426318373676461, 0.15736816263235387]
[0.0, 0.8988695340874865, 0.10113046591251354]
[0.0, 0.7949105157998865, 0.2050894842001135]
[0.0, 0.5466039121697611, 0.4533960878302389]
[0.0, 0.6408662765528821, 0.35913372344711797]
[0.0, 0.8251713814571934, 0.17482861854280665]
[0.0, 0.9033340227786636, 0.09666597722133638]
[1.0, 0.3841971795420476, 0.6158028204579524]
[0.0, 0.8301747056469739, 0.16982529435302607]
[0.0, 0.888404051591186, 0.11159594840881398]
[0.0, 0.8296942130997228, 0.17030578690027717]
[0.0, 0.7968784248474732, 0.20312157515252677]
[0.0, 0.924270929397771, 0.07572907060222903]
[0.0, 0.896393858323664, 0.10360614167633601]
[0.0, 0.9055381610989491, 0.09446183890105084]
[0.0, 0.8977948949779324, 0.1022051050220676]
[0.0, 0.7655610173537135, 0.23443898264628651]
[0.0, 0.8907427708742753, 0.10925722912572466]
[0.0, 0.5630271390513115, 0.4369728609486884]
[0.0, 0.8863020330058464, 0.11369796699415358]
[0.0, 0.9110040866275475, 0.08899591337245254]
[1.0, 0.5359716780830811, 0.4640283219169189]
[0.0, 0.8792878126070314, 0.12071218739296867]
[0.0, 0.8996449054762954, 0.10035509452370461]
[0.0, 0.7839683269219035, 0.21603167307809643]
[0.0, 0.8447664191759936, 0.15523358082400635]
[0.0, 0.8522565166599521, 0.14774348334004792]
[0.0, 0.8595130192444066, 0.1404869807555934]
[0.0, 0.8325105117052846, 0.16748948829471544]
[0.0, 0.9683901771032322, 0.03160982289676779]
[0.0, 0.9690637435791758, 0.03093625642082423]
[0.0, 0.9690637435791758, 0.03093625642082423]
[0.0, 0.9690637435791758, 0.03093625642082423]
[0.0, 0.9690637435791758, 0.03093625642082423]
[0.0, 0.9690637435791758, 0.03093625642082423]
[0.0, 0.9690637435791758, 0.03093625642082423]
[0.0, 0.9690637435791758, 0.03093625642082423]
[0.0, 0.9684593631553498, 0.03154063684465024]
[0.0, 0.9684593631553498, 0.03154063684465024]
[0.0, 0.9652331646578447, 0.034766835342155245]
[0.0, 0.9700532714834162, 0.029946728516583733]
[0.0, 0.9720395827103697, 0.027960417289630272]
[0.0, 0.6258893640107912, 0.3741106359892088]
[0.0, 0.7950628504643522, 0.20493714953564784]
[0.0, 0.5562032348671391, 0.44379676513286087]
[0.0, 0.8364395485323433, 0.1635604514676567]
[0.0, 0.8014299815052216, 0.1985700184947784]
[0.0, 0.89560156037519, 0.10439843962480998]
[0.0, 0.9280908710292363, 0.07190912897076376]
[0.0, 0.7967927981970845, 0.20320720180291552]
[0.0, 0.894956267772299, 0.10504373222770105]
[0.0, 0.8313039144218755, 0.16869608557812452]
[0.0, 0.9307029247959031, 0.06929707520409685]
[0.0, 0.9469895863875347, 0.053010413612465314]
[0.0, 0.941823156927946, 0.05817684307205398]
[0.0, 0.9482668290239692, 0.051733170976030834]
[0.0, 0.941823156927946, 0.05817684307205398]
[0.0, 0.9780750662645057, 0.021924933735494354]
[0.0, 0.8522591398124698, 0.14774086018753022]
[0.0, 0.904360084878342, 0.09563991512165801]
[0.0, 0.8881053433966579, 0.11189465660334205]
[0.0, 0.8342895023976844, 0.16571049760231565]
[0.0, 0.5924737327374798, 0.4075262672625201]
[0.0, 0.7559263111481563, 0.2440736888518437]
[0.0, 0.8373163747030412, 0.16268362529695884]
[0.0, 0.9307128856096238, 0.06928711439037619]
[0.0, 0.866832863194781, 0.13316713680521902]
[0.0, 0.9339212541582292, 0.06607874584177077]
[0.0, 0.9239749846953402, 0.07602501530465977]
[0.0, 0.8058205570600762, 0.1941794429399238]
[0.0, 0.9141132476415947, 0.08588675235840532]
[0.0, 0.761950606663313, 0.23804939333668693]
[0.0, 0.7347476525627437, 0.26525234743725634]
[0.0, 0.753334851756739, 0.246665148243261]
[0.0, 0.709355198400849, 0.290644801599151]
[0.0, 0.7857744811613782, 0.21422551883862181]
[0.0, 0.7579473441678606, 0.24205265583213936]
[0.0, 0.7621253237887151, 0.2378746762112849]
[0.0, 0.8251058535357725, 0.1748941464642275]
[0.0, 0.7043663801782307, 0.29563361982176933]
[0.0, 0.8673210929809689, 0.13267890701903107]
[0.0, 0.8900864431615216, 0.10991355683847841]
[0.0, 0.9074712307933166, 0.0925287692066834]
[0.0, 0.661536794314011, 0.338463205685989]
[0.0, 0.8193691243911853, 0.18063087560881477]
[0.0, 0.8018196040747136, 0.19818039592528638]
[0.0, 0.9624599268993007, 0.03754007310069931]
[0.0, 0.7823516492893775, 0.21764835071062247]
[0.0, 0.7987876624086263, 0.20121233759137366]
[0.0, 0.9736663640599486, 0.026333635940051434]
[0.0, 0.956180682517185, 0.043819317482814944]
[1.0, 0.5362106471042816, 0.4637893528957185]
[1.0, 0.40341485123320575, 0.5965851487667942]
[1.0, 0.08527286361521347, 0.9147271363847865]
[1.0, 0.031041782130076467, 0.9689582178699235]
[1.0, 0.10035069029623334, 0.8996493097037667]
[1.0, 0.09575306425933161, 0.9042469357406684]
[1.0, 0.04973900116528207, 0.9502609988347179]
[1.0, 0.0281257823133374, 0.9718742176866626]
[1.0, 0.029997493159155564, 0.9700025068408444]
[1.0, 0.04140447672563363, 0.9585955232743664]
[1.0, 0.11474041945489766, 0.8852595805451023]
[1.0, 0.11355953243759054, 0.8864404675624095]
[1.0, 0.10097132387873509, 0.8990286761212649]
[1.0, 0.04510278499313636, 0.9548972150068636]
[1.0, 0.32068277626472785, 0.6793172237352721]
[1.0, 0.12821548394526316, 0.8717845160547368]
[1.0, 0.40382461772035216, 0.5961753822796478]
[1.0, 0.13900682156864663, 0.8609931784313534]
[1.0, 0.30020157805310377, 0.6997984219468962]
[1.0, 0.21097565332210932, 0.7890243466778907]
[1.0, 0.15030485769875523, 0.8496951423012448]
[1.0, 0.07077375785865547, 0.9292262421413445]
[1.0, 0.11810100107516286, 0.8818989989248371]
[1.0, 0.10178638388304018, 0.8982136161169598]
[1.0, 0.08349103977662209, 0.9165089602233779]
[1.0, 0.36470305709470296, 0.635296942905297]
[1.0, 0.13808762512152095, 0.861912374878479]
[1.0, 0.1692597774664023, 0.8307402225335977]
[1.0, 0.07986168996001597, 0.920138310039984]
[1.0, 0.16456641953514384, 0.8354335804648562]
[1.0, 0.11811348525579823, 0.8818865147442018]
[1.0, 0.17043664802916803, 0.829563351970832]
[1.0, 0.09733882136704597, 0.902661178632954]
[1.0, 0.08599211449271893, 0.9140078855072811]
[1.0, 0.05286203116890331, 0.9471379688310967]
[1.0, 0.1331317368094962, 0.8668682631905038]
[1.0, 0.08637797720693308, 0.9136220227930669]
[1.0, 0.053743629236293056, 0.9462563707637069]
[1.0, 0.04895433477709121, 0.9510456652229088]
[1.0, 0.030816576031627352, 0.9691834239683726]
[1.0, 0.09045872653023335, 0.9095412734697667]
[1.0, 0.15734509091418625, 0.8426549090858138]
[1.0, 0.11707045531421634, 0.8829295446857837]
[1.0, 0.13630591770086464, 0.8636940822991354]
[1.0, 0.138715955255292, 0.861284044744708]
[1.0, 0.21948165720070456, 0.7805183427992954]
[1.0, 0.2851107230380294, 0.7148892769619706]
[1.0, 0.14096243312072898, 0.859037566879271]
[1.0, 0.22778973158436377, 0.7722102684156362]
[1.0, 0.3969985202725137, 0.6030014797274863]
[0.0, 0.622872752697524, 0.37712724730247604]
[1.0, 0.39580676889918365, 0.6041932311008164]
[1.0, 0.3867301823394238, 0.6132698176605762]
[1.0, 0.16461340704532879, 0.8353865929546712]
[1.0, 0.23605419589572263, 0.7639458041042774]
[0.0, 0.5500257437410758, 0.4499742562589241]
[1.0, 0.45772124274632897, 0.542278757253671]
[1.0, 0.5239157375798384, 0.47608426242016155]
[0.0, 0.7087759851869139, 0.29122401481308613]
[0.0, 0.6363605543308891, 0.3636394456691109]
[1.0, 0.1898097878567957, 0.8101902121432043]
[1.0, 0.290302751620544, 0.709697248379456]
[1.0, 0.17565359876891573, 0.8243464012310843]
[1.0, 0.4449508795207978, 0.5550491204792022]
[1.0, 0.28182362112911574, 0.7181763788708843]
[1.0, 0.2686911427006773, 0.7313088572993227]
[1.0, 0.04705381899858263, 0.9529461810014174]
[0.0, 0.5604833338693138, 0.4395166661306862]
[1.0, 0.348393245671036, 0.651606754328964]
[1.0, 0.5234933443621834, 0.47650665563781663]
[1.0, 0.23069532537676118, 0.7693046746232388]
[1.0, 0.3529385495865275, 0.6470614504134725]
[0.0, 0.6292998183621625, 0.3707001816378374]
[0.0, 0.6636041058689901, 0.33639589413100984]
[1.0, 0.2633730024096602, 0.7366269975903398]
[1.0, 0.46121900326026377, 0.5387809967397362]
[1.0, 0.5116045341708284, 0.48839546582917165]
[1.0, 0.4475073852015977, 0.5524926147984023]
[1.0, 0.48333911877159685, 0.5166608812284031]
[1.0, 0.53809101217826, 0.4619089878217399]
[1.0, 0.4964264990601197, 0.5035735009398803]
[1.0, 0.4419115748197169, 0.5580884251802831]
[1.0, 0.2816699955013572, 0.7183300044986428]
[1.0, 0.4946147333874473, 0.5053852666125527]
[1.0, 0.2889878655123136, 0.7110121344876864]
[1.0, 0.05511380700389312, 0.9448861929961069]
[1.0, 0.13046966778916125, 0.8695303322108388]
[1.0, 0.15866745942091476, 0.8413325405790852]
[1.0, 0.14700598976537882, 0.8529940102346212]
[1.0, 0.11041382785584064, 0.8895861721441594]
[1.0, 0.14075090281308045, 0.8592490971869196]
[1.0, 0.08560846325199656, 0.9143915367480034]
[1.0, 0.060371609957555306, 0.9396283900424447]
[1.0, 0.055152913189381425, 0.9448470868106186]
[1.0, 0.06534367834179367, 0.9346563216582063]
[1.0, 0.08374859289098469, 0.9162514071090153]
[1.0, 0.06670789729047222, 0.9332921027095278]
[1.0, 0.07792723739079976, 0.9220727626092002]
[1.0, 0.055377691378028504, 0.9446223086219715]
[1.0, 0.06519859300776998, 0.93480140699223]
[1.0, 0.045451869628963526, 0.9545481303710365]
[1.0, 0.04750301386583655, 0.9524969861341634]
[1.0, 0.04831024209874213, 0.9516897579012579]
[1.0, 0.07164224011126608, 0.9283577598887339]
[1.0, 0.05279801655576044, 0.9472019834442396]
[1.0, 0.08080473101119412, 0.9191952689888059]
[1.0, 0.061136006056840886, 0.9388639939431591]
[1.0, 0.12388455727272285, 0.8761154427272771]
[1.0, 0.05958898906930021, 0.9404110109306998]
[1.0, 0.037567314143361674, 0.9624326858566383]
[1.0, 0.04338955390949917, 0.9566104460905008]
[1.0, 0.029168388037459136, 0.9708316119625409]
[1.0, 0.037507251552938325, 0.9624927484470617]
[1.0, 0.047006123936065736, 0.9529938760639343]
[1.0, 0.038252813790005114, 0.9617471862099949]
[1.0, 0.020149690327929015, 0.979850309672071]
[1.0, 0.04269141413113442, 0.9573085858688656]
[1.0, 0.016052794599654474, 0.9839472054003455]
[1.0, 0.030547283073741438, 0.9694527169262586]
[1.0, 0.06695508626522895, 0.933044913734771]
[1.0, 0.07959824163801366, 0.9204017583619863]
[1.0, 0.05468160887402418, 0.9453183911259758]
[1.0, 0.030921745186356264, 0.9690782548136437]
[1.0, 0.03405367839380402, 0.965946321606196]
[1.0, 0.06584036766125057, 0.9341596323387494]
[1.0, 0.2219792977007018, 0.7780207022992982]
[1.0, 0.38545081958321115, 0.6145491804167889]
[1.0, 0.1398170808970951, 0.8601829191029049]
[0.0, 0.6032040253801781, 0.39679597461982186]
[1.0, 0.11517564761516141, 0.8848243523848386]
[1.0, 0.2277902426554147, 0.7722097573445853]
[1.0, 0.024510583451770818, 0.9754894165482292]
[1.0, 0.2288086644768963, 0.7711913355231037]
[1.0, 0.04793894139582755, 0.9520610586041724]
[1.0, 0.09798560576663473, 0.9020143942333653]
[1.0, 0.09036485103011571, 0.9096351489698843]
[1.0, 0.035124194506080175, 0.9648758054939198]
[1.0, 0.29349955102274927, 0.7065004489772507]
[1.0, 0.3299514440440413, 0.6700485559559587]
[1.0, 0.20054263226381297, 0.799457367736187]
[1.0, 0.5271861826950824, 0.47281381730491756]
[0.0, 0.9459741852506858, 0.054025814749314206]
[0.0, 0.8725490996993545, 0.12745090030064557]
[0.0, 0.9382268538803819, 0.06177314611961811]
[0.0, 0.9611976244244232, 0.0388023755755768]
[0.0, 0.8869553533848129, 0.11304464661518714]
[0.0, 0.5515851810571354, 0.4484148189428646]
[0.0, 0.9257338040659975, 0.07426619593400248]
[0.0, 0.9386256706120033, 0.06137432938799675]
[1.0, 0.3477211714705669, 0.6522788285294331]
[0.0, 0.8444199169974078, 0.15558008300259213]
[0.0, 0.6840688763355962, 0.31593112366440385]
[0.0, 0.9621734194275798, 0.03782658057242021]
[0.0, 0.8350237647825342, 0.16497623521746585]
[0.0, 0.9044833827070278, 0.09551661729297223]
[0.0, 0.9320499609242703, 0.06795003907572976]
[0.0, 0.9698654633036341, 0.03013453669636587]
[0.0, 0.9385862309319294, 0.06141376906807058]
[0.0, 0.8900165226180705, 0.10998347738192946]
[0.0, 0.8218748133145641, 0.17812518668543592]
[0.0, 0.7567468757141977, 0.24325312428580226]
[0.0, 0.9314265467907465, 0.06857345320925348]
[0.0, 0.9575182861723585, 0.04248171382764159]
[0.0, 0.9449530005674486, 0.05504699943255138]
[0.0, 0.9833256419921564, 0.016674358007843577]
[0.0, 0.9331693418848575, 0.0668306581151426]
[0.0, 0.9695357458710508, 0.0304642541289492]
[0.0, 0.9847396660610839, 0.015260333938916102]
[0.0, 0.9818027517317415, 0.01819724826825848]
[0.0, 0.9325945412999517, 0.0674054587000483]
[0.0, 0.731374849302215, 0.26862515069778503]
[0.0, 0.7270112512387026, 0.2729887487612975]
[0.0, 0.9109507004159326, 0.08904929958406739]
[0.0, 0.7895209802866061, 0.21047901971339383]
[0.0, 0.7494978776219932, 0.25050212237800684]
[0.0, 0.8530033190520653, 0.14699668094793475]
[0.0, 0.9088249553266239, 0.09117504467337614]
[0.0, 0.7952958242076943, 0.20470417579230574]
[0.0, 0.8420473465900916, 0.15795265340990836]
[0.0, 0.7309093236989799, 0.2690906763010202]
[0.0, 0.5747728524048421, 0.4252271475951579]
[0.0, 0.9385706934583038, 0.061429306541696226]
[0.0, 0.7367370495323133, 0.2632629504676867]
[0.0, 0.6261072750663479, 0.3738927249336521]
[0.0, 0.7080859990626414, 0.2919140009373587]
[0.0, 0.8659836040784857, 0.1340163959215143]
[0.0, 0.8143553412280805, 0.18564465877191946]
[0.0, 0.7960477834994439, 0.20395221650055612]
[0.0, 0.8991266376771332, 0.1008733623228668]
[0.0, 0.8143437796817897, 0.18565622031821027]
[0.0, 0.7487557832716583, 0.2512442167283418]
[0.0, 0.8011524004355862, 0.19884759956441375]
[0.0, 0.8894271600690651, 0.11057283993093489]
[1.0, 0.5138033316071868, 0.4861966683928132]
[0.0, 0.8506126569634342, 0.1493873430365658]
[0.0, 0.5528733118709626, 0.4471266881290375]
[0.0, 0.7484674125901911, 0.2515325874098089]
[0.0, 0.5841038699118521, 0.4158961300881479]
[0.0, 0.5929851164017077, 0.4070148835982923]
[0.0, 0.7836932682424309, 0.21630673175756912]
[0.0, 0.7681536522313097, 0.23184634776869026]
[0.0, 0.8574303501384778, 0.14256964986152224]
[0.0, 0.7879558004055591, 0.21204419959444087]
[0.0, 0.7710242600237213, 0.22897573997627876]
[0.0, 0.6925564598254317, 0.30744354017456826]
[0.0, 0.7789757960648394, 0.22102420393516065]
[0.0, 0.8503064284537161, 0.14969357154628388]
[0.0, 0.8777237911549358, 0.12227620884506421]
[0.0, 0.9033374432484633, 0.09666255675153672]
[0.0, 0.8801781041520378, 0.11982189584796217]
[0.0, 0.9406798897446794, 0.05932011025532057]
[0.0, 0.951178610206458, 0.04882138979354204]
[0.0, 0.9376799658351129, 0.06232003416488703]
[0.0, 0.9179400275305718, 0.08205997246942823]
[0.0, 0.8772090986325876, 0.12279090136741247]
[0.0, 0.8950407153664647, 0.10495928463353534]
[0.0, 0.8530798207595129, 0.14692017924048706]
[0.0, 0.8039552975762339, 0.19604470242376612]
[0.0, 0.7377641709664433, 0.26223582903355674]
[0.0, 0.9165651533877877, 0.08343484661221233]
[0.0, 0.8601484173038075, 0.1398515826961925]
[1.0, 0.41122934557614377, 0.5887706544238562]
[0.0, 0.9401754296508305, 0.05982457034916956]
[0.0, 0.9108232890771615, 0.08917671092283855]
[0.0, 0.9036796581491784, 0.09632034185082157]
[0.0, 0.8998234121547452, 0.10017658784525486]
[0.0, 0.8372807153226478, 0.1627192846773522]
[0.0, 0.7005501631090796, 0.2994498368909205]
[0.0, 0.7978085373769374, 0.20219146262306267]
[0.0, 0.9348523737182964, 0.06514762628170352]
[0.0, 0.9648020595767528, 0.03519794042324724]
[0.0, 0.8924805907271202, 0.10751940927287984]
[0.0, 0.8596903646488904, 0.14030963535110963]
[1.0, 0.5246223521451259, 0.47537764785487413]
[1.0, 0.2389019133665634, 0.7610980866334366]
[1.0, 0.5437325532426605, 0.4562674467573395]
[0.0, 0.6540433170478583, 0.34595668295214166]
[0.0, 0.6208017699750221, 0.3791982300249779]
[0.0, 0.7954319252942588, 0.20456807470574118]
[0.0, 0.5467964378806695, 0.45320356211933055]
[0.0, 0.8013784633584624, 0.19862153664153756]
[0.0, 0.8293861939552661, 0.1706138060447339]
[0.0, 0.8374421824061125, 0.16255781759388752]
[0.0, 0.7583630955773258, 0.2416369044226742]
[0.0, 0.8995630000173899, 0.10043699998261009]
[0.0, 0.7819931235798591, 0.2180068764201409]
[0.0, 0.7706854579140943, 0.22931454208590576]
[0.0, 0.951345317104802, 0.048654682895198025]
[0.0, 0.9145995138160606, 0.08540048618393938]
[0.0, 0.9658869768154608, 0.03411302318453924]
[0.0, 0.9376664025277736, 0.062333597472226394]
[0.0, 0.8589980746514292, 0.14100192534857087]
[0.0, 0.7155115224540741, 0.2844884775459259]
[0.0, 0.7722087812475495, 0.2277912187524504]
[0.0, 0.8248386597118509, 0.1751613402881491]
[0.0, 0.7425382341395474, 0.2574617658604526]
[0.0, 0.7425125392220948, 0.25748746077790513]
[0.0, 0.6844797668395814, 0.31552023316041855]
[0.0, 0.8327912296039837, 0.16720877039601628]
[0.0, 0.7727932040207119, 0.22720679597928803]
[0.0, 0.764910721440721, 0.23508927855927897]
[0.0, 0.849506067374747, 0.15049393262525304]
[0.0, 0.5486360110843831, 0.45136398891561696]
[0.0, 0.913857081980942, 0.08614291801905809]
[0.0, 0.7396954755316659, 0.2603045244683341]
[0.0, 0.9476997364458448, 0.052300263554155194]
[0.0, 0.9106243260466793, 0.08937567395332073]
[0.0, 0.7808463293042662, 0.21915367069573372]
[1.0, 0.5201045664462796, 0.4798954335537204]
[1.0, 0.2362389957472515, 0.7637610042527485]
[0.0, 0.6459174574577954, 0.3540825425422046]
[0.0, 0.7421146834812611, 0.2578853165187389]
[0.0, 0.8602691658537613, 0.13973083414623863]
[0.0, 0.6389694727722887, 0.36103052722771134]
[0.0, 0.8400416738838266, 0.1599583261161734]
[0.0, 0.733453519918102, 0.2665464800818979]
[0.0, 0.8175330256016279, 0.18246697439837212]
[0.0, 0.9262736537306101, 0.07372634626938986]
[0.0, 0.9288411157624358, 0.07115888423756421]
[0.0, 0.7949438175958052, 0.2050561824041947]
[0.0, 0.7963106331338524, 0.20368936686614758]
[0.0, 0.667620055511722, 0.33237994448827807]
[0.0, 0.615516652772456, 0.3844833472275439]
[0.0, 0.8860750117823324, 0.11392498821766764]
[0.0, 0.6098813835482217, 0.3901186164517783]
[0.0, 0.8600173036185093, 0.13998269638149072]
[0.0, 0.8071320866983136, 0.19286791330168646]
[0.0, 0.7286572770872473, 0.27134272291275274]
[0.0, 0.5737045208405858, 0.4262954791594143]
[0.0, 0.7425295891819144, 0.2574704108180856]
[0.0, 0.7857494805691468, 0.21425051943085313]
[0.0, 0.8726085673048634, 0.12739143269513667]
[0.0, 0.8027439461991379, 0.19725605380086214]
[0.0, 0.8570519788435819, 0.14294802115641816]
[0.0, 0.7749162975470107, 0.22508370245298928]
[0.0, 0.7663081161606606, 0.2336918838393393]
[0.0, 0.8224903879824713, 0.1775096120175287]
[0.0, 0.5493153670967919, 0.45068463290320815]
[0.0, 0.6266241671797961, 0.37337583282020387]
[0.0, 0.9151856375141048, 0.0848143624858952]
[0.0, 0.791351296276422, 0.20864870372357805]
[0.0, 0.9109665507873497, 0.08903344921265027]
[1.0, 0.37790303674188674, 0.6220969632581133]
[0.0, 0.7277534440622527, 0.27224655593774727]
[0.0, 0.7558907145596561, 0.24410928544034388]
[0.0, 0.7991436894627769, 0.2008563105372231]
[1.0, 0.4467774783304045, 0.5532225216695955]
[0.0, 0.665096550253131, 0.33490344974686903]
[0.0, 0.8414808810062907, 0.15851911899370927]
[1.0, 0.5123377898048483, 0.48766221019515166]
[0.0, 0.737755168496647, 0.2622448315033529]
[0.0, 0.7692850052612143, 0.23071499473878562]
[0.0, 0.7673565657081942, 0.23264343429180573]
[0.0, 0.6934847495072162, 0.30651525049278383]
[0.0, 0.7654713696165375, 0.2345286303834625]
[0.0, 0.8549720281418394, 0.1450279718581606]
[1.0, 0.430879081664742, 0.569120918335258]
[0.0, 0.8509269311757439, 0.14907306882425608]
[0.0, 0.8300263841901638, 0.16997361580983622]
[0.0, 0.734217059531522, 0.265782940468478]
[0.0, 0.5571229594947046, 0.4428770405052954]
[0.0, 0.8374888893542378, 0.16251111064576215]
[0.0, 0.6041970317600052, 0.39580296823999483]
[0.0, 0.6344765949096507, 0.3655234050903493]
[0.0, 0.7894431757261112, 0.2105568242738888]
[0.0, 0.8017490483396384, 0.19825095166036158]
[1.0, 0.4395050687859069, 0.5604949312140931]
[0.0, 0.8806456992223575, 0.11935430077764247]
[0.0, 0.6463529160419369, 0.3536470839580631]
[0.0, 0.5557485671536373, 0.4442514328463627]
[1.0, 0.39806572719546585, 0.6019342728045342]
[1.0, 0.5199784641887848, 0.4800215358112152]
[1.0, 0.4589049708550288, 0.5410950291449712]
[0.0, 0.5851142817109859, 0.4148857182890141]
[0.0, 0.9185530307412951, 0.0814469692587049]
[0.0, 0.8895554381049373, 0.11044456189506272]
[0.0, 0.7539161480450429, 0.24608385195495713]
[0.0, 0.9347127504102036, 0.0652872495897964]
[0.0, 0.8674064916241918, 0.13259350837580822]
[0.0, 0.6892451266321857, 0.3107548733678142]
[0.0, 0.6649817657094201, 0.33501823429057986]
[1.0, 0.5355691925570076, 0.4644308074429923]
[0.0, 0.841743715843954, 0.15825628415604592]
[0.0, 0.8966233462971088, 0.10337665370289117]
[0.0, 0.6459433306721739, 0.3540566693278261]
[0.0, 0.6402134103438776, 0.3597865896561224]
[0.0, 0.8566396284675202, 0.14336037153247977]
[0.0, 0.7085294433324792, 0.29147055666752075]
[0.0, 0.8111293678936174, 0.18887063210638252]
[0.0, 0.8319242986241746, 0.16807570137582542]
[0.0, 0.8070532393289558, 0.1929467606710442]
[0.0, 0.814670575026847, 0.185329424973153]
[0.0, 0.8149696534683719, 0.18503034653162803]
[0.0, 0.5502926110446378, 0.44970738895536216]
[0.0, 0.8958370102766106, 0.10416298972338948]
[0.0, 0.9279348089023871, 0.07206519109761286]
[0.0, 0.8540752307057051, 0.14592476929429493]
[0.0, 0.769004416189628, 0.23099558381037197]
[0.0, 0.8195660185766546, 0.1804339814233454]
[0.0, 0.9686397462998227, 0.03136025370017722]
[0.0, 0.9487877698289674, 0.051212230171032554]
[0.0, 0.9287775046047154, 0.07122249539528454]
[0.0, 0.8992058679534638, 0.10079413204653623]
[0.0, 0.7129487041331461, 0.28705129586685385]
[0.0, 0.5505447063033837, 0.4494552936966163]
[0.0, 0.6879519051044807, 0.3120480948955193]
[0.0, 0.5526413882830412, 0.44735861171695873]
[1.0, 0.49253939523562007, 0.5074606047643799]
[0.0, 0.847145197877233, 0.15285480212276706]
[1.0, 0.47689874691146295, 0.523101253088537]
[0.0, 0.8997510756013333, 0.10024892439866674]
[0.0, 0.7435865218432218, 0.2564134781567781]
[1.0, 0.26849365428735394, 0.7315063457126461]
[0.0, 0.7873119257384428, 0.2126880742615572]
[0.0, 0.7122045642669004, 0.2877954357330996]
[0.0, 0.8669804100784514, 0.13301958992154864]
[0.0, 0.877249849799556, 0.12275015020044394]
[0.0, 0.9094836957924076, 0.09051630420759234]
[0.0, 0.8750203238468183, 0.12497967615318177]
[0.0, 0.9672158304144265, 0.032784169585573515]
[0.0, 0.9419813130229665, 0.058018686977033516]
[0.0, 0.9571465241073045, 0.0428534758926955]
[0.0, 0.9348660391650754, 0.06513396083492458]
[0.0, 0.9584695646855631, 0.04153043531443692]
[0.0, 0.9561916693598198, 0.04380833064018022]
[0.0, 0.9385837061176238, 0.06141629388237624]
[0.0, 0.9499273364655738, 0.05007266353442613]
[0.0, 0.9515961761813243, 0.04840382381867568]
[0.0, 0.8211470703377957, 0.17885292966220437]
[0.0, 0.9583827595739057, 0.04161724042609429]
[0.0, 0.969552886418441, 0.030447113581558997]
[0.0, 0.9346462871914717, 0.06535371280852831]
[0.0, 0.865127471516379, 0.134872528483621]
[0.0, 0.9377445951951546, 0.062255404804845385]
[0.0, 0.9552508706627706, 0.04474912933722946]
[0.0, 0.9737291450994354, 0.026270854900564605]
[0.0, 0.9722484682952084, 0.02775153170479163]
[0.0, 0.9724455751751159, 0.02755442482488416]
[0.0, 0.949320495220304, 0.050679504779696016]
[0.0, 0.7339174496647534, 0.2660825503352467]
[0.0, 0.948973378127335, 0.05102662187266505]
[0.0, 0.901707512671811, 0.09829248732818899]
[0.0, 0.9410383832541684, 0.05896161674583155]
[0.0, 0.8786253092211643, 0.1213746907788357]
[0.0, 0.9100031552795075, 0.08999684472049252]
[0.0, 0.8589992415970535, 0.14100075840294643]
[0.0, 0.9020203062913155, 0.0979796937086845]
[0.0, 0.9087354541944297, 0.09126454580557025]
[0.0, 0.9608161881968726, 0.03918381180312732]
[0.0, 0.9646104060604062, 0.035389593939593796]
[0.0, 0.9762681652146294, 0.023731834785370543]
[0.0, 0.9399253374749648, 0.06007466252503529]
[0.0, 0.9232833794710674, 0.07671662052893254]
[0.0, 0.9462696147265978, 0.053730385273402216]
[0.0, 0.7513907227283305, 0.2486092772716695]
[0.0, 0.9100966638491849, 0.08990333615081514]
[0.0, 0.9513604226338424, 0.048639577366157635]
[0.0, 0.9404802674975534, 0.059519732502446535]
[0.0, 0.9565544597895946, 0.04344554021040535]
[0.0, 0.9174572644353538, 0.08254273556464625]
[0.0, 0.9666884008473337, 0.03331159915266634]
[0.0, 0.958074647174731, 0.04192535282526896]
[0.0, 0.9874943802677039, 0.012505619732296155]
[0.0, 0.9597965450339775, 0.04020345496602248]
[0.0, 0.8480956123772628, 0.1519043876227372]
[0.0, 0.9069211718896542, 0.09307882811034586]
[0.0, 0.6639687046891998, 0.33603129531080017]
[0.0, 0.8136796584604171, 0.18632034153958293]
[0.0, 0.9647761783404214, 0.03522382165957866]
[0.0, 0.9563284885608396, 0.04367151143916036]
[0.0, 0.9635805763283877, 0.036419423671612355]
[0.0, 0.794178848924304, 0.20582115107569604]
[0.0, 0.8936167308188566, 0.10638326918114334]
[0.0, 0.861787316215887, 0.13821268378411303]
[0.0, 0.9186095362829729, 0.08139046371702713]
[0.0, 0.9543042126215078, 0.045695787378492184]
[0.0, 0.9820195600125395, 0.017980439987460413]
[0.0, 0.988361196007902, 0.011638803992098096]
[0.0, 0.9722080365683653, 0.02779196343163469]
[0.0, 0.9567592132161028, 0.04324078678389717]
[0.0, 0.9661545861515441, 0.0338454138484558]
[0.0, 0.8656534847372214, 0.13434651526277866]
[0.0, 0.811098034560078, 0.188901965439922]
[0.0, 0.9084804523064393, 0.09151954769356072]
[0.0, 0.9025367176803931, 0.09746328231960694]
[0.0, 0.7630640594806353, 0.23693594051936467]
[0.0, 0.6601696670708286, 0.3398303329291714]
[1.0, 0.2798577183444967, 0.7201422816555033]
[0.0, 0.5467750524858825, 0.45322494751411746]
[1.0, 0.46122199286402077, 0.5387780071359792]
[1.0, 0.35519346775073424, 0.6448065322492658]
[1.0, 0.17197719734067762, 0.8280228026593224]
[1.0, 0.22806317386313557, 0.7719368261368644]
[1.0, 0.09135561783496282, 0.9086443821650372]
[1.0, 0.33572625923340416, 0.6642737407665958]
[0.0, 0.7244872868075715, 0.27551271319242854]
[0.0, 0.7357554840163602, 0.26424451598363985]
[0.0, 0.6644076486138503, 0.33559235138614973]
[0.0, 0.7713350599791692, 0.22866494002083082]
[1.0, 0.5054470397732354, 0.4945529602267646]
[1.0, 0.5361857786507667, 0.4638142213492333]
[1.0, 0.21601670811747642, 0.7839832918825236]
[0.0, 0.6167792424648226, 0.3832207575351773]
[1.0, 0.36721186736140765, 0.6327881326385923]
[0.0, 0.8091816290674214, 0.19081837093257858]
[0.0, 0.7465213689861923, 0.25347863101380774]
[0.0, 0.8556045323226165, 0.14439546767738348]
[1.0, 0.4829084257489328, 0.5170915742510672]
[0.0, 0.6595030553844978, 0.3404969446155022]
[0.0, 0.807804179467277, 0.192195820532723]
[0.0, 0.8975123587584272, 0.10248764124157281]
[0.0, 0.937075928704052, 0.06292407129594803]
[0.0, 0.7109539189559321, 0.2890460810440679]
[0.0, 0.8013178530435947, 0.1986821469564053]
[0.0, 0.9007608266533325, 0.09923917334666754]
[0.0, 0.935882586358108, 0.06411741364189208]
[0.0, 0.9620475292941958, 0.03795247070580424]
[0.0, 0.8793434148898339, 0.12065658511016611]
[0.0, 0.5587545454191651, 0.4412454545808349]
[0.0, 0.6370845424209093, 0.3629154575790907]
[0.0, 0.737135897527673, 0.262864102472327]
[0.0, 0.6076945149613375, 0.39230548503866247]
[0.0, 0.9605352855373535, 0.0394647144626465]
[0.0, 0.9715696958421736, 0.028430304157826426]
[0.0, 0.9615730803530489, 0.03842691964695106]
[0.0, 0.9457713752430538, 0.054228624756946245]
[0.0, 0.8885661364195933, 0.1114338635804067]
[0.0, 0.9214098295926216, 0.0785901704073784]
[0.0, 0.9458971751739675, 0.05410282482603247]
[0.0, 0.9688637148859393, 0.031136285114060774]
[0.0, 0.9113436840008411, 0.08865631599915892]
[0.0, 0.949746810949012, 0.05025318905098799]
[0.0, 0.9897842957503596, 0.010215704249640387]
[0.0, 0.9551735883798853, 0.04482641162011473]
[0.0, 0.9768336093160188, 0.023166390683981224]
[0.0, 0.9700086738756019, 0.02999132612439817]
[0.0, 0.9718043206951518, 0.028195679304848228]
[0.0, 0.926662417433861, 0.07333758256613902]
[0.0, 0.9538987436613376, 0.046101256338662376]
[0.0, 0.9598262189599118, 0.04017378104008817]
[0.0, 0.9900830564926848, 0.009916943507315203]
[0.0, 0.9655831579885293, 0.03441684201147063]
[0.0, 0.9455384629503852, 0.054461537049614796]
[0.0, 0.9609302669456224, 0.039069733054377526]
[0.0, 0.9305695001409232, 0.06943049985907676]
[0.0, 0.9503584690381981, 0.04964153096180192]
[0.0, 0.8961995561938988, 0.10380044380610122]
[0.0, 0.9820072692189419, 0.0179927307810581]
[0.0, 0.9752441454283284, 0.024755854571671638]
[0.0, 0.9445357493450647, 0.055464250654935335]
[0.0, 0.937930087655482, 0.06206991234451802]
[0.0, 0.956125181129999, 0.04387481887000099]
[0.0, 0.9357801026087419, 0.06421989739125814]
[0.0, 0.9156240461895202, 0.08437595381047983]
[0.0, 0.8256238567431757, 0.1743761432568242]
[0.0, 0.8828736139234169, 0.11712638607658307]
[0.0, 0.8457305580894906, 0.15426944191050943]
[0.0, 0.9184548102706198, 0.08154518972938019]
[0.0, 0.9191665117192612, 0.08083348828073876]
[0.0, 0.8038880996844078, 0.19611190031559222]
[0.0, 0.898499894776221, 0.10150010522377897]
[0.0, 0.8340335265787916, 0.1659664734212084]
[0.0, 0.7949505339106514, 0.20504946608934857]
[0.0, 0.8849007364383189, 0.11509926356168111]
[0.0, 0.7243883836948384, 0.2756116163051616]
[0.0, 0.919830381566138, 0.0801696184338621]
[0.0, 0.8760730502277772, 0.12392694977222289]
[0.0, 0.9038110836654288, 0.09618891633457112]
[0.0, 0.9013961161726762, 0.09860388382732371]
[0.0, 0.7781404993182853, 0.22185950068171467]
[0.0, 0.8623092180070518, 0.13769078199294815]
[0.0, 0.7582546963477148, 0.24174530365228517]
[0.0, 0.9154614622228622, 0.08453853777713785]
[0.0, 0.9017100151876902, 0.09828998481230981]
[0.0, 0.7521324104440634, 0.2478675895559366]
[0.0, 0.8305935021399269, 0.16940649786007309]
[0.0, 0.7790795223292122, 0.22092047767078776]
[0.0, 0.8301788047679338, 0.16982119523206618]
[0.0, 0.918058682689596, 0.081941317310404]
[0.0, 0.7829268794034946, 0.21707312059650538]
[0.0, 0.8456281959798806, 0.1543718040201194]
[0.0, 0.8293582278162541, 0.17064177218374588]
[0.0, 0.7211234436673968, 0.2788765563326032]
[1.0, 0.38644317445812637, 0.6135568255418736]
[0.0, 0.8118766161495748, 0.18812338385042515]
[0.0, 0.9415380910840568, 0.0584619089159432]
[0.0, 0.9688736335343373, 0.031126366465662716]
[0.0, 0.9680839844828303, 0.031916015517169743]
[0.0, 0.9640367913045509, 0.03596320869544912]
[0.0, 0.8426669182638719, 0.15733308173612817]
[0.0, 0.8523458656417972, 0.14765413435820282]
[0.0, 0.6391071204320922, 0.3608928795679078]
[1.0, 0.1302648240816423, 0.8697351759183577]
[1.0, 0.2608456533651895, 0.7391543466348105]
[1.0, 0.2402174587211776, 0.7597825412788224]
