[1.0, 7.313372543525354E-7, 0.9999992682366824, 4.260632543396552E-10]
[0.0, 0.9999999993181161, 6.818838421200786E-10, 3.027593047430219E-28]
[0.0, 0.9999999999999976, 2.420870938603656E-15, 3.9863550455818073E-47]
java.lang.ArrayIndexOutOfBoundsException
[0.0, 0.9999999144884026, 8.551159682119755E-8, 5.157593089943511E-16]
[1.0, 3.119647022965353E-7, 0.9999996873694659, 6.658318058692633E-10]
[0.0, 0.9999999997669353, 2.3306478177305985E-10, 9.40897537253567E-19]
[0.0, 1.0, 0.0, 0.0]
[2.0, 0.0, 0.0, 1.0]
[2.0, 0.0, 0.0, 1.0]
[2.0, 0.0, 0.0, 1.0]
[2.0, 0.0, 0.0, 1.0]
[2.0, 0.0, 0.0, 1.0]
[2.0, 0.0, 0.0, 1.0]
[2.0, 0.0, 0.0, 1.0]
[2.0, 0.0, 0.0, 1.0]
[2.0, 0.0, 0.0, 1.0]
[2.0, 0.0, 0.0, 1.0]
[2.0, 0.0, 0.0, 1.0]
[2.0, 0.0, 0.0, 1.0]
[2.0, 0.0, 0.0, 1.0]
[2.0, 0.0, 0.0, 1.0]
[2.0, 0.0, 0.0, 1.0]
[2.0, 0.0, 0.0, 1.0]
[2.0, 0.0, 0.0, 1.0]
[2.0, 0.0, 0.0, 1.0]
[2.0, 0.0, 0.0, 1.0]
[2.0, 0.0, 0.0, 1.0]
java.lang.AssertionError
