[0.0, 0.9915444297683166, 1.223444719510375E-4, 0.008332810153507581, 4.1560561090747903E-7, 2.5638921384532736E-13, 2.0204651785462047E-13, 1.0067265534649557E-14, 1.4526388457240041E-13]
[0.0, 0.9815765983419293, 0.01841364002955867, 9.761627520327846E-6, 9.916530348145721E-13, 7.416146258534299E-22, 4.498174276354979E-25, 1.2859915762156748E-26, 5.296447087067489E-24]
[0.0, 0.9999408590487225, 1.770896920725741E-14, 5.914095125963348E-5, 2.333867422901228E-25, 8.838871970216163E-31, 2.5964383792978472E-31, 2.250483235446359E-42, 5.922168967060391E-38]
java.lang.ArrayIndexOutOfBoundsException
[0.0, 0.757946647994421, 0.14616888473933906, 0.0958839074041207, 5.598621192148287E-7, 5.000967595179788E-20, 5.6113876527704246E-24, 5.8861627721853505E-24, 7.899506105528032E-21]
[2.0, 0.1409708746722921, 0.0020032647626276987, 0.8570258135291161, 4.7035964160038015E-8, 2.5382481217951675E-20, 1.2771433168177305E-24, 6.0553942083582045E-24, 2.28710153656722E-20]
[0.0, 0.9760335257796103, 0.005344817261273851, 0.018621656808626506, 1.5048912032915737E-10, 2.4145555381545107E-24, 3.7036227664667196E-29, 3.517445709278025E-29, 1.1807559535328222E-25]
[0.0, 0.9760335257796103, 0.005344817261273851, 0.018621656808626506, 1.5048912032915737E-10, 2.4145555381545107E-24, 3.7036227664667196E-29, 3.517445709278025E-29, 1.1807559535328222E-25]
[0.0, 0.9760335257796103, 0.005344817261273851, 0.018621656808626506, 1.5048912032915737E-10, 2.4145555381545107E-24, 3.7036227664667196E-29, 3.517445709278025E-29, 1.1807559535328222E-25]
[0.0, 0.9760335257796103, 0.005344817261273851, 0.018621656808626506, 1.5048912032915737E-10, 2.4145555381545107E-24, 3.7036227664667196E-29, 3.517445709278025E-29, 1.1807559535328222E-25]
[0.0, 0.9999992417071158, 9.749044528149697E-8, 6.60802240283165E-7, 1.9851843866734398E-13, 7.925700959966618E-26, 1.5511590676111274E-29, 1.959960556161379E-29, 1.7387298354166892E-27]
[0.0, 1.0, 1.2156630153064931E-105, 1.574511403281939E-246, 1.4056249036998932E-182, 0.0, 0.0, 0.0, 0.0]
[0.0, 1.0, 0.0, 0.0, 0.0, 0.0, 0.0, 0.0, 0.0]
[2.0, 0.0, 0.0, 1.0, 0.0, 0.0, 0.0, 0.0, 0.0]
[2.0, 0.0, 0.0, 1.0, 0.0, 0.0, 0.0, 0.0, 0.0]
[2.0, 0.0, 0.0, 1.0, 0.0, 0.0, 0.0, 0.0, 0.0]
[2.0, 0.0, 0.0, 1.0, 0.0, 0.0, 0.0, 0.0, 0.0]
[2.0, 0.0, 0.0, 1.0, 0.0, 0.0, 0.0, 0.0, 0.0]
[2.0, 0.0, 0.0, 1.0, 0.0, 0.0, 0.0, 0.0, 0.0]
[2.0, 0.0, 0.0, 1.0, 0.0, 0.0, 0.0, 0.0, 0.0]
[2.0, 0.0, 0.0, 1.0, 0.0, 0.0, 0.0, 0.0, 0.0]
[2.0, 0.0, 0.0, 1.0, 0.0, 0.0, 0.0, 0.0, 0.0]
[2.0, 0.0, 0.0, 1.0, 0.0, 0.0, 0.0, 0.0, 0.0]
[2.0, 0.0, 0.0, 1.0, 0.0, 0.0, 0.0, 0.0, 0.0]
[2.0, 0.0, 0.0, 1.0, 0.0, 0.0, 0.0, 0.0, 0.0]
[2.0, 0.0, 0.0, 1.0, 0.0, 0.0, 0.0, 0.0, 0.0]
[2.0, 0.0, 0.0, 1.0, 0.0, 0.0, 0.0, 0.0, 0.0]
[2.0, 0.0, 0.0, 1.0, 0.0, 0.0, 0.0, 0.0, 0.0]
[2.0, 0.0, 0.0, 1.0, 0.0, 0.0, 0.0, 0.0, 0.0]
[2.0, 0.0, 0.0, 1.0, 0.0, 0.0, 0.0, 0.0, 0.0]
[2.0, 0.0, 0.0, 1.0, 0.0, 0.0, 0.0, 0.0, 0.0]
[2.0, 0.0, 0.0, 1.0, 0.0, 0.0, 0.0, 0.0, 0.0]
[2.0, 0.0, 0.0, 1.0, 0.0, 0.0, 0.0, 0.0, 0.0]
java.lang.AssertionError
