[0.0, 0.9955111313550875, 0.0, 0.004488868644912485]
[0.0, 0.9955111313550875, 0.0, 0.004488868644912485]
[0.0, 0.9955111313550875, 0.0, 0.004488868644912485]
[0.0, 0.9955111313550875, 0.0, 0.004488868644912485]
[0.0, 0.9955111313550875, 0.0, 0.004488868644912485]
[0.0, 0.9955111313550875, 0.0, 0.004488868644912485]
[0.0, 0.9955111313550875, 0.0, 0.004488868644912485]
[0.0, 0.9955111313550875, 0.0, 0.004488868644912485]
[0.0, 0.9955111313550875, 0.0, 0.004488868644912485]
[0.0, 0.9955111313550875, 0.0, 0.004488868644912485]
[0.0, 0.9955111313550875, 0.0, 0.004488868644912485]
[0.0, 0.9955111313550875, 0.0, 0.004488868644912485]
[0.0, 0.9955111313550875, 0.0, 0.004488868644912485]
[0.0, 0.9955111313550875, 0.0, 0.004488868644912485]
[0.0, 0.9955111313550875, 0.0, 0.004488868644912485]
[0.0, 0.9955111313550875, 0.0, 0.004488868644912485]
[0.0, 0.9955111313550875, 0.0, 0.004488868644912485]
[0.0, 0.9955111313550875, 0.0, 0.004488868644912485]
[0.0, 0.9955111313550875, 0.0, 0.004488868644912485]
[0.0, 0.9955111313550875, 0.0, 0.004488868644912485]
[0.0, 0.9955111313550875, 0.0, 0.004488868644912485]
[0.0, 0.9955111313550875, 0.0, 0.004488868644912485]
[0.0, 0.9955111313550875, 0.0, 0.004488868644912485]
[0.0, 0.9955111313550875, 0.0, 0.004488868644912485]
[0.0, 0.9955111313550875, 0.0, 0.004488868644912485]
[0.0, 0.9955111313550875, 0.0, 0.004488868644912485]
[0.0, 0.9955111313550875, 0.0, 0.004488868644912485]
[0.0, 0.9955111313550875, 0.0, 0.004488868644912485]
[0.0, 0.9955111313550875, 0.0, 0.004488868644912485]
[0.0, 0.9955111313550875, 0.0, 0.004488868644912485]
[0.0, 0.9955111313550875, 0.0, 0.004488868644912485]
[0.0, 0.9955111313550875, 0.0, 0.004488868644912485]
[0.0, 0.9955111313550875, 0.0, 0.004488868644912485]
[0.0, 0.9955111313550875, 0.0, 0.004488868644912485]
[0.0, 0.9955111313550875, 0.0, 0.004488868644912485]
[0.0, 0.9955111313550875, 0.0, 0.004488868644912485]
[0.0, 0.9955111313550875, 0.0, 0.004488868644912485]
[0.0, 0.9955111313550875, 0.0, 0.004488868644912485]
[0.0, 0.9955111313550875, 0.0, 0.004488868644912485]
[0.0, 0.9955111313550875, 0.0, 0.004488868644912485]
[0.0, 0.9955111313550875, 0.0, 0.004488868644912485]
[0.0, 0.9955111313550875, 0.0, 0.004488868644912485]
[0.0, 0.9955111313550875, 0.0, 0.004488868644912485]
[0.0, 0.9955111313550875, 0.0, 0.004488868644912485]
[0.0, 0.9955111313550875, 0.0, 0.004488868644912485]
[0.0, 0.9955111313550875, 0.0, 0.004488868644912485]
[0.0, 0.9955111313550875, 0.0, 0.004488868644912485]
[0.0, 0.9955111313550875, 0.0, 0.004488868644912485]
[0.0, 0.9955111313550875, 0.0, 0.004488868644912485]
[0.0, 0.9955111313550875, 0.0, 0.004488868644912485]
[1.0, 0.0, 0.9483085456951535, 0.051691454304846486]
[1.0, 0.0, 0.9955111313550875, 0.004488868644912485]
[1.0, 0.0, 0.9026952946182242, 0.09730470538177581]
[1.0, 0.0, 0.9955111313550875, 0.004488868644912485]
[1.0, 0.0, 0.9483085456951535, 0.051691454304846486]
[1.0, 0.0, 0.9955111313550875, 0.004488868644912485]
[1.0, 0.0, 0.9955111313550875, 0.004488868644912485]
[1.0, 0.0, 0.9457355747873332, 0.05426442521266686]
[1.0, 0.0, 0.9955111313550875, 0.004488868644912485]
[1.0, 0.0, 0.9955111313550875, 0.004488868644912485]
[1.0, 0.0, 0.9955111313550875, 0.004488868644912485]
[1.0, 0.0, 0.9955111313550875, 0.004488868644912485]
[1.0, 0.0, 0.9955111313550875, 0.004488868644912485]
[1.0, 0.0, 0.9955111313550875, 0.004488868644912485]
[1.0, 0.0, 0.9955111313550875, 0.004488868644912485]
[1.0, 0.0, 0.9955111313550875, 0.004488868644912485]
[1.0, 0.0, 0.9955111313550875, 0.004488868644912485]
[1.0, 0.0, 0.9955111313550875, 0.004488868644912485]
[1.0, 0.0, 0.9955111313550875, 0.004488868644912485]
[1.0, 0.0, 0.9955111313550875, 0.004488868644912485]
[1.0, 0.0, 0.5942128817846001, 0.4057871182153999]
[1.0, 0.0, 0.9955111313550875, 0.004488868644912485]
[1.0, 0.0, 0.8311134789161921, 0.16888652108380786]
[1.0, 0.0, 0.9955111313550875, 0.004488868644912485]
[1.0, 0.0, 0.9955111313550875, 0.004488868644912485]
[1.0, 0.0, 0.9955111313550875, 0.004488868644912485]
[1.0, 0.0, 0.9974760221659862, 0.002523977834013784]
[1.0, 0.0, 0.9419286094383511, 0.058071390561648895]
[1.0, 0.0, 0.9955111313550875, 0.004488868644912485]
[1.0, 0.0, 0.9955111313550875, 0.004488868644912485]
[1.0, 0.0, 0.9955111313550875, 0.004488868644912485]
[1.0, 0.0, 0.9955111313550875, 0.004488868644912485]
[1.0, 0.0, 0.9955111313550875, 0.004488868644912485]
[1.0, 0.0, 0.5486810551323473, 0.4513189448676527]
[1.0, 0.04741542728475768, 0.9483085456951535, 0.004276027020088808]
[1.0, 0.0, 0.9955111313550875, 0.004488868644912485]
[1.0, 0.0, 0.9955111313550875, 0.004488868644912485]
[1.0, 0.0, 0.9955111313550875, 0.004488868644912485]
[1.0, 0.0, 0.9955111313550875, 0.004488868644912485]
[1.0, 0.0, 0.9955111313550875, 0.004488868644912485]
[1.0, 0.0, 0.9955111313550875, 0.004488868644912485]
[1.0, 0.0, 0.9955111313550875, 0.004488868644912485]
[1.0, 0.0, 0.9955111313550875, 0.004488868644912485]
[1.0, 0.0, 0.9955111313550875, 0.004488868644912485]
[1.0, 0.0, 0.9955111313550875, 0.004488868644912485]
[1.0, 0.0, 0.9955111313550875, 0.004488868644912485]
[1.0, 0.0, 0.9955111313550875, 0.004488868644912485]
[1.0, 0.0, 0.9955111313550875, 0.004488868644912485]
[1.0, 0.0, 0.9955111313550875, 0.004488868644912485]
[1.0, 0.0, 0.9955111313550875, 0.004488868644912485]
[2.0, 0.0, 0.0, 1.0]
[2.0, 0.0, 0.0, 1.0]
[2.0, 0.0, 0.0, 1.0]
[2.0, 0.0, 0.0, 1.0]
[2.0, 0.0, 0.0, 1.0]
[2.0, 0.0, 0.0, 1.0]
[2.0, 0.0, 0.47144652214130495, 0.528553477858695]
[2.0, 0.0, 0.0, 1.0]
[2.0, 0.0, 0.0, 1.0]
[2.0, 0.0, 0.0, 1.0]
[2.0, 0.0, 0.0, 1.0]
[2.0, 0.0, 0.0, 1.0]
[2.0, 0.0, 0.0, 1.0]
[2.0, 0.0, 0.0, 1.0]
[2.0, 0.0, 0.0, 1.0]
[2.0, 0.0, 0.0, 1.0]
[2.0, 0.0, 0.0, 1.0]
[2.0, 0.0, 0.0, 1.0]
[2.0, 0.0, 0.0, 1.0]
[2.0, 0.0, 0.18142171826593093, 0.8185782817340691]
[2.0, 0.0, 0.0, 1.0]
[2.0, 0.0, 0.0, 1.0]
[2.0, 0.0, 0.0, 1.0]
[2.0, 0.0, 0.05032822749234671, 0.9496717725076533]
[2.0, 0.0, 0.0, 1.0]
[2.0, 0.0, 0.0, 1.0]
[2.0, 0.0, 0.13930013425984308, 0.8606998657401569]
[2.0, 0.0, 0.13117870704595755, 0.8688212929540424]
[2.0, 0.0, 0.0, 1.0]
[2.0, 0.0, 0.19952038368448993, 0.8004796163155101]
[2.0, 0.0, 0.0, 1.0]
[2.0, 0.0, 0.0, 1.0]
[2.0, 0.0, 0.0, 1.0]
[2.0, 0.0, 0.23463056964411866, 0.7653694303558813]
[2.0, 0.0, 0.14964028776336744, 0.8503597122366325]
[2.0, 0.0, 0.0, 1.0]
[2.0, 0.0, 0.0, 1.0]
[2.0, 0.0, 0.0, 1.0]
[2.0, 0.0, 0.24958895042570012, 0.7504110495742999]
[2.0, 0.0, 0.0, 1.0]
[2.0, 0.0, 0.0, 1.0]
[2.0, 0.0, 0.091451292116479, 0.908548707883521]
[2.0, 0.0, 0.0, 1.0]
[2.0, 0.0, 0.0, 1.0]
[2.0, 0.0, 0.0, 1.0]
[2.0, 0.0, 0.04791666659526527, 0.9520833334047347]
[2.0, 0.0, 0.0, 1.0]
[2.0, 0.0, 0.0, 1.0]
[2.0, 0.0, 0.0, 1.0]
[2.0, 0.0, 0.02878598242655985, 0.9712140175734402]
