[92.98976060226833, 0.0]
[-1.2896656941055227, 0.0]
[-1.24007826532568, 0.0]
java.lang.ArrayIndexOutOfBoundsException
[-0.6167940294460994, 0.0]
[92.98976060226833, 0.0]
[1.883400076376924E9, 0.0]
[1.883400058846656E19, 0.0]
[1.883400058846654E29, 0.0]
[1.8834000588466554E39, 0.0]
[1.8834000588466532E49, 0.0]
[1.8834000588466553E59, 0.0]
[1.883400058846654E69, 0.0]
[1.883400058846655E79, 0.0]
[1.8834000588466548E89, 0.0]
[1.8834000588466567E99, 0.0]
[1.883400058846654E109, 0.0]
[1.8834000588466553E119, 0.0]
[1.883400058846656E129, 0.0]
[1.8834000588466551E139, 0.0]
[1.883400058846656E149, 0.0]
[1.883400058846655E159, 0.0]
[1.8834000588466562E169, 0.0]
[1.8834000588466532E179, 0.0]
[1.8834000588466544E189, 0.0]
[1.883400058846655E199, 0.0]
[-1.2896656941055227]
