[97.99206350277733, 0.0]
[2.6426371277543854, 0.0]
[2.4545469322669984, 0.0]
[3.4805761960886246, 0.0]
[2.4842368438211313, 0.0]
[4.806224470395448, 0.0]
[2.526354011059869, 0.0]
[12.574718129225936, 0.0]
[7.4080138551386785, 0.0]
[2.7398477400636807, 0.0]
[12.869244389336796, 0.0]
[16.760494606386334, 0.0]
[2.6495550447748535, 0.0]
[2.7027821734921957, 0.0]
[97.99206350277733, 0.0]
[12.574718129225936, 0.0]
[2.532057325146921, 0.0]
[12.105049725052426, 0.0]
[12.574718129225936, 0.0]
[2.7027821734921957, 0.0]
[12.148134393538378, 0.0]
[98.06123833053458, 0.0]
[12.380486286776668, 0.0]
[2.4543944718533286, 0.0]
[2.6432909504650297, 0.0]
[2.6661617714939325, 0.0]
[2.6487232003352545, 0.0]
[3.5277565196952674, 0.0]
[3.1106112174726173, 0.0]
[2.4543944718533286, 0.0]
[12.626380396280513, 0.0]
[2.6495550447748535, 0.0]
[2.4545469322669984, 0.0]
[2.48314559929341, 0.0]
[12.087606698405612, 0.0]
[2.4543944718533286, 0.0]
[7.4080138551386785, 0.0]
[13.447911630038044, 0.0]
[3.1666739396285575, 0.0]
[2.6495550447748535, 0.0]
