[0.0, 0.8143077299665902, 0.1856922700334099]
[0.0, 0.979629166936571, 0.02037083306342905]
[0.0, 0.979629166936571, 0.02037083306342905]
[0.0, 0.979629166936571, 0.02037083306342905]
java.lang.ArrayIndexOutOfBoundsException
java.lang.ArrayIndexOutOfBoundsException
java.lang.ArrayIndexOutOfBoundsException
[0.0, 0.9362246622437252, 0.06377533775627467]
[0.0, 0.9362246622437252, 0.06377533775627467]
[0.0, 0.9362246622437252, 0.06377533775627467]
[0.0, 0.9362246622437252, 0.06377533775627467]
[0.0, 0.9362246622437252, 0.06377533775627467]
[0.0, 0.9362246622437252, 0.06377533775627467]
[0.0, 0.9362246622437252, 0.06377533775627467]
[0.0, 0.9362246622437252, 0.06377533775627467]
[0.0, 0.9362246622437252, 0.06377533775627467]
[0.0, 0.9362246622437252, 0.06377533775627467]
[0.0, 0.9362246622437252, 0.06377533775627467]
[0.0, 0.9362246622437252, 0.06377533775627467]
[0.0, 0.9362246622437252, 0.06377533775627467]
[0.0, 0.9362246622437252, 0.06377533775627467]
[0.0, 0.9362246622437252, 0.06377533775627467]
[0.0, 0.9362246622437252, 0.06377533775627467]
[0.0, 0.9362246622437252, 0.06377533775627467]
[0.0, 0.9362246622437252, 0.06377533775627467]
[0.0, 0.9362246622437252, 0.06377533775627467]
[0.0, 0.9362246622437252, 0.06377533775627467]
java.lang.ArrayIndexOutOfBoundsException
