[1.0, 0.0, 0.9982486864399899, 0.0017513135600101763]
[0.0, 0.9994739610505953, 0.0, 5.260389494046831E-4]
[0.0, 0.9994739610505953, 0.0, 5.260389494046831E-4]
[2.0, 0.4101707318633208, 0.12305121955899624, 0.46677804857768296]
java.lang.ArrayIndexOutOfBoundsException
java.lang.ArrayIndexOutOfBoundsException
java.lang.ArrayIndexOutOfBoundsException
java.lang.ArrayIndexOutOfBoundsException
[2.0, 0.0, 0.0, 1.0]
[2.0, 0.0, 0.0, 1.0]
[2.0, 0.0, 0.0, 1.0]
[2.0, 0.0, 0.0, 1.0]
[2.0, 0.0, 0.0, 1.0]
[2.0, 0.0, 0.0, 1.0]
[2.0, 0.0, 0.0, 1.0]
[2.0, 0.0, 0.0, 1.0]
[2.0, 0.0, 0.0, 1.0]
[2.0, 0.0, 0.0, 1.0]
[2.0, 0.0, 0.0, 1.0]
[2.0, 0.0, 0.0, 1.0]
[2.0, 0.0, 0.0, 1.0]
[2.0, 0.0, 0.0, 1.0]
[2.0, 0.0, 0.0, 1.0]
[2.0, 0.0, 0.0, 1.0]
[2.0, 0.0, 0.0, 1.0]
[2.0, 0.0, 0.0, 1.0]
[2.0, 0.0, 0.0, 1.0]
[2.0, 0.0, 0.0, 1.0]
java.lang.ArrayIndexOutOfBoundsException
