[0.0, 0.9994739610505953, 0.0, 5.260389494046831E-4]
[0.0, 0.9994739610505953, 0.0, 5.260389494046831E-4]
[0.0, 0.9994739610505953, 0.0, 5.260389494046831E-4]
[0.0, 0.9994739610505953, 0.0, 5.260389494046831E-4]
[0.0, 0.9994739610505953, 0.0, 5.260389494046831E-4]
[0.0, 0.9994739610505953, 0.0, 5.260389494046831E-4]
[0.0, 0.9994739610505953, 0.0, 5.260389494046831E-4]
[0.0, 0.9994739610505953, 0.0, 5.260389494046831E-4]
[0.0, 0.9994739610505953, 0.0, 5.260389494046831E-4]
[0.0, 0.9994739610505953, 0.0, 5.260389494046831E-4]
[0.0, 0.9994739610505953, 0.0, 5.260389494046831E-4]
[0.0, 0.9994739610505953, 0.0, 5.260389494046831E-4]
[0.0, 0.9994739610505953, 0.0, 5.260389494046831E-4]
[0.0, 0.9994739610505953, 0.0, 5.260389494046831E-4]
[0.0, 0.9994739610505953, 0.0, 5.260389494046831E-4]
[0.0, 0.9994739610505953, 0.0, 5.260389494046831E-4]
[0.0, 0.9994739610505953, 0.0, 5.260389494046831E-4]
[0.0, 0.9994739610505953, 0.0, 5.260389494046831E-4]
[0.0, 0.9994739610505953, 0.0, 5.260389494046831E-4]
[0.0, 0.9994739610505953, 0.0, 5.260389494046831E-4]
[0.0, 0.9994739610505953, 0.0, 5.260389494046831E-4]
[0.0, 0.9994739610505953, 0.0, 5.260389494046831E-4]
[0.0, 0.9994739610505953, 0.0, 5.260389494046831E-4]
[0.0, 0.9994739610505953, 0.0, 5.260389494046831E-4]
[0.0, 0.9994739610505953, 0.0, 5.260389494046831E-4]
[0.0, 0.9994739610505953, 0.0, 5.260389494046831E-4]
[0.0, 0.9994739610505953, 0.0, 5.260389494046831E-4]
[0.0, 0.9994739610505953, 0.0, 5.260389494046831E-4]
[0.0, 0.9994739610505953, 0.0, 5.260389494046831E-4]
[0.0, 0.9994739610505953, 0.0, 5.260389494046831E-4]
[0.0, 0.9994739610505953, 0.0, 5.260389494046831E-4]
[0.0, 0.9994739610505953, 0.0, 5.260389494046831E-4]
[0.0, 0.9994739610505953, 0.0, 5.260389494046831E-4]
[0.0, 0.9994739610505953, 0.0, 5.260389494046831E-4]
[0.0, 0.9994739610505953, 0.0, 5.260389494046831E-4]
[0.0, 0.9994739610505953, 0.0, 5.260389494046831E-4]
[0.0, 0.9994739610505953, 0.0, 5.260389494046831E-4]
[0.0, 0.9994739610505953, 0.0, 5.260389494046831E-4]
[0.0, 0.9994739610505953, 0.0, 5.260389494046831E-4]
[0.0, 0.9994739610505953, 0.0, 5.260389494046831E-4]
[0.0, 0.9994739610505953, 0.0, 5.260389494046831E-4]
[0.0, 0.9994739610505953, 0.0, 5.260389494046831E-4]
[0.0, 0.9994739610505953, 0.0, 5.260389494046831E-4]
[0.0, 0.9994739610505953, 0.0, 5.260389494046831E-4]
[0.0, 0.9994739610505953, 0.0, 5.260389494046831E-4]
[0.0, 0.9994739610505953, 0.0, 5.260389494046831E-4]
[0.0, 0.9994739610505953, 0.0, 5.260389494046831E-4]
[0.0, 0.9994739610505953, 0.0, 5.260389494046831E-4]
[0.0, 0.9994739610505953, 0.0, 5.260389494046831E-4]
[0.0, 0.9994739610505953, 0.0, 5.260389494046831E-4]
[1.0, 0.0, 0.9519038075947994, 0.04809619240520058]
[1.0, 0.0, 0.9994739610505953, 5.260389494046831E-4]
[1.0, 0.0, 0.95, 0.05]
[1.0, 0.0, 0.9994739610505953, 5.260389494046831E-4]
[1.0, 0.0, 0.9994739610505953, 5.260389494046831E-4]
[1.0, 0.0, 0.9994739610505953, 5.260389494046831E-4]
[1.0, 0.0, 0.9519038075947994, 0.04809619240520058]
[1.0, 0.0, 0.9993811880923179, 6.188119076821337E-4]
[1.0, 0.0, 0.9994739610505953, 5.260389494046831E-4]
[1.0, 0.0, 0.9994462901202563, 5.537098797436972E-4]
[1.0, 0.0, 0.9994739610505953, 5.260389494046831E-4]
[1.0, 0.0, 0.9994739610505953, 5.260389494046831E-4]
[1.0, 0.0, 0.9994739610505953, 5.260389494046831E-4]
[1.0, 0.0, 0.9994739610505953, 5.260389494046831E-4]
[1.0, 0.0, 0.9994739610505953, 5.260389494046831E-4]
[1.0, 0.0, 0.9994739610505953, 5.260389494046831E-4]
[1.0, 0.0, 0.9994739610505953, 5.260389494046831E-4]
[1.0, 0.0, 0.9994739610505953, 5.260389494046831E-4]
[1.0, 0.0, 0.9043086172150594, 0.09569138278494055]
[1.0, 0.0, 0.9994739610505953, 5.260389494046831E-4]
[1.0, 0.0, 0.514750762221407, 0.48524923777859297]
[1.0, 0.0, 0.9994739610505953, 5.260389494046831E-4]
[1.0, 0.0, 0.7222222222222222, 0.2777777777777778]
[1.0, 0.0, 0.9519038075947994, 0.04809619240520058]
[1.0, 0.0, 0.9994739610505953, 5.260389494046831E-4]
[1.0, 0.0, 0.9994739610505953, 5.260389494046831E-4]
[1.0, 0.0, 0.9444444444444444, 0.05555555555555555]
[1.0, 0.0, 0.5555555555555556, 0.4444444444444444]
[1.0, 0.0, 0.9994739610505953, 5.260389494046831E-4]
[1.0, 0.0, 0.9994739610505953, 5.260389494046831E-4]
[1.0, 0.0, 0.9994739610505953, 5.260389494046831E-4]
[1.0, 0.0, 0.9994739610505953, 5.260389494046831E-4]
[1.0, 0.0, 0.9994739610505953, 5.260389494046831E-4]
[1.0, 0.0, 0.6, 0.4]
[1.0, 0.04759519037973997, 0.9519038075947994, 5.010020254606087E-4]
[1.0, 0.0, 0.9994739610505953, 5.260389494046831E-4]
[1.0, 0.0, 0.9994739610505953, 5.260389494046831E-4]
[1.0, 0.0, 0.9994739610505953, 5.260389494046831E-4]
[1.0, 0.0, 0.9994739610505953, 5.260389494046831E-4]
[1.0, 0.0, 0.9994739610505953, 5.260389494046831E-4]
[1.0, 0.0, 0.9994739610505953, 5.260389494046831E-4]
[1.0, 0.0, 0.9994739610505953, 5.260389494046831E-4]
[1.0, 0.0, 0.9994739610505953, 5.260389494046831E-4]
[1.0, 0.0, 0.9994739610505953, 5.260389494046831E-4]
[1.0, 0.0, 0.9994739610505953, 5.260389494046831E-4]
[1.0, 0.0, 0.9994739610505953, 5.260389494046831E-4]
[1.0, 0.0, 0.9994739610505953, 5.260389494046831E-4]
[1.0, 0.0, 0.9994739610505953, 5.260389494046831E-4]
[1.0, 0.0, 0.9994739610505953, 5.260389494046831E-4]
[1.0, 0.0, 0.9994739610505953, 5.260389494046831E-4]
[2.0, 0.0, 0.0, 1.0]
[2.0, 0.0, 0.0, 1.0]
[2.0, 0.0, 0.0, 1.0]
[2.0, 0.0, 0.0, 1.0]
[2.0, 0.0, 0.0, 1.0]
[2.0, 0.0, 0.0, 1.0]
[2.0, 0.0, 0.2998421883151786, 0.7001578116848214]
[2.0, 0.0, 0.0, 1.0]
[2.0, 0.0, 0.04791666659526527, 0.9520833334047347]
[2.0, 0.0, 0.0, 1.0]
[2.0, 0.0, 0.0, 1.0]
[2.0, 0.0, 0.0, 1.0]
[2.0, 0.0, 0.0, 1.0]
[2.0, 0.0, 0.04791666659526527, 0.9520833334047347]
[2.0, 0.0, 0.0, 1.0]
[2.0, 0.0, 0.0, 1.0]
[2.0, 0.0, 0.0, 1.0]
[2.0, 0.0, 0.0, 1.0]
[2.0, 0.0, 0.0, 1.0]
[2.0, 0.0, 0.2727272727272727, 0.7272727272727273]
[2.0, 0.0, 0.0, 1.0]
[2.0, 0.0, 0.04791666659526527, 0.9520833334047347]
[2.0, 0.0, 0.0, 1.0]
[2.0, 0.0, 0.0, 1.0]
[2.0, 0.0, 0.0, 1.0]
[2.0, 0.0, 0.0, 1.0]
[2.0, 0.0, 0.05162738487782989, 0.9483726151221701]
[2.0, 0.0, 0.09583333319053054, 0.9041666668094694]
[2.0, 0.0, 0.0, 1.0]
[2.0, 0.0, 0.17647058823529413, 0.8235294117647058]
[2.0, 0.0, 0.0, 1.0]
[2.0, 0.0, 0.0, 1.0]
[2.0, 0.0, 0.0, 1.0]
[2.0, 0.0, 0.15, 0.85]
[2.0, 0.0, 0.1, 0.9]
[2.0, 0.0, 0.0, 1.0]
[2.0, 0.0, 0.0, 1.0]
[2.0, 0.0, 0.0, 1.0]
[2.0, 0.0, 0.20650953951131956, 0.7934904604886804]
[2.0, 0.0, 0.0, 1.0]
[2.0, 0.0, 0.0, 1.0]
[2.0, 0.0, 0.0, 1.0]
[2.0, 0.0, 0.0, 1.0]
[2.0, 0.0, 0.0, 1.0]
[2.0, 0.0, 0.0, 1.0]
[2.0, 0.0, 0.0, 1.0]
[2.0, 0.0, 0.091451292116479, 0.908548707883521]
[2.0, 0.0, 0.0, 1.0]
[2.0, 0.0, 0.0, 1.0]
[2.0, 0.0, 0.05032822749234671, 0.9496717725076533]
