[23.297754287719727, 0.0]
[20.892425537109375, 0.0]
[20.892425537109375, 0.0]
[20.892425537109375, 0.0]
java.lang.ArrayIndexOutOfBoundsException
java.lang.ArrayIndexOutOfBoundsException
java.lang.ArrayIndexOutOfBoundsException
java.lang.ArrayIndexOutOfBoundsException
java.lang.ArrayIndexOutOfBoundsException
java.lang.ArrayIndexOutOfBoundsException
[21.53778839111328, 0.0]
[21.53778839111328, 0.0]
[21.53778839111328, 0.0]
[21.53778839111328, 0.0]
[21.53778839111328, 0.0]
[21.53778839111328, 0.0]
[21.53778839111328, 0.0]
[21.53778839111328, 0.0]
[21.53778839111328, 0.0]
[21.53778839111328, 0.0]
[21.53778839111328, 0.0]
[21.53778839111328, 0.0]
[21.53778839111328, 0.0]
[21.53778839111328, 0.0]
[21.53778839111328, 0.0]
[21.53778839111328, 0.0]
[21.53778839111328, 0.0]
[21.53778839111328, 0.0]
[21.53778839111328, 0.0]
[21.53778839111328, 0.0]
[20.892425537109375]
