[2998.47021484375, 0.0]
[2998.47021484375, 0.0]
[2543.13720703125, 0.0]
java.lang.ArrayIndexOutOfBoundsException
[539.7133178710938, 0.0]
[463.7530517578125, 0.0]
[463.7530517578125, 0.0]
[462.5146179199219, 0.0]
[457.4920654296875, 0.0]
[457.67486572265625, 0.0]
[610.744384765625, 0.0]
[2545.081787109375, 0.0]
[12.232562065124512, 0.0]
[12.232562065124512, 0.0]
[12.232562065124512, 0.0]
[12.232562065124512, 0.0]
[12.232562065124512, 0.0]
[12.232562065124512, 0.0]
[12.232562065124512, 0.0]
[12.232562065124512, 0.0]
[12.232562065124512, 0.0]
[12.232562065124512, 0.0]
[12.232562065124512, 0.0]
[12.232562065124512, 0.0]
[12.232562065124512, 0.0]
[12.232562065124512, 0.0]
[12.232562065124512, 0.0]
[12.232562065124512, 0.0]
[12.232562065124512, 0.0]
[12.232562065124512, 0.0]
[12.232562065124512, 0.0]
[12.232562065124512, 0.0]
[2998.47021484375]
